   0.0000000e+00   1.0000000e+00   6.0379960e-01   4.6948041e-02
   8.0000000e-03   9.8784151e-01   6.0365596e-01   3.7906209e-02
   1.6000000e-02   9.8683617e-01   6.0351235e-01   4.0620901e-02
   2.4000000e-02   9.8195013e-01   6.0336878e-01   3.8642918e-02
   3.2000000e-02   9.7234892e-01   6.0322525e-01   4.0182996e-02
   4.0000000e-02   9.8153335e-01   6.0308175e-01   4.7164882e-02
   4.8000000e-02   9.7618481e-01   6.0293828e-01   3.2107928e-02
   5.6000000e-02   9.6827267e-01   6.0279484e-01   4.5737342e-02
   6.4000000e-02   9.7137617e-01   6.0265144e-01   3.7198984e-02
   7.2000000e-02   9.5900687e-01   6.0250808e-01   3.1369763e-02
   8.0000000e-02   9.4600621e-01   6.0236475e-01   3.8379482e-02
   8.8000000e-02   9.4702066e-01   6.0222145e-01   3.0492192e-02
   9.6000000e-02   9.4758722e-01   6.0207819e-01   3.9110924e-02
   1.0400000e-01   9.4273725e-01   6.0193496e-01   3.9319159e-02
   1.1200000e-01   9.3009483e-01   6.0179176e-01   3.1461981e-02
   1.2000000e-01   9.2389332e-01   6.0164860e-01   2.9990161e-02
   1.2800000e-01   9.1640954e-01   6.0150548e-01   3.3012447e-02
   1.3600000e-01   9.1120611e-01   6.0136238e-01   2.3595676e-02
   1.4400000e-01   9.1087339e-01   6.0121932e-01   3.0536073e-02
   1.5200000e-01   9.1248155e-01   6.0107630e-01   2.9575422e-02
   1.6000000e-01   8.9301375e-01   6.0093331e-01   3.0271463e-02
   1.6800000e-01   8.9387848e-01   6.0079035e-01   2.7809751e-02
   1.7600000e-01   8.8357018e-01   6.0064743e-01   3.7081077e-02
   1.8400000e-01   8.8021692e-01   6.0050454e-01   2.8753039e-02
   1.9200000e-01   8.8088197e-01   6.0036169e-01   2.9342599e-02
   2.0000000e-01   8.7344819e-01   6.0021887e-01   2.3254310e-02
   2.0800000e-01   8.5555822e-01   6.0007608e-01   3.4622916e-02
   2.1600000e-01   8.6496829e-01   5.9993333e-01   3.0789450e-02
   2.2400000e-01   8.4571827e-01   5.9979061e-01   2.2543187e-02
   2.3200000e-01   8.4137151e-01   5.9964792e-01   2.3702952e-02
   2.4000000e-01   8.3184102e-01   5.9950527e-01   2.9259507e-02
   2.4800000e-01   8.3572553e-01   5.9936265e-01   2.1361845e-02
   2.5600000e-01   8.2626066e-01   5.9922007e-01   1.8950688e-02
   2.6400000e-01   8.2056061e-01   5.9907752e-01   1.8513399e-02
   2.7200000e-01   8.1238314e-01   5.9893501e-01   2.6816007e-02
   2.8000000e-01   8.0570831e-01   5.9879253e-01   2.3176373e-02
   2.8800000e-01   8.0346607e-01   5.9865008e-01   1.7160643e-02
   2.9600000e-01   8.0525474e-01   5.9850766e-01   2.3462101e-02
   3.0400000e-01   7.8524242e-01   5.9836528e-01   2.0906009e-02
   3.1200000e-01   7.8285113e-01   5.9822294e-01   1.3818233e-02
   3.2000000e-01   7.7374368e-01   5.9808063e-01   1.4920716e-02
   3.2800000e-01   7.5718749e-01   5.9793835e-01   2.0268295e-02
   3.3600000e-01   7.5995120e-01   5.9779610e-01   1.3629046e-02
   3.4400000e-01   7.5495571e-01   5.9765389e-01   1.8422366e-02
   3.5200000e-01   7.5514801e-01   5.9751172e-01   1.3473474e-02
   3.6000000e-01   7.3610726e-01   5.9736957e-01   1.1625019e-02
   3.6800000e-01   7.3289960e-01   5.9722747e-01   1.3026009e-02
   3.7600000e-01   7.2290364e-01   5.9708539e-01   1.9967453e-02
   3.8400000e-01   7.2078933e-01   5.9694335e-01   1.1952324e-02
   3.9200000e-01   7.2560339e-01   5.9680134e-01   1.7311935e-02
   4.0000000e-01   7.1377599e-01   5.9665937e-01   1.1454245e-02
   4.0800000e-01   7.0884613e-01   5.9651743e-01   1.2931634e-02
   4.1600000e-01   6.9837939e-01   5.9637552e-01   4.8572009e-03
   4.2400000e-01   6.9350081e-01   5.9623365e-01   4.9176734e-03
   4.3200000e-01   6.8741136e-01   5.9609181e-01   1.2739123e-02
   4.4000000e-01   6.7726766e-01   5.9595001e-01   7.8287468e-03
   4.4800000e-01   6.7703916e-01   5.9580823e-01   1.3735494e-02
   4.5600000e-01   6.7299793e-01   5.9566650e-01   1.3852828e-02
   4.6400000e-01   6.6775491e-01   5.9552479e-01   7.0800567e-03
   4.7200000e-01   6.6723821e-01   5.9538312e-01   8.8020655e-03
   4.8000000e-01   6.6318474e-01   5.9524149e-01   4.1011457e-03
   4.8800000e-01   6.6138211e-01   5.9509988e-01   6.1155587e-03
   4.9600000e-01   6.4157439e-01   5.9495832e-01   8.3138938e-03
   5.0400000e-01   6.4404634e-01   5.9481678e-01   2.2710351e-03
   5.1200000e-01   6.3908990e-01   5.9467528e-01   8.9063892e-03
   5.2000000e-01   6.4029259e-01   5.9453381e-01   5.2830529e-03
   5.2800000e-01   6.3204768e-01   5.9439238e-01   6.8602122e-03
   5.3600000e-01   6.2847312e-01   5.9425098e-01   1.1287366e-02
   5.4400000e-01   6.2710644e-01   5.9410961e-01  -6.0984677e-04
   5.5200000e-01   6.2251056e-01   5.9396828e-01   5.1230591e-03
   5.6000000e-01   6.2017674e-01   5.9382698e-01   1.8007863e-03
   5.6800000e-01   6.1781986e-01   5.9368571e-01  -5.0041673e-03
   5.7600000e-01   6.0503784e-01   5.9354448e-01   2.8623113e-03
   5.8400000e-01   5.9939912e-01   5.9340328e-01   4.6793794e-03
   5.9200000e-01   6.1160581e-01   5.9326211e-01   3.7689173e-03
   6.0000000e-01   6.0514789e-01   5.9312098e-01   3.5811891e-03
   6.0800000e-01   6.0497279e-01   5.9297988e-01   8.2018669e-03
   6.1600000e-01   5.9372008e-01   5.9283882e-01   2.4392174e-03
   6.2400000e-01   5.8912022e-01   5.9269779e-01  -5.2716389e-03
   6.3200000e-01   5.9201439e-01   5.9255679e-01  -3.6303142e-03
   6.4000000e-01   5.8214599e-01   5.9241582e-01   3.3015151e-03
   6.4800000e-01   5.8320439e-01   5.9227489e-01   6.4801745e-03
   6.5600000e-01   5.8166354e-01   5.9213400e-01   5.8819584e-03
   6.6400000e-01   5.7453236e-01   5.9199313e-01   1.5418858e-03
   6.7200000e-01   5.8197792e-01   5.9185230e-01   3.2584155e-03
   6.8000000e-01   5.7539093e-01   5.9171151e-01   9.0063037e-03
   6.8800000e-01   5.6188794e-01   5.9157074e-01   4.3001063e-04
   6.9600000e-01   5.5919801e-01   5.9143002e-01  -8.8294167e-03
   7.0400000e-01   5.6613213e-01   5.9128932e-01   7.1638551e-03
   7.1200000e-01   5.6660685e-01   5.9114866e-01   1.8275237e-03
   7.2000000e-01   5.6443322e-01   5.9100803e-01   7.0407260e-03
   7.2800000e-01   5.6622318e-01   5.9086743e-01  -3.4562356e-03
   7.3600000e-01   5.6798572e-01   5.9072687e-01  -3.5052975e-03
   7.4400000e-01   5.5339314e-01   5.9058634e-01  -2.2365934e-03
   7.5200000e-01   5.5678022e-01   5.9044585e-01   5.6540097e-03
   7.6000000e-01   5.5341338e-01   5.9030538e-01  -1.0180969e-02
   7.6800000e-01   5.5760654e-01   5.9016496e-01  -6.8361414e-03
   7.7600000e-01   5.5057244e-01   5.9002456e-01  -2.9927918e-03
   7.8400000e-01   5.4214408e-01   5.8988420e-01  -1.8097246e-03
   7.9200000e-01   5.4058335e-01   5.8974387e-01  -5.6385471e-03
   8.0000000e-01   5.4383529e-01   5.8960358e-01  -6.9080799e-04
   8.0800000e-01   5.4029338e-01   5.8946331e-01  -4.8132100e-03
   8.1600000e-01   5.4881252e-01   5.8932309e-01  -9.2649542e-03
   8.2400000e-01   5.4230360e-01   5.8918289e-01   2.6043943e-03
   8.3200000e-01   5.4321438e-01   5.8904273e-01  -3.0242468e-03
   8.4000000e-01   5.4822418e-01   5.8890260e-01   1.4810265e-03
   8.4800000e-01   5.4321881e-01   5.8876251e-01   6.1092849e-03
   8.5600000e-01   5.4800344e-01   5.8862245e-01   9.5012802e-04
   8.6400000e-01   5.4225059e-01   5.8848242e-01   4.9396535e-03
   8.7200000e-01   5.4336872e-01   5.8834242e-01   2.7548280e-03
   8.8000000e-01   5.4357272e-01   5.8820246e-01  -1.7180909e-03
   8.8800000e-01   5.2912008e-01   5.8806253e-01  -3.8525191e-03
   8.9600000e-01   5.3211433e-01   5.8792264e-01   9.9356394e-04
   9.0400000e-01   5.4364534e-01   5.8778278e-01   1.0358664e-03
   9.1200000e-01   5.3903625e-01   5.8764295e-01  -6.9655821e-04
   9.2000000e-01   5.4089632e-01   5.8750315e-01   2.7213378e-03
   9.2800000e-01   5.3887634e-01   5.8736339e-01  -1.7901881e-03
   9.3600000e-01   5.4016542e-01   5.8722366e-01   3.9855520e-04
   9.4400000e-01   5.4259982e-01   5.8708397e-01  -7.7599554e-03
   9.5200000e-01   5.4688503e-01   5.8694431e-01   4.8755850e-03
   9.6000000e-01   5.4313097e-01   5.8680468e-01  -1.0058842e-02
   9.6800000e-01   5.4063062e-01   5.8666508e-01   1.3679690e-03
   9.7600000e-01   5.4022154e-01   5.8652552e-01  -4.4816539e-03
   9.8400000e-01   5.5050227e-01   5.8638599e-01  -6.7106815e-03
   9.9200000e-01   5.4216431e-01   5.8624649e-01  -7.7668356e-03
   1.0000000e+00   5.3568812e-01   5.8610703e-01  -5.6081521e-03
   1.0080000e+00   5.3934462e-01   5.8596760e-01  -8.7390308e-03
   1.0160000e+00   5.4006659e-01   5.8582821e-01  -4.1120767e-03
   1.0240000e+00   5.4162362e-01   5.8568884e-01  -4.6637722e-04
   1.0320000e+00   5.3759569e-01   5.8554951e-01   3.0584308e-03
   1.0400000e+00   5.4357325e-01   5.8541021e-01  -6.7157610e-03
   1.0480000e+00   5.4137954e-01   5.8527095e-01   2.7257719e-03
   1.0560000e+00   5.4238496e-01   5.8513172e-01   3.6410163e-03
   1.0640000e+00   5.4250171e-01   5.8499252e-01   5.5685981e-03
   1.0720000e+00   5.4507741e-01   5.8485336e-01   5.1298553e-03
   1.0800000e+00   5.4115758e-01   5.8471423e-01  -3.8618982e-03
   1.0880000e+00   5.4718146e-01   5.8457513e-01  -9.3370026e-04
   1.0960000e+00   5.4875967e-01   5.8443606e-01   4.9401411e-03
   1.1040000e+00   5.5458003e-01   5.8429703e-01   1.3965749e-03
   1.1120000e+00   5.4980420e-01   5.8415803e-01   4.0934369e-05
   1.1200000e+00   5.4200184e-01   5.8401907e-01   3.8689209e-03
   1.1280000e+00   5.5214547e-01   5.8388013e-01  -3.7556439e-03
   1.1360000e+00   5.5294628e-01   5.8374123e-01   2.0585967e-03
   1.1440000e+00   5.5228326e-01   5.8360237e-01   3.2586085e-03
   1.1520000e+00   5.5677635e-01   5.8346353e-01  -1.2127937e-03
   1.1600000e+00   5.5643951e-01   5.8332473e-01  -8.8752584e-04
   1.1680000e+00   5.5889896e-01   5.8318596e-01  -6.9803450e-04
   1.1760000e+00   5.5889906e-01   5.8304723e-01   6.4505142e-03
   1.1840000e+00   5.4969025e-01   5.8290853e-01   1.8052466e-03
   1.1920000e+00   5.6116432e-01   5.8276986e-01   2.3464561e-03
   1.2000000e+00   5.5586030e-01   5.8263122e-01   5.4846078e-03
   1.2080000e+00   5.5429628e-01   5.8249262e-01  -2.6641183e-03
   1.2160000e+00   5.6825614e-01   5.8235405e-01   6.9065957e-03
   1.2240000e+00   5.6376744e-01   5.8221551e-01   5.3627869e-03
   1.2320000e+00   5.6687646e-01   5.8207701e-01   1.6046153e-03
   1.2400000e+00   5.6004313e-01   5.8193854e-01  -3.1365403e-03
   1.2480000e+00   5.6410614e-01   5.8180010e-01   2.8036217e-03
   1.2560000e+00   5.7705364e-01   5.8166169e-01   6.7918592e-03
   1.2640000e+00   5.6925895e-01   5.8152332e-01  -5.0772285e-03
   1.2720000e+00   5.6112789e-01   5.8138498e-01   4.5011938e-03
   1.2800000e+00   5.7295417e-01   5.8124668e-01  -2.1224895e-03
   1.2880000e+00   5.7402893e-01   5.8110840e-01   2.0146546e-03
   1.2960000e+00   5.6986422e-01   5.8097016e-01   1.0886473e-03
   1.3040000e+00   5.7866879e-01   5.8083196e-01   5.0961318e-03
   1.3120000e+00   5.7917194e-01   5.8069378e-01   7.6989663e-03
   1.3200000e+00   5.7536860e-01   5.8055564e-01  -5.8647424e-04
   1.3280000e+00   5.6956506e-01   5.8041753e-01   4.6753996e-03
   1.3360000e+00   5.7557005e-01   5.8027945e-01   8.5916793e-04
   1.3440000e+00   5.7351323e-01   5.8014141e-01   4.7750010e-03
   1.3520000e+00   5.8068773e-01   5.8000340e-01   5.7674130e-03
   1.3600000e+00   5.7512491e-01   5.7986542e-01   4.7418408e-03
   1.3680000e+00   5.8554676e-01   5.7972748e-01   2.9793043e-04
   1.3760000e+00   5.8534990e-01   5.7958957e-01   1.4781501e-02
   1.3840000e+00   5.8350429e-01   5.7945169e-01   8.4537249e-03
   1.3920000e+00   5.8334484e-01   5.7931384e-01   3.7365030e-03
   1.4000000e+00   5.8079815e-01   5.7917603e-01  -3.1191925e-03
   1.4080000e+00   5.8375097e-01   5.7903825e-01   6.1251431e-03
   1.4160000e+00   5.8536407e-01   5.7890050e-01   2.3229822e-03
   1.4240000e+00   5.8613556e-01   5.7876278e-01  -4.8985657e-04
   1.4320000e+00   5.8718997e-01   5.7862510e-01   4.3532898e-03
   1.4400000e+00   5.9506861e-01   5.7848745e-01   1.2736046e-02
   1.4480000e+00   5.8531200e-01   5.7834983e-01  -8.4287187e-04
   1.4560000e+00   5.8209143e-01   5.7821225e-01  -2.2542803e-03
   1.4640000e+00   5.8508873e-01   5.7807470e-01   3.4074898e-03
   1.4720000e+00   5.8836147e-01   5.7793718e-01   2.2160601e-03
   1.4800000e+00   5.9290011e-01   5.7779969e-01   7.9050494e-04
   1.4880000e+00   5.9198447e-01   5.7766224e-01   7.6425234e-03
   1.4960000e+00   5.9513017e-01   5.7752482e-01   3.7084693e-03
   1.5040000e+00   5.8999626e-01   5.7738743e-01  -1.3044686e-03
   1.5120000e+00   5.9179230e-01   5.7725007e-01   3.1066805e-04
   1.5200000e+00   5.9703959e-01   5.7711275e-01   1.3979126e-03
   1.5280000e+00   5.8825730e-01   5.7697546e-01   2.2490705e-03
   1.5360000e+00   5.8069795e-01   5.7683820e-01  -1.6327273e-03
   1.5440000e+00   5.9515070e-01   5.7670098e-01   1.1817706e-03
   1.5520000e+00   5.8786893e-01   5.7656379e-01  -1.3701269e-03
   1.5600000e+00   5.9496857e-01   5.7642663e-01   3.5564503e-03
   1.5680000e+00   5.9367974e-01   5.7628950e-01   9.7077520e-04
   1.5760000e+00   5.8649833e-01   5.7615241e-01  -1.0329382e-03
   1.5840000e+00   5.9376090e-01   5.7601535e-01   8.6228275e-03
   1.5920000e+00   5.8502170e-01   5.7587832e-01   2.4300095e-03
   1.6000000e+00   5.8504701e-01   5.7574132e-01   1.8460274e-03
   1.6080000e+00   5.8869749e-01   5.7560436e-01   5.5550729e-03
   1.6160000e+00   5.9252356e-01   5.7546743e-01  -3.9225596e-04
   1.6240000e+00   5.8804620e-01   5.7533053e-01  -2.7041966e-04
   1.6320000e+00   5.9108607e-01   5.7519366e-01   5.0774470e-03
   1.6400000e+00   5.9479227e-01   5.7505683e-01   3.8010467e-04
   1.6480000e+00   5.9159957e-01   5.7492003e-01   1.6450350e-03
   1.6560000e+00   5.8840604e-01   5.7478326e-01   6.7893752e-03
   1.6640000e+00   5.8647580e-01   5.7464652e-01   7.4594867e-03
   1.6720000e+00   5.9267808e-01   5.7450982e-01   2.6695554e-04
   1.6800000e+00   5.9690939e-01   5.7437315e-01   1.4325314e-03
   1.6880000e+00   5.8411803e-01   5.7423651e-01   2.1178311e-03
   1.6960000e+00   5.8714486e-01   5.7409990e-01  -1.4485204e-03
   1.7040000e+00   5.9045447e-01   5.7396333e-01   8.0637019e-03
   1.7120000e+00   5.8086746e-01   5.7382679e-01   4.9684225e-04
   1.7200000e+00   5.8645579e-01   5.7369028e-01  -7.5894059e-03
   1.7280000e+00   5.7588683e-01   5.7355381e-01   3.8342249e-03
   1.7360000e+00   5.9300113e-01   5.7341736e-01  -1.9336402e-03
   1.7440000e+00   5.8250282e-01   5.7328095e-01   1.8837184e-04
   1.7520000e+00   5.8513107e-01   5.7314457e-01   1.0163332e-02
   1.7600000e+00   5.8654659e-01   5.7300823e-01   1.0730740e-02
   1.7680000e+00   5.8575448e-01   5.7287191e-01   3.3864118e-03
   1.7760000e+00   5.8189349e-01   5.7273563e-01   5.3030052e-03
   1.7840000e+00   5.9063283e-01   5.7259938e-01   8.9524903e-03
   1.7920000e+00   5.7751955e-01   5.7246317e-01   1.2482893e-03
   1.8000000e+00   5.8917780e-01   5.7232698e-01   2.7355408e-03
   1.8080000e+00   5.9036049e-01   5.7219083e-01   6.4558236e-04
   1.8160000e+00   5.8141080e-01   5.7205471e-01  -2.4243315e-04
   1.8240000e+00   5.7864698e-01   5.7191863e-01  -3.7772371e-03
   1.8320000e+00   5.7548313e-01   5.7178257e-01   4.0756454e-03
   1.8400000e+00   5.8637830e-01   5.7164655e-01   8.2865396e-03
   1.8480000e+00   5.8022361e-01   5.7151056e-01   8.6534647e-03
   1.8560000e+00   5.8497499e-01   5.7137460e-01   8.8950121e-03
   1.8640000e+00   5.7711150e-01   5.7123868e-01   5.6258696e-03
   1.8720000e+00   5.7723979e-01   5.7110278e-01   4.9298863e-03
   1.8800000e+00   5.7644123e-01   5.7096692e-01   2.2886477e-03
   1.8880000e+00   5.7575002e-01   5.7083110e-01   8.3640832e-03
   1.8960000e+00   5.7616209e-01   5.7069530e-01  -5.1892127e-03
   1.9040000e+00   5.7460120e-01   5.7055954e-01  -4.3636106e-04
   1.9120000e+00   5.7812777e-01   5.7042381e-01   6.1265957e-03
   1.9200000e+00   5.7661541e-01   5.7028811e-01   1.5893320e-03
   1.9280000e+00   5.6808416e-01   5.7015244e-01   3.5527377e-03
   1.9360000e+00   5.6640182e-01   5.7001681e-01  -1.8184634e-03
   1.9440000e+00   5.7450556e-01   5.6988121e-01  -1.3081693e-03
   1.9520000e+00   5.7006276e-01   5.6974564e-01   5.0624223e-03
   1.9600000e+00   5.7161492e-01   5.6961010e-01   4.3609035e-06
   1.9680000e+00   5.7443705e-01   5.6947459e-01   5.8468981e-03
   1.9760000e+00   5.7622792e-01   5.6933912e-01   7.2230114e-03
   1.9840000e+00   5.6682037e-01   5.6920368e-01   1.3106655e-03
   1.9920000e+00   5.6806176e-01   5.6906827e-01   2.8413668e-03
   2.0000000e+00   5.6211146e-01   5.6893289e-01   3.2500070e-03
   2.0080000e+00   5.6443564e-01   5.6879755e-01   3.1602364e-03
   2.0160000e+00   5.7165600e-01   5.6866224e-01  -6.5920096e-03
   2.0240000e+00   5.6718551e-01   5.6852696e-01   4.2722236e-03
   2.0320000e+00   5.6333843e-01   5.6839171e-01   3.1723275e-03
   2.0400000e+00   5.6379756e-01   5.6825650e-01  -1.3446432e-03
   2.0480000e+00   5.6547635e-01   5.6812131e-01  -9.4662503e-04
   2.0560000e+00   5.6780532e-01   5.6798616e-01   2.5367198e-03
   2.0640000e+00   5.6734002e-01   5.6785104e-01  -2.2751015e-03
   2.0720000e+00   5.6439520e-01   5.6771596e-01  -2.7356495e-05
   2.0800000e+00   5.6496349e-01   5.6758090e-01   1.1495939e-02
   2.0880000e+00   5.5759587e-01   5.6744588e-01   6.0117664e-03
   2.0960000e+00   5.6014250e-01   5.6731089e-01  -2.6011848e-03
   2.1040000e+00   5.6621961e-01   5.6717593e-01   6.0645558e-03
   2.1120000e+00   5.5600787e-01   5.6704100e-01   8.1965304e-03
   2.1200000e+00   5.6340366e-01   5.6690611e-01  -2.2290759e-03
   2.1280000e+00   5.5487892e-01   5.6677125e-01   3.7859800e-03
   2.1360000e+00   5.6550161e-01   5.6663642e-01   2.0778120e-03
   2.1440000e+00   5.5913805e-01   5.6650162e-01   7.6617825e-03
   2.1520000e+00   5.5819157e-01   5.6636685e-01   5.5482066e-03
   2.1600000e+00   5.6050239e-01   5.6623212e-01   5.8789283e-03
   2.1680000e+00   5.6219294e-01   5.6609742e-01   8.9491968e-03
   2.1760000e+00   5.5455497e-01   5.6596275e-01  -2.6080134e-03
   2.1840000e+00   5.7043054e-01   5.6582811e-01  -2.2995904e-03
   2.1920000e+00   5.5559653e-01   5.6569351e-01  -2.5781938e-03
   2.2000000e+00   5.5573338e-01   5.6555893e-01   1.5727717e-03
   2.2080000e+00   5.6429631e-01   5.6542439e-01   3.6847992e-03
   2.2160000e+00   5.6238345e-01   5.6528988e-01  -1.5643438e-04
   2.2240000e+00   5.5176050e-01   5.6515541e-01  -6.1401657e-03
   2.2320000e+00   5.5703671e-01   5.6502096e-01  -5.1335643e-03
   2.2400000e+00   5.5835106e-01   5.6488655e-01  -7.1180026e-03
   2.2480000e+00   5.4733292e-01   5.6475216e-01   3.9471911e-03
   2.2560000e+00   5.4793091e-01   5.6461782e-01   4.4422149e-03
   2.2640000e+00   5.5621240e-01   5.6448350e-01   5.6706217e-03
   2.2720000e+00   5.6101726e-01   5.6434921e-01   3.4745433e-03
   2.2800000e+00   5.5646219e-01   5.6421496e-01   2.7279802e-04
   2.2880000e+00   5.5719368e-01   5.6408074e-01   8.4888832e-03
   2.2960000e+00   5.5394513e-01   5.6394655e-01  -4.7635565e-03
   2.3040000e+00   5.5535658e-01   5.6381239e-01   1.2148147e-03
   2.3120000e+00   5.4789436e-01   5.6367826e-01  -6.7372250e-03
   2.3200000e+00   5.5488434e-01   5.6354417e-01   3.2308328e-03
   2.3280000e+00   5.6449870e-01   5.6341011e-01   6.7578414e-04
   2.3360000e+00   5.5736210e-01   5.6327608e-01   1.7654793e-03
   2.3440000e+00   5.5036317e-01   5.6314208e-01   1.1923606e-03
   2.3520000e+00   5.6077710e-01   5.6300811e-01   1.8404839e-03
   2.3600000e+00   5.5154508e-01   5.6287418e-01  -1.0176374e-02
   2.3680000e+00   5.6463014e-01   5.6274027e-01  -2.7442097e-03
   2.3760000e+00   5.5660371e-01   5.6260640e-01  -1.3324381e-03
   2.3840000e+00   5.4944417e-01   5.6247256e-01  -6.1334905e-03
   2.3920000e+00   5.5696483e-01   5.6233876e-01  -3.7212714e-03
   2.4000000e+00   5.5387300e-01   5.6220498e-01  -3.3590094e-03
   2.4080000e+00   5.5964310e-01   5.6207124e-01  -5.3655248e-04
   2.4160000e+00   5.5201472e-01   5.6193753e-01   3.4574988e-03
   2.4240000e+00   5.5781563e-01   5.6180385e-01  -6.3667657e-03
   2.4320000e+00   5.5791748e-01   5.6167020e-01   7.2719122e-03
   2.4400000e+00   5.5545960e-01   5.6153658e-01   2.8725971e-03
   2.4480000e+00   5.6423038e-01   5.6140300e-01  -1.7229830e-03
   2.4560000e+00   5.5512672e-01   5.6126944e-01  -2.5513225e-03
   2.4640000e+00   5.5173404e-01   5.6113592e-01  -1.6647307e-03
   2.4720000e+00   5.5665341e-01   5.6100243e-01   2.1759035e-03
   2.4800000e+00   5.6377420e-01   5.6086898e-01   5.0121282e-03
   2.4880000e+00   5.5170570e-01   5.6073555e-01  -2.2656623e-03
   2.4960000e+00   5.6108938e-01   5.6060216e-01  -1.2511711e-03
   2.5040000e+00   5.5676574e-01   5.6046879e-01   9.4168983e-03
   2.5120000e+00   5.5322901e-01   5.6033546e-01   4.0778875e-03
   2.5200000e+00   5.4709060e-01   5.6020217e-01  -2.4931354e-03
   2.5280000e+00   5.5953139e-01   5.6006890e-01  -2.0074039e-04
   2.5360000e+00   5.5667552e-01   5.5993566e-01  -5.1626447e-03
   2.5440000e+00   5.5540241e-01   5.5980246e-01  -2.1833230e-03
   2.5520000e+00   5.6033428e-01   5.5966929e-01   2.7803254e-03
   2.5600000e+00   5.4703360e-01   5.5953615e-01  -4.5709830e-03
   2.5680000e+00   5.5548409e-01   5.5940304e-01   4.3964291e-04
   2.5760000e+00   5.5682929e-01   5.5926996e-01   5.4433089e-03
   2.5840000e+00   5.5128256e-01   5.5913692e-01  -5.9233604e-03
   2.5920000e+00   5.5108320e-01   5.5900390e-01  -4.2848857e-03
   2.6000000e+00   5.6062134e-01   5.5887092e-01  -2.2563430e-04
   2.6080000e+00   5.5460709e-01   5.5873797e-01  -9.4836899e-04
   2.6160000e+00   5.6069552e-01   5.5860505e-01   8.2682649e-03
   2.6240000e+00   5.6699776e-01   5.5847216e-01  -1.3658984e-03
   2.6320000e+00   5.5076196e-01   5.5833931e-01   5.7580149e-03
   2.6400000e+00   5.6348413e-01   5.5820648e-01   5.7038623e-03
   2.6480000e+00   5.5472781e-01   5.5807369e-01   7.2005895e-03
   2.6560000e+00   5.5219903e-01   5.5794093e-01   4.1414103e-03
   2.6640000e+00   5.5392424e-01   5.5780820e-01  -3.9491881e-04
   2.6720000e+00   5.5161962e-01   5.5767550e-01  -4.0790792e-03
   2.6800000e+00   5.5021934e-01   5.5754284e-01  -5.6567898e-04
   2.6880000e+00   5.4562237e-01   5.5741020e-01  -6.4201057e-03
   2.6960000e+00   5.5881416e-01   5.5727760e-01  -6.4303651e-03
   2.7040000e+00   5.5580890e-01   5.5714503e-01   7.5054667e-03
   2.7120000e+00   5.5582142e-01   5.5701249e-01   3.4843762e-04
   2.7200000e+00   5.6014064e-01   5.5687998e-01  -4.3705633e-03
   2.7280000e+00   5.5798141e-01   5.5674750e-01   4.8726761e-03
   2.7360000e+00   5.5927484e-01   5.5661506e-01  -6.9387498e-03
   2.7440000e+00   5.5916480e-01   5.5648264e-01  -2.6298617e-03
   2.7520000e+00   5.6283601e-01   5.5635026e-01   3.5011648e-03
   2.7600000e+00   5.5783728e-01   5.5621791e-01   6.9915447e-03
   2.7680000e+00   5.6286171e-01   5.5608559e-01   6.0521062e-03
   2.7760000e+00   5.5906991e-01   5.5595330e-01  -7.3150254e-03
   2.7840000e+00   5.4634615e-01   5.5582105e-01  -7.9862451e-03
   2.7920000e+00   5.5621563e-01   5.5568882e-01   7.4183342e-06
   2.8000000e+00   5.5058014e-01   5.5555663e-01  -9.1558818e-03
   2.8080000e+00   5.5291942e-01   5.5542447e-01  -6.7995676e-03
   2.8160000e+00   5.6048328e-01   5.5529234e-01  -7.4470538e-04
   2.8240000e+00   5.4994090e-01   5.5516024e-01   2.5336300e-04
   2.8320000e+00   5.5483492e-01   5.5502817e-01  -1.9151166e-04
   2.8400000e+00   5.5404096e-01   5.5489613e-01   1.2134361e-02
   2.8480000e+00   5.5602607e-01   5.5476413e-01  -1.7863728e-03
   2.8560000e+00   5.5806029e-01   5.5463216e-01  -2.8151906e-05
   2.8640000e+00   5.5351547e-01   5.5450021e-01  -8.0578842e-03
   2.8720000e+00   5.5593422e-01   5.5436830e-01  -1.3779016e-03
   2.8800000e+00   5.5792784e-01   5.5423642e-01   6.3294739e-03
   2.8880000e+00   5.4742035e-01   5.5410458e-01   6.3064108e-03
   2.8960000e+00   5.5400068e-01   5.5397276e-01  -2.9279575e-03
   2.9040000e+00   5.4709318e-01   5.5384097e-01  -3.0473397e-03
   2.9120000e+00   5.4998139e-01   5.5370922e-01  -3.6372692e-03
   2.9200000e+00   5.4697414e-01   5.5357750e-01   7.3252372e-04
   2.9280000e+00   5.4852518e-01   5.5344581e-01   9.3506131e-03
   2.9360000e+00   5.4941805e-01   5.5331415e-01   3.1575339e-03
   2.9440000e+00   5.4281979e-01   5.5318252e-01   4.8755878e-03
   2.9520000e+00   5.5112883e-01   5.5305092e-01  -5.4332660e-03
   2.9600000e+00   5.5052177e-01   5.5291935e-01  -3.3779427e-03
   2.9680000e+00   5.5494756e-01   5.5278782e-01  -8.6670645e-04
   2.9760000e+00   5.4756413e-01   5.5265632e-01   2.4421066e-03
   2.9840000e+00   5.4594852e-01   5.5252484e-01   7.7340562e-03
   2.9920000e+00   5.6362025e-01   5.5239340e-01  -2.0329801e-03
   3.0000000e+00   5.5352997e-01   5.5226199e-01   2.9883842e-03
   3.0080000e+00   5.4979396e-01   5.5213062e-01   2.7494174e-03
   3.0160000e+00   5.4605169e-01   5.5199927e-01  -4.2525272e-03
   3.0240000e+00   5.4774056e-01   5.5186795e-01  -8.9389934e-04
   3.0320000e+00   5.4627150e-01   5.5173667e-01  -1.4560858e-03
   3.0400000e+00   5.3833282e-01   5.5160542e-01   8.8681079e-03
   3.0480000e+00   5.4330746e-01   5.5147419e-01  -1.0360666e-03
   3.0560000e+00   5.4279596e-01   5.5134300e-01  -1.1992004e-03
   3.0640000e+00   5.3863030e-01   5.5121184e-01  -1.3268295e-03
   3.0720000e+00   5.4366033e-01   5.5108071e-01  -2.9299156e-03
   3.0800000e+00   5.4405484e-01   5.5094962e-01   1.5738526e-03
   3.0880000e+00   5.4674107e-01   5.5081855e-01  -6.6075026e-03
   3.0960000e+00   5.4319457e-01   5.5068752e-01  -3.0358246e-03
   3.1040000e+00   5.4416793e-01   5.5055651e-01  -6.4669995e-03
   3.1120000e+00   5.3839646e-01   5.5042554e-01  -2.7040396e-03
   3.1200000e+00   5.3761786e-01   5.5029460e-01  -7.5202199e-03
   3.1280000e+00   5.4233507e-01   5.5016369e-01   9.8985839e-04
   3.1360000e+00   5.4656653e-01   5.5003281e-01   2.6476805e-04
   3.1440000e+00   5.3948085e-01   5.4990196e-01  -7.3004023e-03
   3.1520000e+00   5.5004703e-01   5.4977115e-01   1.4425148e-03
   3.1600000e+00   5.3988980e-01   5.4964036e-01   1.7373840e-03
   3.1680000e+00   5.4022626e-01   5.4950960e-01  -1.2785792e-03
   3.1760000e+00   5.3123345e-01   5.4937888e-01   9.6395299e-03
   3.1840000e+00   5.4039625e-01   5.4924819e-01   6.8701948e-03
   3.1920000e+00   5.3407950e-01   5.4911753e-01   1.2773491e-03
   3.2000000e+00   5.4363622e-01   5.4898690e-01  -6.2449104e-04
   3.2080000e+00   5.3804945e-01   5.4885630e-01  -3.4476082e-03
   3.2160000e+00   5.4188083e-01   5.4872573e-01  -3.3807905e-03
   3.2240000e+00   5.4044866e-01   5.4859519e-01   4.0979263e-03
   3.2320000e+00   5.3381798e-01   5.4846469e-01  -7.5617055e-04
   3.2400000e+00   5.2974315e-01   5.4833421e-01   2.7337997e-03
   3.2480000e+00   5.3890764e-01   5.4820377e-01  -6.4708842e-03
   3.2560000e+00   5.3180031e-01   5.4807336e-01  -2.0671274e-03
   3.2640000e+00   5.3408325e-01   5.4794297e-01  -8.5712701e-03
   3.2720000e+00   5.3716311e-01   5.4781262e-01   1.1534181e-02
   3.2800000e+00   5.3025282e-01   5.4768230e-01  -6.2863807e-04
   3.2880000e+00   5.4159768e-01   5.4755201e-01   3.9796054e-03
   3.2960000e+00   5.4089442e-01   5.4742176e-01   6.5026946e-03
   3.3040000e+00   5.3326952e-01   5.4729153e-01  -1.3681681e-03
   3.3120000e+00   5.3459096e-01   5.4716133e-01   5.4316794e-03
   3.3200000e+00   5.3620239e-01   5.4703117e-01  -4.6028302e-03
   3.3280000e+00   5.3150960e-01   5.4690104e-01   4.6392732e-03
   3.3360000e+00   5.4193279e-01   5.4677093e-01   9.3834591e-04
   3.3440000e+00   5.3979725e-01   5.4664086e-01   6.5236890e-03
   3.3520000e+00   5.3337231e-01   5.4651082e-01   1.9546513e-03
   3.3600000e+00   5.3647752e-01   5.4638081e-01  -3.8339297e-03
   3.3680000e+00   5.3721098e-01   5.4625083e-01  -4.6975855e-03
   3.3760000e+00   5.2539561e-01   5.4612088e-01  -4.7556541e-03
   3.3840000e+00   5.2995514e-01   5.4599097e-01  -9.2842142e-04
   3.3920000e+00   5.2618263e-01   5.4586108e-01   1.2037079e-03
   3.4000000e+00   5.3684580e-01   5.4573122e-01   1.1381611e-03
   3.4080000e+00   5.2314393e-01   5.4560140e-01  -4.1625239e-03
   3.4160000e+00   5.2510908e-01   5.4547160e-01  -1.1195251e-03
   3.4240000e+00   5.3329123e-01   5.4534184e-01   1.7267332e-03
   3.4320000e+00   5.3502002e-01   5.4521211e-01   2.3701319e-03
   3.4400000e+00   5.3396281e-01   5.4508241e-01  -5.4012176e-03
   3.4480000e+00   5.2938790e-01   5.4495274e-01  -3.3357697e-03
   3.4560000e+00   5.3392818e-01   5.4482310e-01  -3.8285586e-04
   3.4640000e+00   5.2267595e-01   5.4469349e-01  -7.4150746e-03
   3.4720000e+00   5.3128139e-01   5.4456391e-01  -9.8544972e-03
   3.4800000e+00   5.3884452e-01   5.4443437e-01   5.4744424e-03
   3.4880000e+00   5.3377059e-01   5.4430485e-01   5.7494186e-03
   3.4960000e+00   5.3761947e-01   5.4417536e-01   4.9124572e-03
   3.5040000e+00   5.3479309e-01   5.4404591e-01   5.6236283e-03
   3.5120000e+00   5.3286473e-01   5.4391649e-01  -3.6987209e-03
   3.5200000e+00   5.4044895e-01   5.4378709e-01  -2.7157643e-03
   3.5280000e+00   5.3703421e-01   5.4365773e-01  -3.5560094e-03
   3.5360000e+00   5.3811493e-01   5.4352840e-01  -2.4662892e-03
   3.5440000e+00   5.3207258e-01   5.4339910e-01  -6.4082467e-03
   3.5520000e+00   5.2970657e-01   5.4326983e-01   4.8039586e-03
   3.5600000e+00   5.3498217e-01   5.4314059e-01   3.5123626e-03
   3.5680000e+00   5.4099898e-01   5.4301138e-01  -8.4274264e-03
   3.5760000e+00   5.3357450e-01   5.4288220e-01  -1.3936791e-03
   3.5840000e+00   5.3582873e-01   5.4275306e-01  -1.0161608e-03
   3.5920000e+00   5.3872242e-01   5.4262394e-01  -4.8450262e-03
   3.6000000e+00   5.3638748e-01   5.4249486e-01   3.6479519e-03
   3.6080000e+00   5.3465084e-01   5.4236580e-01   4.8295301e-03
   3.6160000e+00   5.3433935e-01   5.4223678e-01  -7.5297228e-04
   3.6240000e+00   5.4186795e-01   5.4210778e-01  -1.5686728e-03
   3.6320000e+00   5.3969314e-01   5.4197882e-01  -1.3430183e-03
   3.6400000e+00   5.3408319e-01   5.4184989e-01   6.8041757e-03
   3.6480000e+00   5.3188333e-01   5.4172099e-01   2.4261481e-03
   3.6560000e+00   5.2989199e-01   5.4159212e-01   1.1344022e-04
   3.6640000e+00   5.3041434e-01   5.4146328e-01   2.5797614e-03
   3.6720000e+00   5.4336471e-01   5.4133447e-01   5.3644826e-03
   3.6800000e+00   5.3535904e-01   5.4120569e-01  -1.0417814e-02
   3.6880000e+00   5.4290627e-01   5.4107694e-01   2.5735382e-03
   3.6960000e+00   5.4835578e-01   5.4094822e-01   3.8099336e-03
   3.7040000e+00   5.3453345e-01   5.4081954e-01  -7.6279983e-03
   3.7120000e+00   5.3887754e-01   5.4069088e-01  -1.2631513e-03
   3.7200000e+00   5.4595893e-01   5.4056226e-01   2.2505185e-03
   3.7280000e+00   5.3641013e-01   5.4043366e-01  -4.0739427e-03
   3.7360000e+00   5.3985303e-01   5.4030510e-01   1.8717634e-03
   3.7440000e+00   5.3649748e-01   5.4017656e-01  -1.3639341e-03
   3.7520000e+00   5.3737925e-01   5.4004806e-01   1.5106503e-03
   3.7600000e+00   5.4582711e-01   5.3991959e-01  -5.9506175e-03
   3.7680000e+00   5.4392591e-01   5.3979114e-01  -7.1187133e-04
   3.7760000e+00   5.4617219e-01   5.3966273e-01  -1.2827582e-03
   3.7840000e+00   5.3864939e-01   5.3953435e-01   8.9324701e-03
   3.7920000e+00   5.3798750e-01   5.3940600e-01  -6.4647553e-04
   3.8000000e+00   5.3625695e-01   5.3927768e-01  -1.2945849e-03
   3.8080000e+00   5.4797058e-01   5.3914939e-01  -1.5713271e-03
   3.8160000e+00   5.4944554e-01   5.3902113e-01  -2.9741495e-03
   3.8240000e+00   5.4608493e-01   5.3889291e-01  -2.9583300e-04
   3.8320000e+00   5.4926309e-01   5.3876471e-01  -8.6110439e-03
   3.8400000e+00   5.4273138e-01   5.3863654e-01   3.8015901e-04
   3.8480000e+00   5.4918447e-01   5.3850840e-01  -3.0158111e-03
   3.8560000e+00   5.4773935e-01   5.3838030e-01  -2.5390647e-03
   3.8640000e+00   5.4342451e-01   5.3825222e-01  -1.7486504e-03
   3.8720000e+00   5.4694790e-01   5.3812418e-01   1.8567462e-03
   3.8800000e+00   5.4330919e-01   5.3799616e-01  -4.2311501e-03
   3.8880000e+00   5.4727220e-01   5.3786818e-01  -5.8397597e-04
   3.8960000e+00   5.3856575e-01   5.3774022e-01   2.5818946e-03
   3.9040000e+00   5.4569061e-01   5.3761230e-01  -1.1327108e-03
   3.9120000e+00   5.4490535e-01   5.3748441e-01   1.6591546e-03
   3.9200000e+00   5.5018457e-01   5.3735654e-01   4.8600981e-03
   3.9280000e+00   5.3875497e-01   5.3722871e-01   5.5897532e-03
   3.9360000e+00   5.4451557e-01   5.3710091e-01   6.4486887e-03
   3.9440000e+00   5.4547507e-01   5.3697314e-01   1.6309754e-03
   3.9520000e+00   5.5400806e-01   5.3684540e-01   3.1409332e-03
   3.9600000e+00   5.4175396e-01   5.3671768e-01   5.2611650e-03
   3.9680000e+00   5.4928256e-01   5.3659000e-01  -8.1961994e-04
   3.9760000e+00   5.5280374e-01   5.3646235e-01  -7.6024116e-04
   3.9840000e+00   5.4762418e-01   5.3633473e-01  -1.1744652e-03
   3.9920000e+00   5.4917098e-01   5.3620715e-01  -3.5564178e-03
   4.0000000e+00   5.4933478e-01   5.3607959e-01  -6.8022520e-04
   4.0080000e+00   5.5376149e-01   5.3595206e-01   2.6291940e-03
   4.0160000e+00   5.4750172e-01   5.3582456e-01   5.5264882e-03
   4.0240000e+00   5.4063588e-01   5.3569709e-01  -2.0698059e-03
   4.0320000e+00   5.4607069e-01   5.3556965e-01   5.8942547e-06
   4.0400000e+00   5.5036870e-01   5.3544225e-01   3.3936988e-03
   4.0480000e+00   5.5054941e-01   5.3531487e-01   4.1997086e-03
   4.0560000e+00   5.4791323e-01   5.3518752e-01  -3.6237124e-04
   4.0640000e+00   5.4402478e-01   5.3506021e-01   3.8297192e-03
   4.0720000e+00   5.4629663e-01   5.3493292e-01   4.7152077e-03
   4.0800000e+00   5.5330587e-01   5.3480566e-01  -7.8481880e-03
   4.0880000e+00   5.5213773e-01   5.3467844e-01   3.8802676e-03
   4.0960000e+00   5.5644071e-01   5.3455124e-01   6.3849665e-03
   4.1040000e+00   5.5112088e-01   5.3442408e-01  -7.9610936e-03
   4.1120000e+00   5.5326000e-01   5.3429694e-01   1.5008765e-03
   4.1200000e+00   5.4660466e-01   5.3416984e-01  -1.3890990e-03
   4.1280000e+00   5.5607670e-01   5.3404277e-01  -3.7742634e-03
   4.1360000e+00   5.5577547e-01   5.3391572e-01   1.2514322e-03
   4.1440000e+00   5.5715538e-01   5.3378871e-01  -1.6797490e-03
   4.1520000e+00   5.5314357e-01   5.3366172e-01  -4.4062478e-03
   4.1600000e+00   5.5046102e-01   5.3353477e-01  -8.0984461e-04
   4.1680000e+00   5.5106957e-01   5.3340785e-01  -1.4674209e-03
   4.1760000e+00   5.4892937e-01   5.3328095e-01  -3.4490446e-03
   4.1840000e+00   5.5250286e-01   5.3315409e-01   3.5110159e-03
   4.1920000e+00   5.5400201e-01   5.3302726e-01   4.1300801e-03
   4.2000000e+00   5.4567124e-01   5.3290046e-01   7.0362067e-04
   4.2080000e+00   5.4542165e-01   5.3277368e-01  -5.9703690e-03
   4.2160000e+00   5.5679931e-01   5.3264694e-01   1.9949806e-03
   4.2240000e+00   5.5449209e-01   5.3252023e-01   2.0971347e-03
   4.2320000e+00   5.4944263e-01   5.3239355e-01   2.9143070e-03
   4.2400000e+00   5.5110304e-01   5.3226690e-01  -1.3865856e-03
   4.2480000e+00   5.4749462e-01   5.3214027e-01  -7.6103263e-03
   4.2560000e+00   5.5018566e-01   5.3201368e-01  -3.7421639e-03
   4.2640000e+00   5.4169691e-01   5.3188712e-01   1.2659937e-03
   4.2720000e+00   5.4106892e-01   5.3176059e-01  -1.9968339e-03
   4.2800000e+00   5.5115054e-01   5.3163409e-01  -3.2981756e-03
   4.2880000e+00   5.6128626e-01   5.3150762e-01  -1.1846758e-03
   4.2960000e+00   5.5235914e-01   5.3138118e-01  -5.9270059e-03
   4.3040000e+00   5.4513807e-01   5.3125477e-01  -1.5863916e-03
   4.3120000e+00   5.4698235e-01   5.3112839e-01  -2.7615387e-03
   4.3200000e+00   5.4949020e-01   5.3100204e-01   3.1424741e-03
   4.3280000e+00   5.4867392e-01   5.3087571e-01  -1.3235356e-03
   4.3360000e+00   5.4838963e-01   5.3074942e-01   1.9162622e-03
   4.3440000e+00   5.4373659e-01   5.3062316e-01  -3.9839348e-04
   4.3520000e+00   5.3990248e-01   5.3049693e-01   3.7390059e-03
   4.3600000e+00   5.4918629e-01   5.3037073e-01  -1.6032569e-03
   4.3680000e+00   5.4348070e-01   5.3024456e-01  -3.4303594e-03
   4.3760000e+00   5.4097529e-01   5.3011842e-01   5.1894864e-03
   4.3840000e+00   5.3841575e-01   5.2999231e-01   9.0714454e-04
   4.3920000e+00   5.4436407e-01   5.2986623e-01  -2.8605869e-03
   4.4000000e+00   5.5147082e-01   5.2974018e-01   7.0469838e-04
   4.4080000e+00   5.4069788e-01   5.2961416e-01   4.7469050e-03
   4.4160000e+00   5.3695876e-01   5.2948817e-01  -2.3401366e-03
   4.4240000e+00   5.4683367e-01   5.2936221e-01  -2.3764603e-03
   4.4320000e+00   5.3710164e-01   5.2923628e-01  -4.1906483e-03
   4.4400000e+00   5.3564777e-01   5.2911038e-01  -9.0063975e-03
   4.4480000e+00   5.3952268e-01   5.2898451e-01   6.2952617e-03
   4.4560000e+00   5.4269483e-01   5.2885867e-01  -3.2077018e-03
   4.4640000e+00   5.4256169e-01   5.2873286e-01   7.3461570e-03
   4.4720000e+00   5.4958808e-01   5.2860707e-01  -1.8970643e-03
   4.4800000e+00   5.3433296e-01   5.2848132e-01  -1.4346107e-03
   4.4880000e+00   5.3115525e-01   5.2835560e-01  -1.2938986e-03
   4.4960000e+00   5.4008106e-01   5.2822991e-01   4.2037303e-03
   4.5040000e+00   5.3012222e-01   5.2810425e-01  -2.1434807e-03
   4.5120000e+00   5.3786454e-01   5.2797862e-01  -6.8479772e-03
   4.5200000e+00   5.4034311e-01   5.2785302e-01   2.0235818e-03
   4.5280000e+00   5.2297383e-01   5.2772745e-01   6.9057026e-03
   4.5360000e+00   5.3423675e-01   5.2760190e-01  -5.5551602e-03
   4.5440000e+00   5.3267325e-01   5.2747639e-01  -6.5090289e-03
   4.5520000e+00   5.3059631e-01   5.2735091e-01   2.8752430e-03
   4.5600000e+00   5.3047321e-01   5.2722546e-01  -6.5564444e-03
   4.5680000e+00   5.3140365e-01   5.2710004e-01  -4.6764422e-03
   4.5760000e+00   5.2950487e-01   5.2697464e-01  -2.2355771e-03
   4.5840000e+00   5.3303435e-01   5.2684928e-01  -5.9133763e-04
   4.5920000e+00   5.3389090e-01   5.2672395e-01   4.2674555e-05
   4.6000000e+00   5.3005053e-01   5.2659865e-01  -7.4911446e-03
   4.6080000e+00   5.2633289e-01   5.2647337e-01  -2.1087283e-03
   4.6160000e+00   5.2525777e-01   5.2634813e-01   1.1790990e-03
   4.6240000e+00   5.2819057e-01   5.2622292e-01  -5.5474477e-03
   4.6320000e+00   5.2895543e-01   5.2609773e-01   7.3634661e-03
   4.6400000e+00   5.2184760e-01   5.2597258e-01  -3.9390905e-03
   4.6480000e+00   5.2461634e-01   5.2584745e-01  -8.9520162e-03
   4.6560000e+00   5.1226371e-01   5.2572236e-01  -3.9399866e-03
   4.6640000e+00   5.1857424e-01   5.2559729e-01   2.5026838e-03
   4.6720000e+00   5.2639430e-01   5.2547226e-01  -5.7326726e-03
   4.6800000e+00   5.3089184e-01   5.2534725e-01  -1.6124557e-03
   4.6880000e+00   5.1834706e-01   5.2522228e-01   1.4282080e-03
   4.6960000e+00   5.2539362e-01   5.2509733e-01  -5.4901867e-03
   4.7040000e+00   5.1768699e-01   5.2497242e-01  -3.7923273e-03
   4.7120000e+00   5.1894636e-01   5.2484753e-01  -1.7297451e-03
   4.7200000e+00   5.2146587e-01   5.2472267e-01  -4.2429701e-03
   4.7280000e+00   5.1421783e-01   5.2459785e-01  -2.3673049e-03
   4.7360000e+00   5.1511762e-01   5.2447305e-01  -1.7960566e-03
   4.7440000e+00   5.1942826e-01   5.2434828e-01  -7.7634596e-03
   4.7520000e+00   5.1811605e-01   5.2422354e-01  -8.0229764e-03
   4.7600000e+00   5.1788854e-01   5.2409884e-01   1.3390328e-04
   4.7680000e+00   5.1848172e-01   5.2397416e-01   8.2411209e-04
   4.7760000e+00   5.1612523e-01   5.2384951e-01   8.1546601e-04
   4.7840000e+00   5.1209375e-01   5.2372489e-01  -6.8423645e-03
   4.7920000e+00   5.1329183e-01   5.2360030e-01  -1.2668599e-02
   4.8000000e+00   5.2278940e-01   5.2347574e-01  -2.7456400e-03
   4.8080000e+00   5.1936953e-01   5.2335121e-01   1.9127324e-04
   4.8160000e+00   5.1659291e-01   5.2322671e-01  -7.0273538e-03
   4.8240000e+00   5.1758529e-01   5.2310224e-01  -1.0879567e-02
   4.8320000e+00   5.2028417e-01   5.2297780e-01   2.7005679e-03
   4.8400000e+00   5.1704040e-01   5.2285339e-01   4.1975551e-05
   4.8480000e+00   5.1738206e-01   5.2272900e-01  -6.2577749e-03
   4.8560000e+00   5.1616711e-01   5.2260465e-01  -4.8538645e-03
   4.8640000e+00   5.0754518e-01   5.2248033e-01  -1.0001187e-02
   4.8720000e+00   5.1256757e-01   5.2235603e-01  -4.3413003e-03
   4.8800000e+00   5.0647486e-01   5.2223177e-01  -7.0264858e-03
   4.8880000e+00   5.1429552e-01   5.2210754e-01  -7.3540127e-03
   4.8960000e+00   5.2317541e-01   5.2198333e-01  -5.5849793e-03
   4.9040000e+00   5.1627724e-01   5.2185916e-01  -3.5315779e-03
   4.9120000e+00   5.1284387e-01   5.2173501e-01  -1.7898006e-03
   4.9200000e+00   5.1668289e-01   5.2161089e-01  -5.6764212e-03
   4.9280000e+00   5.1032344e-01   5.2148681e-01  -6.3659732e-03
   4.9360000e+00   5.1294587e-01   5.2136275e-01  -3.0181379e-03
   4.9440000e+00   5.1704249e-01   5.2123872e-01  -2.7317489e-03
   4.9520000e+00   5.1088524e-01   5.2111472e-01  -8.6379508e-04
   4.9600000e+00   5.1142622e-01   5.2099076e-01  -4.8407993e-03
   4.9680000e+00   5.1352117e-01   5.2086682e-01  -2.7423906e-03
   4.9760000e+00   5.0921950e-01   5.2074291e-01  -4.0598159e-03
   4.9840000e+00   5.0594676e-01   5.2061903e-01  -3.0268897e-03
   4.9920000e+00   5.0878517e-01   5.2049518e-01  -4.0531986e-03
   5.0000000e+00   5.1101728e-01   5.2037136e-01   1.4105838e-03
   5.0080000e+00   5.1297057e-01   5.2024756e-01   5.4454571e-04
   5.0160000e+00   5.0921899e-01   5.2012380e-01  -4.6689938e-03
   5.0240000e+00   5.0972973e-01   5.2000007e-01   3.2394189e-03
   5.0320000e+00   5.1013397e-01   5.1987637e-01  -6.3032768e-03
   5.0400000e+00   5.1291573e-01   5.1975269e-01  -5.0960195e-03
   5.0480000e+00   5.0725238e-01   5.1962905e-01  -2.9040777e-03
   5.0560000e+00   5.0287550e-01   5.1950543e-01  -5.2962428e-03
   5.0640000e+00   5.1388855e-01   5.1938185e-01  -5.4339998e-03
   5.0720000e+00   5.0523808e-01   5.1925829e-01  -9.1367606e-03
   5.0800000e+00   5.1178942e-01   5.1913476e-01  -1.7927364e-03
   5.0880000e+00   5.1197099e-01   5.1901127e-01  -4.2173986e-03
   5.0960000e+00   5.1668421e-01   5.1888780e-01  -8.3747564e-04
   5.1040000e+00   5.1494590e-01   5.1876436e-01  -1.9508139e-03
   5.1120000e+00   5.0802200e-01   5.1864095e-01  -3.8921031e-03
   5.1200000e+00   5.1325696e-01   5.1851757e-01  -6.5052018e-03
   5.1280000e+00   5.1884908e-01   5.1839422e-01  -4.2155196e-03
   5.1360000e+00   5.1492032e-01   5.1827090e-01  -1.9413015e-03
   5.1440000e+00   5.1263511e-01   5.1814760e-01  -3.0532655e-03
   5.1520000e+00   5.1851998e-01   5.1802434e-01  -6.1052831e-03
   5.1600000e+00   5.0737963e-01   5.1790111e-01  -5.6921452e-03
   5.1680000e+00   5.0733548e-01   5.1777790e-01  -9.0263796e-03
   5.1760000e+00   5.1653136e-01   5.1765473e-01   1.1294374e-03
   5.1840000e+00   5.1439842e-01   5.1753158e-01   6.9142831e-03
   5.1920000e+00   5.0589934e-01   5.1740847e-01  -2.2006374e-03
   5.2000000e+00   5.1878803e-01   5.1728538e-01   5.2494496e-03
   5.2080000e+00   5.1494489e-01   5.1716232e-01  -3.8467206e-03
   5.2160000e+00   5.1854741e-01   5.1703930e-01  -5.3582016e-03
   5.2240000e+00   5.2058957e-01   5.1691630e-01  -4.7531548e-03
   5.2320000e+00   5.2312809e-01   5.1679333e-01  -6.3763932e-03
   5.2400000e+00   5.0671916e-01   5.1667039e-01   9.3387515e-04
   5.2480000e+00   5.1691026e-01   5.1654747e-01  -1.5606718e-03
   5.2560000e+00   5.2738555e-01   5.1642459e-01  -7.0691169e-04
   5.2640000e+00   5.2086946e-01   5.1630174e-01  -2.2635206e-03
   5.2720000e+00   5.1566991e-01   5.1617892e-01  -1.1239363e-02
   5.2800000e+00   5.2159950e-01   5.1605612e-01  -4.1081458e-03
   5.2880000e+00   5.2514811e-01   5.1593336e-01   5.1714561e-03
   5.2960000e+00   5.1970838e-01   5.1581062e-01  -3.7187028e-03
   5.3040000e+00   5.2079057e-01   5.1568791e-01  -3.4442231e-03
   5.3120000e+00   5.2522035e-01   5.1556524e-01  -4.0403438e-03

