   0.0000000e+00   1.0000000e+00   5.6351760e-01   6.8675122e-03
   8.0000000e-03   9.8373919e-01   5.6334420e-01  -3.5688293e-03
   1.6000000e-02   9.7312535e-01   5.6317086e-01   4.0696329e-03
   2.4000000e-02   9.5775838e-01   5.6299757e-01  -7.6029760e-04
   3.2000000e-02   9.4370280e-01   5.6282433e-01   2.0564310e-04
   4.0000000e-02   9.2993775e-01   5.6265114e-01   5.2008221e-03
   4.8000000e-02   9.0773352e-01   5.6247801e-01  -1.7816948e-03
   5.6000000e-02   9.0012157e-01   5.6230493e-01   3.5648734e-04
   6.4000000e-02   8.9281590e-01   5.6213191e-01   4.1776098e-03
   7.2000000e-02   8.7629536e-01   5.6195894e-01   1.5180505e-03
   8.0000000e-02   8.6603490e-01   5.6178602e-01   5.0205027e-03
   8.8000000e-02   8.6277390e-01   5.6161315e-01  -1.2731800e-03
   9.6000000e-02   8.4826402e-01   5.6144034e-01  -3.1373538e-03
   1.0400000e-01   8.3574596e-01   5.6126758e-01   4.6662215e-03
   1.1200000e-01   8.2782453e-01   5.6109487e-01   1.3582252e-03
   1.2000000e-01   8.2028298e-01   5.6092222e-01   2.5052029e-03
   1.2800000e-01   8.1908748e-01   5.6074962e-01   6.2504815e-04
   1.3600000e-01   8.0682467e-01   5.6057707e-01  -1.0414989e-03
   1.4400000e-01   7.9336096e-01   5.6040458e-01   3.8782070e-03
   1.5200000e-01   7.9239957e-01   5.6023214e-01   4.4034932e-03
   1.6000000e-01   7.7727074e-01   5.6005975e-01   6.8327107e-03
   1.6800000e-01   7.7022186e-01   5.5988742e-01   3.8294600e-03
   1.7600000e-01   7.6882703e-01   5.5971514e-01   1.8033478e-03
   1.8400000e-01   7.5629416e-01   5.5954291e-01   2.7216189e-03
   1.9200000e-01   7.4907383e-01   5.5937073e-01   7.7558608e-04
   2.0000000e-01   7.4516859e-01   5.5919861e-01   1.1552088e-03
   2.0800000e-01   7.4348165e-01   5.5902654e-01  -1.9538563e-04
   2.1600000e-01   7.3684415e-01   5.5885452e-01   1.5812723e-03
   2.2400000e-01   7.2859461e-01   5.5868256e-01   5.5197982e-03
   2.3200000e-01   7.2681629e-01   5.5851065e-01   8.6823574e-03
   2.4000000e-01   7.1946787e-01   5.5833879e-01   7.6568946e-03
   2.4800000e-01   7.1776368e-01   5.5816699e-01  -1.8871395e-03
   2.5600000e-01   7.0600459e-01   5.5799524e-01   2.4381689e-03
   2.6400000e-01   6.9685100e-01   5.5782354e-01   6.9344985e-03
   2.7200000e-01   7.0408791e-01   5.5765189e-01   9.4212349e-04
   2.8000000e-01   6.9461979e-01   5.5748030e-01  -1.1384934e-03
   2.8800000e-01   6.8718742e-01   5.5730876e-01  -2.0745912e-04
   2.9600000e-01   6.8885010e-01   5.5713727e-01   2.0342833e-03
   3.0400000e-01   6.8099818e-01   5.5696583e-01  -4.5425540e-03
   3.1200000e-01   6.7289234e-01   5.5679445e-01  -5.2871581e-03
   3.2000000e-01   6.7353007e-01   5.5662312e-01  -2.4378088e-03
   3.2800000e-01   6.6955711e-01   5.5645184e-01  -2.1892188e-03
   3.3600000e-01   6.6757921e-01   5.5628062e-01  -7.6263869e-04
   3.4400000e-01   6.6295057e-01   5.5610945e-01  -2.1984269e-03
   3.5200000e-01   6.5588560e-01   5.5593833e-01   4.6942836e-04
   3.6000000e-01   6.5566479e-01   5.5576726e-01  -4.0525245e-03
   3.6800000e-01   6.4632390e-01   5.5559625e-01  -5.6232709e-04
   3.7600000e-01   6.5086622e-01   5.5542529e-01   6.1205027e-03
   3.8400000e-01   6.4748199e-01   5.5525438e-01   5.3909920e-03
   3.9200000e-01   6.3744289e-01   5.5508352e-01   4.4173385e-03
   4.0000000e-01   6.4110390e-01   5.5491272e-01  -4.5702489e-03
   4.0800000e-01   6.3468448e-01   5.5474197e-01  -7.2643105e-05
   4.1600000e-01   6.3006890e-01   5.5457127e-01   3.1688622e-03
   4.2400000e-01   6.3362650e-01   5.5440063e-01   3.7489325e-03
   4.3200000e-01   6.2758667e-01   5.5423003e-01   9.2547484e-04
   4.4000000e-01   6.2666423e-01   5.5405949e-01  -8.3165239e-03
   4.4800000e-01   6.2438520e-01   5.5388900e-01  -3.6452273e-03
   4.5600000e-01   6.1953471e-01   5.5371857e-01   4.9469664e-03
   4.6400000e-01   6.1582301e-01   5.5354819e-01   2.5444687e-03
   4.7200000e-01   6.0758832e-01   5.5337785e-01  -2.6572806e-03
   4.8000000e-01   6.1262151e-01   5.5320758e-01   7.5449953e-05
   4.8800000e-01   6.0485899e-01   5.5303735e-01  -1.7933672e-03
   4.9600000e-01   6.0567145e-01   5.5286718e-01  -4.8105510e-03
   5.0400000e-01   6.0713013e-01   5.5269706e-01   3.5259872e-04
   5.1200000e-01   6.0440910e-01   5.5252699e-01  -2.9832365e-04
   5.2000000e-01   6.0151373e-01   5.5235697e-01  -2.4795791e-03
   5.2800000e-01   5.9868250e-01   5.5218701e-01  -2.3632896e-03
   5.3600000e-01   6.0253045e-01   5.5201709e-01   3.5771485e-03
   5.4400000e-01   5.9337028e-01   5.5184723e-01   7.2681399e-03
   5.5200000e-01   5.9149459e-01   5.5167743e-01   8.3054804e-04
   5.6000000e-01   5.9566130e-01   5.5150767e-01   1.9848766e-03
   5.6800000e-01   5.9500543e-01   5.5133797e-01   2.9143928e-03
   5.7600000e-01   5.9041698e-01   5.5116832e-01   2.4757828e-03
   5.8400000e-01   5.9114344e-01   5.5099872e-01   1.3984178e-03
   5.9200000e-01   5.9416807e-01   5.5082917e-01  -8.7917623e-04
   6.0000000e-01   5.8899312e-01   5.5065968e-01  -2.3078719e-03
   6.0800000e-01   5.8111353e-01   5.5049024e-01  -8.1029553e-04
   6.1600000e-01   5.7482746e-01   5.5032085e-01   5.7488811e-04
   6.2400000e-01   5.7620144e-01   5.5015151e-01  -7.3505325e-04
   6.3200000e-01   5.8239353e-01   5.4998222e-01   4.7569565e-04
   6.4000000e-01   5.8304642e-01   5.4981299e-01  -3.0693928e-03
   6.4800000e-01   5.7465733e-01   5.4964381e-01   4.8030537e-04
   6.5600000e-01   5.7113701e-01   5.4947468e-01   5.2019194e-03
   6.6400000e-01   5.7172861e-01   5.4930560e-01  -3.9379554e-03
   6.7200000e-01   5.7513437e-01   5.4913658e-01  -3.4148846e-03
   6.8000000e-01   5.7235308e-01   5.4896760e-01   2.2419977e-03
   6.8800000e-01   5.6943689e-01   5.4879868e-01   2.5348173e-03
   6.9600000e-01   5.7322010e-01   5.4862981e-01  -3.5404422e-03
   7.0400000e-01   5.7073860e-01   5.4846100e-01  -4.3435134e-03
   7.1200000e-01   5.6855673e-01   5.4829223e-01   4.0294626e-03
   7.2000000e-01   5.6488686e-01   5.4812352e-01  -6.3286877e-04
   7.2800000e-01   5.6351514e-01   5.4795486e-01  -3.5582368e-03
   7.3600000e-01   5.6551395e-01   5.4778625e-01  -3.1752039e-04
   7.4400000e-01   5.6159173e-01   5.4761769e-01   7.9393994e-04
   7.5200000e-01   5.6167235e-01   5.4744918e-01   1.7718210e-03
   7.6000000e-01   5.5834929e-01   5.4728073e-01   2.4247948e-03
   7.6800000e-01   5.5681269e-01   5.4711233e-01   4.6607206e-03
   7.7600000e-01   5.6038324e-01   5.4694398e-01  -2.7202875e-03
   7.8400000e-01   5.6301322e-01   5.4677568e-01  -4.0065741e-03
   7.9200000e-01   5.6099581e-01   5.4660743e-01  -2.4813431e-03
   8.0000000e-01   5.5648454e-01   5.4643923e-01   5.3992590e-04
   8.0800000e-01   5.6098121e-01   5.4627109e-01   6.6066144e-03
   8.1600000e-01   5.6155018e-01   5.4610300e-01   1.7372696e-03
   8.2400000e-01   5.5850488e-01   5.4593496e-01  -1.0029221e-03
   8.3200000e-01   5.6236511e-01   5.4576697e-01  -4.8700072e-03
   8.4000000e-01   5.5644073e-01   5.4559904e-01  -6.9527838e-03
   8.4800000e-01   5.5324999e-01   5.4543115e-01  -3.7613619e-03
   8.5600000e-01   5.6027763e-01   5.4526332e-01  -2.6073087e-03
   8.6400000e-01   5.5813636e-01   5.4509554e-01  -2.1895963e-03
   8.7200000e-01   5.5483519e-01   5.4492781e-01   5.1381451e-03
   8.8000000e-01   5.5619230e-01   5.4476013e-01   7.5235290e-03
   8.8800000e-01   5.5012249e-01   5.4459250e-01   3.0170150e-03
   8.9600000e-01   5.4765813e-01   5.4442493e-01  -1.7918798e-03
   9.0400000e-01   5.5010645e-01   5.4425740e-01  -6.7055093e-03
   9.1200000e-01   5.4561107e-01   5.4408993e-01  -3.5630879e-03
   9.2000000e-01   5.4346852e-01   5.4392251e-01  -3.9256114e-03
   9.2800000e-01   5.4430322e-01   5.4375514e-01  -4.2273478e-03
   9.3600000e-01   5.4558434e-01   5.4358782e-01   2.0671266e-04
   9.4400000e-01   5.5131888e-01   5.4342056e-01  -4.6795187e-03
   9.5200000e-01   5.4719965e-01   5.4325334e-01  -4.8565375e-03
   9.6000000e-01   5.3961486e-01   5.4308618e-01  -3.9878525e-03
   9.6800000e-01   5.4418228e-01   5.4291907e-01  -1.2319628e-03
   9.7600000e-01   5.4549047e-01   5.4275201e-01   8.7788519e-04
   9.8400000e-01   5.5327838e-01   5.4258500e-01  -4.9382254e-03
   9.9200000e-01   5.4721021e-01   5.4241804e-01   5.0262923e-03
   1.0000000e+00   5.4566460e-01   5.4225114e-01   5.0614916e-03
   1.0080000e+00   5.5007714e-01   5.4208428e-01  -3.3932742e-03
   1.0160000e+00   5.4478125e-01   5.4191748e-01  -4.0145985e-03
   1.0240000e+00   5.4534679e-01   5.4175073e-01   2.6706861e-04
   1.0320000e+00   5.4445958e-01   5.4158403e-01   1.2995140e-03
   1.0400000e+00   5.4081815e-01   5.4141738e-01  -6.3935590e-03
   1.0480000e+00   5.4122805e-01   5.4125078e-01  -1.7855153e-03
   1.0560000e+00   5.4580907e-01   5.4108423e-01   5.0503440e-03
   1.0640000e+00   5.4718018e-01   5.4091774e-01  -4.1793461e-04
   1.0720000e+00   5.4376793e-01   5.4075129e-01  -6.2290221e-03
   1.0800000e+00   5.3991394e-01   5.4058490e-01  -5.2411668e-03
   1.0880000e+00   5.4452644e-01   5.4041856e-01  -4.5887336e-05
   1.0960000e+00   5.4425288e-01   5.4025227e-01  -1.8863257e-03
   1.1040000e+00   5.3907327e-01   5.4008603e-01  -1.2747668e-03
   1.1120000e+00   5.4087171e-01   5.3991984e-01   3.1580988e-03
   1.1200000e+00   5.4236939e-01   5.3975370e-01  -1.9373900e-03
   1.1280000e+00   5.3746205e-01   5.3958762e-01  -1.5731278e-03
   1.1360000e+00   5.3848368e-01   5.3942158e-01   4.4622856e-03
   1.1440000e+00   5.4485935e-01   5.3925560e-01  -2.0865709e-03
   1.1520000e+00   5.4350461e-01   5.3908966e-01  -8.2148608e-03
   1.1600000e+00   5.3866863e-01   5.3892378e-01  -1.1572663e-03
   1.1680000e+00   5.3207812e-01   5.3875795e-01   2.0117049e-03
   1.1760000e+00   5.3269858e-01   5.3859217e-01   3.0747931e-03
   1.1840000e+00   5.3688794e-01   5.3842644e-01   2.4296329e-03
   1.1920000e+00   5.3483081e-01   5.3826076e-01  -4.4032999e-03
   1.2000000e+00   5.3229369e-01   5.3809514e-01  -6.8383294e-03
   1.2080000e+00   5.3910229e-01   5.3792956e-01   1.1099172e-03
   1.2160000e+00   5.3772261e-01   5.3776404e-01  -2.6830231e-03
   1.2240000e+00   5.3611465e-01   5.3759856e-01  -3.9005136e-03
   1.2320000e+00   5.4036604e-01   5.3743314e-01  -9.1681799e-04
   1.2400000e+00   5.3502987e-01   5.3726777e-01   2.7977671e-03
   1.2480000e+00   5.3356238e-01   5.3710245e-01   1.3158652e-03
   1.2560000e+00   5.3667727e-01   5.3693718e-01  -5.8552076e-03
   1.2640000e+00   5.3853685e-01   5.3677196e-01  -1.5462120e-03
   1.2720000e+00   5.3731738e-01   5.3660679e-01   3.8254060e-04
   1.2800000e+00   5.3537287e-01   5.3644167e-01   1.8444745e-03
   1.2880000e+00   5.3695566e-01   5.3627660e-01   6.1414011e-04
   1.2960000e+00   5.3884473e-01   5.3611159e-01   5.4700436e-03
   1.3040000e+00   5.4325394e-01   5.3594662e-01   2.0971673e-03
   1.3120000e+00   5.3669262e-01   5.3578171e-01  -1.9868548e-03
   1.3200000e+00   5.2635724e-01   5.3561684e-01   8.5233482e-04
   1.3280000e+00   5.2555392e-01   5.3545203e-01  -2.3430653e-03
   1.3360000e+00   5.2637285e-01   5.3528727e-01   4.5402561e-03
   1.3440000e+00   5.3129667e-01   5.3512256e-01   1.8245326e-03
   1.3520000e+00   5.3154864e-01   5.3495790e-01  -6.9748413e-03
   1.3600000e+00   5.3246383e-01   5.3479328e-01  -3.4290030e-03
   1.3680000e+00   5.3501515e-01   5.3462873e-01  -5.3184845e-04
   1.3760000e+00   5.3039354e-01   5.3446422e-01  -3.1129365e-03
   1.3840000e+00   5.2937142e-01   5.3429976e-01  -2.0780498e-03
   1.3920000e+00   5.3406879e-01   5.3413535e-01  -6.6367126e-05
   1.4000000e+00   5.3435818e-01   5.3397099e-01  -2.3947628e-03
   1.4080000e+00   5.3339387e-01   5.3380669e-01   4.4275308e-03
   1.4160000e+00   5.3525748e-01   5.3364243e-01   2.6534722e-03
   1.4240000e+00   5.3233874e-01   5.3347822e-01  -2.7084079e-04
   1.4320000e+00   5.2657699e-01   5.3331407e-01   3.1137272e-03
   1.4400000e+00   5.2992746e-01   5.3314996e-01   1.7113154e-03
   1.4480000e+00   5.3571245e-01   5.3298591e-01   4.0927184e-03
   1.4560000e+00   5.2985026e-01   5.3282191e-01   8.6992893e-05
   1.4640000e+00   5.2408176e-01   5.3265795e-01  -2.4965932e-03
   1.4720000e+00   5.2763788e-01   5.3249405e-01   1.0370062e-03
   1.4800000e+00   5.3284164e-01   5.3233020e-01   5.6478809e-04
   1.4880000e+00   5.3464728e-01   5.3216640e-01   2.9202329e-04
   1.4960000e+00   5.3182745e-01   5.3200264e-01   4.7823405e-03
   1.5040000e+00   5.3181951e-01   5.3183894e-01   2.2631679e-03
   1.5120000e+00   5.2687776e-01   5.3167529e-01  -3.1598245e-04
   1.5200000e+00   5.2658882e-01   5.3151169e-01   2.5158583e-04
   1.5280000e+00   5.2811719e-01   5.3134814e-01   3.9721441e-03
   1.5360000e+00   5.3143868e-01   5.3118464e-01   2.6996706e-03
   1.5440000e+00   5.3402258e-01   5.3102119e-01  -2.8045007e-03
   1.5520000e+00   5.3108659e-01   5.3085779e-01  -1.6080699e-03
   1.5600000e+00   5.2541408e-01   5.3069445e-01  -5.6105942e-03
   1.5680000e+00   5.2757359e-01   5.3053115e-01  -6.2140454e-03
   1.5760000e+00   5.3083436e-01   5.3036790e-01  -3.7373862e-03
   1.5840000e+00   5.3251298e-01   5.3020470e-01   1.6036872e-03
   1.5920000e+00   5.3130020e-01   5.3004155e-01   3.3389728e-03
   1.6000000e+00   5.2867274e-01   5.2987846e-01  -3.7606269e-03
   1.6080000e+00   5.3148317e-01   5.2971541e-01  -3.8348430e-04
   1.6160000e+00   5.2858041e-01   5.2955241e-01   3.0132987e-03
   1.6240000e+00   5.2750465e-01   5.2938946e-01   1.5332080e-03
   1.6320000e+00   5.2505456e-01   5.2922657e-01   1.8928107e-04
   1.6400000e+00   5.2397782e-01   5.2906372e-01   2.9242990e-03
   1.6480000e+00   5.2798572e-01   5.2890092e-01  -1.3444792e-03
   1.6560000e+00   5.3131203e-01   5.2873818e-01  -2.1766108e-03
   1.6640000e+00   5.2641023e-01   5.2857548e-01   4.0419703e-03
   1.6720000e+00   5.3049417e-01   5.2841283e-01  -1.6429459e-03
   1.6800000e+00   5.3028042e-01   5.2825024e-01  -3.5002358e-03
   1.6880000e+00   5.2489968e-01   5.2808769e-01   5.7359631e-04
   1.6960000e+00   5.2649193e-01   5.2792519e-01   2.1948749e-03
   1.7040000e+00   5.2160357e-01   5.2776275e-01  -1.0651892e-03
   1.7120000e+00   5.2576975e-01   5.2760035e-01  -6.6883759e-04
   1.7200000e+00   5.2711972e-01   5.2743800e-01  -4.3059153e-03
   1.7280000e+00   5.2252820e-01   5.2727571e-01  -3.1947337e-03
   1.7360000e+00   5.2328278e-01   5.2711346e-01   9.4436551e-04
   1.7440000e+00   5.2140262e-01   5.2695126e-01   3.6777198e-04
   1.7520000e+00   5.2161363e-01   5.2678912e-01  -1.2513575e-04
   1.7600000e+00   5.2405705e-01   5.2662702e-01  -1.3620671e-03
   1.7680000e+00   5.2608862e-01   5.2646497e-01   5.1223447e-04
   1.7760000e+00   5.2808446e-01   5.2630298e-01   4.5641797e-04
   1.7840000e+00   5.2660848e-01   5.2614103e-01   3.3095673e-04
   1.7920000e+00   5.2970925e-01   5.2597913e-01  -6.0573873e-04
   1.8000000e+00   5.2241725e-01   5.2581729e-01  -7.9110911e-03
   1.8080000e+00   5.2084459e-01   5.2565549e-01  -2.9753682e-03
   1.8160000e+00   5.2879006e-01   5.2549374e-01   3.2725895e-03
   1.8240000e+00   5.1933563e-01   5.2533204e-01  -6.9337331e-04
   1.8320000e+00   5.2766792e-01   5.2517039e-01   8.6751519e-04
   1.8400000e+00   5.2641190e-01   5.2500879e-01   1.3023550e-03
   1.8480000e+00   5.1876392e-01   5.2484724e-01  -1.5010614e-04
   1.8560000e+00   5.2116765e-01   5.2468575e-01   2.8162891e-03
   1.8640000e+00   5.1820332e-01   5.2452430e-01   7.4149876e-03
   1.8720000e+00   5.2239748e-01   5.2436290e-01   1.4193646e-03
   1.8800000e+00   5.1992439e-01   5.2420155e-01  -4.3193902e-03
   1.8880000e+00   5.2359208e-01   5.2404025e-01  -8.5424953e-04
   1.8960000e+00   5.2810436e-01   5.2387899e-01   2.2163582e-03
   1.9040000e+00   5.2196809e-01   5.2371779e-01   2.0891501e-03
   1.9120000e+00   5.2283623e-01   5.2355664e-01   7.5897490e-04
   1.9200000e+00   5.2511144e-01   5.2339554e-01   2.2647839e-04
   1.9280000e+00   5.2636483e-01   5.2323449e-01   9.7390563e-04
   1.9360000e+00   5.2279574e-01   5.2307348e-01   1.2698211e-03
   1.9440000e+00   5.1825095e-01   5.2291253e-01  -1.5762569e-03
   1.9520000e+00   5.2138457e-01   5.2275163e-01  -3.4756655e-03
   1.9600000e+00   5.1803771e-01   5.2259077e-01  -2.8099975e-03
   1.9680000e+00   5.1549019e-01   5.2242997e-01  -3.1504332e-03
   1.9760000e+00   5.2082754e-01   5.2226921e-01  -2.5305876e-03
   1.9840000e+00   5.2033115e-01   5.2210850e-01  -1.2904622e-03
   1.9920000e+00   5.1676350e-01   5.2194785e-01  -1.0998358e-03
   2.0000000e+00   5.2246279e-01   5.2178724e-01   1.2796023e-03
   2.0080000e+00   5.2595696e-01   5.2162668e-01   3.6173129e-03
   2.0160000e+00   5.1657891e-01   5.2146617e-01   1.4462146e-03
   2.0240000e+00   5.1650760e-01   5.2130572e-01   8.0437171e-04
   2.0320000e+00   5.1917016e-01   5.2114531e-01  -5.6831650e-03
   2.0400000e+00   5.1876090e-01   5.2098495e-01  -4.8574757e-04
   2.0480000e+00   5.2031680e-01   5.2082464e-01   5.8075953e-05
   2.0560000e+00   5.2204585e-01   5.2066437e-01  -3.2665627e-03
   2.0640000e+00   5.2274569e-01   5.2050416e-01  -1.1034341e-03
   2.0720000e+00   5.1563724e-01   5.2034400e-01   2.6635147e-03
   2.0800000e+00   5.1348768e-01   5.2018389e-01   4.2022545e-03
   2.0880000e+00   5.1433240e-01   5.2002382e-01  -6.6480090e-04
   2.0960000e+00   5.1862343e-01   5.1986381e-01   3.2229658e-03
   2.1040000e+00   5.1879926e-01   5.1970384e-01   6.2933743e-04
   2.1120000e+00   5.1270038e-01   5.1954392e-01   4.3806587e-03
   2.1200000e+00   5.1314079e-01   5.1938406e-01   2.9109771e-03
   2.1280000e+00   5.1644096e-01   5.1922424e-01  -1.0793251e-03
   2.1360000e+00   5.1736699e-01   5.1906447e-01  -5.7186539e-03
   2.1440000e+00   5.1581254e-01   5.1890475e-01   2.6782085e-03
   2.1520000e+00   5.1919097e-01   5.1874508e-01   9.4738739e-03
   2.1600000e+00   5.2171435e-01   5.1858546e-01  -6.5529557e-03
   2.1680000e+00   5.1354280e-01   5.1842588e-01  -2.1862510e-03
   2.1760000e+00   5.1277545e-01   5.1826636e-01   2.4665171e-04
   2.1840000e+00   5.1926203e-01   5.1810689e-01  -5.5219493e-03
   2.1920000e+00   5.1400016e-01   5.1794746e-01   3.6230922e-05
   2.2000000e+00   5.1245561e-01   5.1778808e-01   7.3327886e-04
   2.2080000e+00   5.1446878e-01   5.1762876e-01   2.2202897e-03
   2.2160000e+00   5.1426040e-01   5.1746948e-01  -2.0073393e-03
   2.2240000e+00   5.1895364e-01   5.1731025e-01  -6.2099636e-03
   2.2320000e+00   5.1488821e-01   5.1715107e-01  -3.1571136e-03
   2.2400000e+00   5.1405098e-01   5.1699194e-01  -2.3638822e-03
   2.2480000e+00   5.1314926e-01   5.1683286e-01   5.0119082e-03
   2.2560000e+00   5.0851977e-01   5.1667382e-01   5.9311828e-03
   2.2640000e+00   5.0828043e-01   5.1651484e-01  -7.5532740e-04
   2.2720000e+00   5.1415060e-01   5.1635590e-01  -1.3977417e-03
   2.2800000e+00   5.1383747e-01   5.1619702e-01   1.5062083e-03
   2.2880000e+00   5.1486041e-01   5.1603818e-01   9.8698143e-04
   2.2960000e+00   5.1300635e-01   5.1587939e-01   2.4745047e-05
   2.3040000e+00   5.1403145e-01   5.1572065e-01  -2.6027168e-03
   2.3120000e+00   5.1547963e-01   5.1556196e-01   9.6032060e-04
   2.3200000e+00   5.1007062e-01   5.1540332e-01   6.0303196e-03
   2.3280000e+00   5.0782121e-01   5.1524472e-01   3.1180865e-04
   2.3360000e+00   5.0714193e-01   5.1508618e-01  -1.9510124e-03
   2.3440000e+00   5.0785925e-01   5.1492768e-01   3.0240257e-03
   2.3520000e+00   5.0961073e-01   5.1476924e-01   1.0892283e-03
   2.3600000e+00   5.1325460e-01   5.1461084e-01   1.4325809e-03
   2.3680000e+00   5.1205871e-01   5.1445249e-01   3.0325477e-03
   2.3760000e+00   5.1537835e-01   5.1429419e-01  -3.3461416e-03
   2.3840000e+00   5.1278126e-01   5.1413594e-01   4.4014790e-03
   2.3920000e+00   5.0660430e-01   5.1397773e-01   1.8522469e-03
   2.4000000e+00   5.0936479e-01   5.1381958e-01  -2.8318679e-03
   2.4080000e+00   5.1015619e-01   5.1366147e-01  -5.2740485e-03
   2.4160000e+00   5.0164670e-01   5.1350342e-01  -4.1449158e-03
   2.4240000e+00   5.0538261e-01   5.1334541e-01   3.5250795e-03
   2.4320000e+00   5.0843622e-01   5.1318745e-01   2.4117860e-03
   2.4400000e+00   5.0717151e-01   5.1302954e-01  -6.2622873e-03
   2.4480000e+00   5.1493244e-01   5.1287167e-01  -8.1613251e-03
   2.4560000e+00   5.0916869e-01   5.1271386e-01   3.8541209e-03
   2.4640000e+00   5.0855295e-01   5.1255609e-01   2.1545706e-03
   2.4720000e+00   5.0929317e-01   5.1239838e-01   2.8446625e-03
   2.4800000e+00   5.0617895e-01   5.1224071e-01   9.0373374e-03
   2.4880000e+00   5.1151827e-01   5.1208309e-01   9.2081384e-03
   2.4960000e+00   5.1099039e-01   5.1192551e-01   1.6501064e-03
   2.5040000e+00   5.0926395e-01   5.1176799e-01  -2.8864168e-03
   2.5120000e+00   5.0847790e-01   5.1161052e-01   2.1858220e-03
   2.5200000e+00   5.0558686e-01   5.1145309e-01  -2.3736457e-04
   2.5280000e+00   5.0640009e-01   5.1129571e-01  -1.7352904e-03
   2.5360000e+00   5.1106854e-01   5.1113838e-01  -2.2248424e-03
   2.5440000e+00   5.0884288e-01   5.1098110e-01  -2.2774405e-03
   2.5520000e+00   5.0411894e-01   5.1082387e-01   2.5514065e-03
   2.5600000e+00   5.0234342e-01   5.1066669e-01   5.7148608e-03
   2.5680000e+00   5.0695375e-01   5.1050955e-01   2.1661138e-03
   2.5760000e+00   5.1525132e-01   5.1035246e-01  -5.1542009e-03
   2.5840000e+00   5.0707091e-01   5.1019542e-01  -3.3785462e-03
   2.5920000e+00   4.9812241e-01   5.1003843e-01   2.9088652e-03
   2.6000000e+00   5.0687017e-01   5.0988149e-01   4.5758229e-03
   2.6080000e+00   5.0507561e-01   5.0972460e-01   5.7440327e-03
   2.6160000e+00   5.0444505e-01   5.0956775e-01  -4.7284509e-03
   2.6240000e+00   5.0463345e-01   5.0941095e-01  -6.5664089e-03
   2.6320000e+00   5.0537364e-01   5.0925420e-01  -1.7622545e-04
   2.6400000e+00   5.0614235e-01   5.0909750e-01  -1.9534845e-03
   2.6480000e+00   5.0296508e-01   5.0894085e-01  -2.0183878e-04
   2.6560000e+00   5.0584685e-01   5.0878424e-01   7.6946726e-04
   2.6640000e+00   5.0932095e-01   5.0862769e-01  -5.2896781e-04
   2.6720000e+00   5.1214364e-01   5.0847118e-01  -2.9587530e-04
   2.6800000e+00   5.1392413e-01   5.0831472e-01  -1.5413218e-03
   2.6880000e+00   5.0589678e-01   5.0815831e-01  -4.1651258e-03
   2.6960000e+00   5.0173659e-01   5.0800194e-01   1.4267412e-03
   2.7040000e+00   5.0519408e-01   5.0784563e-01   1.1009936e-03
   2.7120000e+00   5.0304659e-01   5.0768936e-01  -3.4705894e-03
   2.7200000e+00   5.0216384e-01   5.0753314e-01  -2.2921700e-03
   2.7280000e+00   4.9778393e-01   5.0737697e-01   2.9983867e-03
   2.7360000e+00   5.0342698e-01   5.0722084e-01   2.2415130e-03
   2.7440000e+00   5.0849549e-01   5.0706477e-01   1.3915895e-03
   2.7520000e+00   5.0304158e-01   5.0690874e-01  -1.7351059e-03
   2.7600000e+00   5.0257020e-01   5.0675276e-01  -4.6938519e-03
   2.7680000e+00   5.0418611e-01   5.0659683e-01  -1.4518895e-03
   2.7760000e+00   5.0504195e-01   5.0644095e-01  -2.2644674e-03
   2.7840000e+00   5.0884826e-01   5.0628511e-01   1.5326433e-03
   2.7920000e+00   5.0030310e-01   5.0612932e-01   3.5264476e-03
   2.8000000e+00   4.9786513e-01   5.0597358e-01   2.0384484e-03
   2.8080000e+00   5.0737444e-01   5.0581789e-01   2.1605816e-03
   2.8160000e+00   5.0151750e-01   5.0566225e-01   2.4753275e-03
   2.8240000e+00   5.0463497e-01   5.0550665e-01   5.3153110e-03
   2.8320000e+00   5.0694809e-01   5.0535110e-01   2.6406939e-03
   2.8400000e+00   4.9787161e-01   5.0519560e-01  -4.6191183e-03
   2.8480000e+00   4.9871948e-01   5.0504015e-01  -3.3219969e-03
   2.8560000e+00   4.9955945e-01   5.0488475e-01  -9.1327046e-05
   2.8640000e+00   4.9710277e-01   5.0472939e-01   4.9100146e-03
   2.8720000e+00   5.0239610e-01   5.0457408e-01   5.0196429e-03
   2.8800000e+00   5.0526882e-01   5.0441882e-01   1.7876199e-03
   2.8880000e+00   4.9858733e-01   5.0426361e-01   2.4983773e-03
   2.8960000e+00   4.9392357e-01   5.0410844e-01   3.0915852e-04
   2.9040000e+00   4.9977508e-01   5.0395332e-01  -5.3829632e-03
   2.9120000e+00   5.0233495e-01   5.0379825e-01   6.7681690e-04
   2.9200000e+00   4.9777142e-01   5.0364323e-01   8.6414592e-03
   2.9280000e+00   4.9611070e-01   5.0348826e-01   5.4335482e-03
   2.9360000e+00   4.9876368e-01   5.0333333e-01   7.2125010e-03
   2.9440000e+00   4.9507951e-01   5.0317845e-01   3.1215118e-03
   2.9520000e+00   4.8977709e-01   5.0302362e-01   1.2105126e-03
   2.9600000e+00   4.9614319e-01   5.0286883e-01   2.4102465e-03
   2.9680000e+00   5.0138738e-01   5.0271410e-01   3.4406262e-04
   2.9760000e+00   5.0621595e-01   5.0255941e-01  -3.7998692e-03
   2.9840000e+00   4.9658055e-01   5.0240477e-01  -6.8007278e-03
   2.9920000e+00   4.9401398e-01   5.0225017e-01  -1.6525896e-03
   3.0000000e+00   4.9681336e-01   5.0209563e-01  -1.0237997e-03
   3.0080000e+00   4.9962390e-01   5.0194113e-01  -3.3618074e-03
   3.0160000e+00   5.0212217e-01   5.0178668e-01   8.6307303e-04
   3.0240000e+00   4.9666850e-01   5.0163227e-01   7.5942146e-03
   3.0320000e+00   4.9817994e-01   5.0147792e-01  -4.1279938e-04
   3.0400000e+00   5.0478911e-01   5.0132361e-01  -5.9619451e-03
   3.0480000e+00   5.0019789e-01   5.0116935e-01   8.6387202e-04
   3.0560000e+00   4.9132369e-01   5.0101514e-01  -3.1583818e-04
   3.0640000e+00   5.0395207e-01   5.0086097e-01  -1.3699038e-03
   3.0720000e+00   4.9982755e-01   5.0070685e-01   1.1117935e-03
   3.0800000e+00   4.9188866e-01   5.0055278e-01   2.5022014e-04
   3.0880000e+00   5.0044967e-01   5.0039876e-01  -3.3943560e-03
   3.0960000e+00   5.0063644e-01   5.0024478e-01  -1.2610262e-04
   3.1040000e+00   4.9694498e-01   5.0009085e-01   2.1815502e-03
   3.1120000e+00   4.9725924e-01   4.9993697e-01   2.7191976e-03
   3.1200000e+00   4.9860005e-01   4.9978314e-01   2.6715364e-03
   3.1280000e+00   4.9895890e-01   4.9962935e-01  -5.9362880e-03
   3.1360000e+00   4.9512405e-01   4.9947561e-01  -2.0527489e-03
   3.1440000e+00   4.9314534e-01   4.9932192e-01   1.3909392e-02
   3.1520000e+00   4.9226627e-01   4.9916827e-01   6.4559492e-03
   3.1600000e+00   4.9579473e-01   4.9901467e-01   1.9109679e-03
   3.1680000e+00   4.9579821e-01   4.9886112e-01   3.2173728e-03
   3.1760000e+00   4.9644200e-01   4.9870762e-01   2.6282177e-03
   3.1840000e+00   4.9494834e-01   4.9855416e-01   2.1731520e-03
   3.1920000e+00   4.9443996e-01   4.9840076e-01   5.7702740e-04
   3.2000000e+00   4.9640553e-01   4.9824739e-01   8.6920460e-04
   3.2080000e+00   4.9639624e-01   4.9809408e-01   3.2562336e-03
   3.2160000e+00   4.9863310e-01   4.9794081e-01   5.0623818e-03
   3.2240000e+00   4.9376862e-01   4.9778759e-01  -1.8515222e-03
   3.2320000e+00   4.9431934e-01   4.9763442e-01  -2.8186207e-03
   3.2400000e+00   4.9735360e-01   4.9748129e-01  -1.7695017e-04
   3.2480000e+00   4.9651357e-01   4.9732822e-01   1.5876610e-03
   3.2560000e+00   4.9578964e-01   4.9717518e-01   2.6089794e-03
   3.2640000e+00   4.9662317e-01   4.9702220e-01  -1.2392625e-05
   3.2720000e+00   4.9979653e-01   4.9686926e-01  -5.3573011e-03
   3.2800000e+00   5.0033162e-01   4.9671637e-01  -2.9707890e-03
   3.2880000e+00   4.9024596e-01   4.9656353e-01  -5.3913793e-03
   3.2960000e+00   4.9760397e-01   4.9641073e-01  -4.4203131e-03
   3.3040000e+00   4.9738761e-01   4.9625798e-01   2.2963523e-03
   3.3120000e+00   4.9035758e-01   4.9610528e-01   1.2714199e-03
   3.3200000e+00   4.9170029e-01   4.9595263e-01   9.1292115e-04
   3.3280000e+00   4.9151845e-01   4.9580002e-01  -1.3470331e-04
   3.3360000e+00   4.9451418e-01   4.9564746e-01   1.4903042e-03
   3.3440000e+00   4.9469806e-01   4.9549494e-01   2.7654058e-03
   3.3520000e+00   4.9605158e-01   4.9534248e-01  -2.3891625e-03
   3.3600000e+00   4.9243547e-01   4.9519005e-01   1.7902963e-03
   3.3680000e+00   4.9460665e-01   4.9503768e-01  -2.3021476e-03
   3.3760000e+00   4.9180816e-01   4.9488535e-01  -1.8728920e-03
   3.3840000e+00   4.8861719e-01   4.9473307e-01  -2.0607916e-03
   3.3920000e+00   4.8914239e-01   4.9458084e-01  -1.7287546e-04
   3.4000000e+00   4.9012006e-01   4.9442866e-01   2.7623080e-03
   3.4080000e+00   4.9251783e-01   4.9427652e-01  -2.3942750e-03
   3.4160000e+00   4.8713926e-01   4.9412442e-01   5.2927058e-03
   3.4240000e+00   4.9213418e-01   4.9397238e-01   2.0360743e-03
   3.4320000e+00   4.9509938e-01   4.9382038e-01  -8.9471346e-03
   3.4400000e+00   4.9334109e-01   4.9366843e-01  -5.3100403e-03
   3.4480000e+00   4.8973646e-01   4.9351652e-01  -1.2072484e-03
   3.4560000e+00   4.8455506e-01   4.9336466e-01  -3.2208053e-03
   3.4640000e+00   4.9226550e-01   4.9321285e-01  -1.9257339e-03
   3.4720000e+00   4.9392189e-01   4.9306109e-01   2.6124317e-03
   3.4800000e+00   4.9493019e-01   4.9290937e-01   2.7464911e-03
   3.4880000e+00   4.8799620e-01   4.9275770e-01  -2.0530259e-03
   3.4960000e+00   4.8591310e-01   4.9260607e-01  -1.0332044e-03
   3.5040000e+00   4.8694688e-01   4.9245449e-01   3.3766446e-03
   3.5120000e+00   4.8681339e-01   4.9230296e-01   3.7144773e-03
   3.5200000e+00   4.8808056e-01   4.9215148e-01  -5.6541022e-03
   3.5280000e+00   4.8977794e-01   4.9200004e-01  -6.2912318e-03
   3.5360000e+00   4.8965844e-01   4.9184864e-01  -4.4982811e-04
   3.5440000e+00   4.8117237e-01   4.9169730e-01  -3.6757698e-04
   3.5520000e+00   4.8965790e-01   4.9154600e-01   2.4127212e-03
   3.5600000e+00   4.9157130e-01   4.9139475e-01   2.4352336e-03
   3.5680000e+00   4.9105389e-01   4.9124354e-01   3.6292832e-03
   3.5760000e+00   4.9132229e-01   4.9109238e-01   7.3012014e-04
   3.5840000e+00   4.8701077e-01   4.9094127e-01   1.4551111e-03
   3.5920000e+00   4.8823935e-01   4.9079020e-01   5.3800989e-03
   3.6000000e+00   4.8972505e-01   4.9063918e-01  -3.7505872e-03
   3.6080000e+00   4.8681388e-01   4.9048821e-01  -2.9238119e-03
   3.6160000e+00   4.9104487e-01   4.9033728e-01   2.8012478e-03
   3.6240000e+00   4.8811832e-01   4.9018640e-01   6.2036002e-03
   3.6320000e+00   4.8722359e-01   4.9003557e-01   7.9451822e-04
   3.6400000e+00   4.9230883e-01   4.8988478e-01  -1.8260790e-03
   3.6480000e+00   4.8646300e-01   4.8973404e-01  -1.4260052e-04
   3.6560000e+00   4.8433787e-01   4.8958335e-01  -4.5879444e-03
   3.6640000e+00   4.8804257e-01   4.8943270e-01   1.5701587e-04
   3.6720000e+00   4.9214149e-01   4.8928210e-01   3.1394697e-03
   3.6800000e+00   4.8515249e-01   4.8913154e-01  -2.5262575e-03
   3.6880000e+00   4.8391070e-01   4.8898103e-01   1.4691731e-03
   3.6960000e+00   4.8487008e-01   4.8883057e-01   5.3267531e-03
   3.7040000e+00   4.8254813e-01   4.8868015e-01  -6.8406630e-03
   3.7120000e+00   4.8988082e-01   4.8852978e-01  -3.6008604e-03
   3.7200000e+00   4.8621689e-01   4.8837946e-01   6.9230156e-03
   3.7280000e+00   4.7934948e-01   4.8822918e-01   4.7936639e-03
   3.7360000e+00   4.8338313e-01   4.8807895e-01   1.4575355e-03
   3.7440000e+00   4.8723561e-01   4.8792876e-01  -2.3416992e-03
   3.7520000e+00   4.8968525e-01   4.8777862e-01  -4.4390835e-03
   3.7600000e+00   4.8960406e-01   4.8762853e-01  -6.2462223e-04
   3.7680000e+00   4.8896449e-01   4.8747848e-01  -1.6405342e-03
   3.7760000e+00   4.8442472e-01   4.8732848e-01  -5.1020969e-03
   3.7840000e+00   4.7942531e-01   4.8717853e-01   3.4113502e-03
   3.7920000e+00   4.7853409e-01   4.8702862e-01   8.1458606e-03
   3.8000000e+00   4.8072967e-01   4.8687876e-01   2.6735889e-03
   3.8080000e+00   4.8359798e-01   4.8672894e-01  -7.7362002e-04
   3.8160000e+00   4.8067346e-01   4.8657917e-01   6.3602209e-03
   3.8240000e+00   4.8310486e-01   4.8642945e-01  -1.5953370e-03
   3.8320000e+00   4.8377921e-01   4.8627977e-01  -5.5884532e-03
   3.8400000e+00   4.8179972e-01   4.8613014e-01   1.7018247e-03
   3.8480000e+00   4.8640051e-01   4.8598055e-01  -1.3919294e-03
   3.8560000e+00   4.8880502e-01   4.8583101e-01   6.7435976e-03
   3.8640000e+00   4.8502368e-01   4.8568152e-01   7.1130208e-03
   3.8720000e+00   4.7717822e-01   4.8553207e-01  -3.7782863e-04
   3.8800000e+00   4.8267989e-01   4.8538267e-01  -3.4560851e-03
   3.8880000e+00   4.8515022e-01   4.8523331e-01   2.9194521e-04
   3.8960000e+00   4.8391345e-01   4.8508400e-01  -2.2024269e-03
   3.9040000e+00   4.8572630e-01   4.8493474e-01   1.1927693e-03
   3.9120000e+00   4.8227525e-01   4.8478552e-01   5.8714711e-03
   3.9200000e+00   4.8116828e-01   4.8463635e-01  -6.6669115e-03
   3.9280000e+00   4.8343615e-01   4.8448722e-01  -5.8027602e-03
   3.9360000e+00   4.8392420e-01   4.8433814e-01  -5.3113647e-04
   3.9440000e+00   4.7931341e-01   4.8418911e-01  -1.2040665e-03
   3.9520000e+00   4.7901610e-01   4.8404012e-01   7.3667892e-03
   3.9600000e+00   4.8362580e-01   4.8389118e-01   3.6443941e-03
   3.9680000e+00   4.8491808e-01   4.8374228e-01  -3.1168869e-03
   3.9760000e+00   4.8675992e-01   4.8359343e-01   5.7298967e-03
   3.9840000e+00   4.8574823e-01   4.8344462e-01   4.3659621e-03
   3.9920000e+00   4.8068206e-01   4.8329587e-01   4.0654577e-04
   4.0000000e+00   4.8404452e-01   4.8314715e-01   2.6292579e-03
   4.0080000e+00   4.8231203e-01   4.8299848e-01   1.4425895e-03
   4.0160000e+00   4.8463143e-01   4.8284986e-01  -4.7308141e-03
   4.0240000e+00   4.8443625e-01   4.8270129e-01  -2.6444787e-03
   4.0320000e+00   4.7799935e-01   4.8255275e-01   3.5947424e-03
   4.0400000e+00   4.7863976e-01   4.8240427e-01   2.6573708e-03
   4.0480000e+00   4.8202009e-01   4.8225583e-01   1.7902149e-04
   4.0560000e+00   4.8341046e-01   4.8210744e-01   3.3843950e-03
   4.0640000e+00   4.7828250e-01   4.8195909e-01   1.1956640e-03
   4.0720000e+00   4.7861048e-01   4.8181079e-01  -5.1605436e-03
   4.0800000e+00   4.8201087e-01   4.8166253e-01  -1.0067169e-03
   4.0880000e+00   4.8675197e-01   4.8151432e-01   4.7817726e-03
   4.0960000e+00   4.7682966e-01   4.8136615e-01   3.9943271e-03
   4.1040000e+00   4.8037965e-01   4.8121803e-01  -2.4660392e-03
   4.1120000e+00   4.8610645e-01   4.8106996e-01  -1.9955168e-03
   4.1200000e+00   4.7511925e-01   4.8092193e-01  -2.5453397e-04
   4.1280000e+00   4.7869594e-01   4.8077395e-01   3.4723459e-03
   4.1360000e+00   4.7892349e-01   4.8062601e-01   2.6658488e-03
   4.1440000e+00   4.7417445e-01   4.8047812e-01  -1.6489855e-03
   4.1520000e+00   4.8243916e-01   4.8033027e-01  -1.7686453e-03
   4.1600000e+00   4.8067711e-01   4.8018247e-01   2.1644143e-03
   4.1680000e+00   4.7585566e-01   4.8003471e-01   4.2534561e-03
   4.1760000e+00   4.8247809e-01   4.7988700e-01   8.7238098e-04
   4.1840000e+00   4.8434115e-01   4.7973934e-01  -5.7117186e-04
   4.1920000e+00   4.7991986e-01   4.7959172e-01  -5.7923050e-03
   4.2000000e+00   4.7532615e-01   4.7944415e-01  -7.4251333e-04
   4.2080000e+00   4.7805209e-01   4.7929662e-01   1.9613449e-05
   4.2160000e+00   4.7884958e-01   4.7914913e-01  -3.0646481e-03
   4.2240000e+00   4.7566555e-01   4.7900170e-01   1.5325735e-04
   4.2320000e+00   4.7622354e-01   4.7885430e-01   1.9623621e-03
   4.2400000e+00   4.7693809e-01   4.7870696e-01   4.2045161e-04
   4.2480000e+00   4.7255652e-01   4.7855966e-01   2.7136825e-03
   4.2560000e+00   4.7546318e-01   4.7841240e-01   5.3773103e-03
   4.2640000e+00   4.8197600e-01   4.7826519e-01  -3.2026282e-04
   4.2720000e+00   4.7998900e-01   4.7811802e-01  -3.5275568e-03
   4.2800000e+00   4.7754854e-01   4.7797090e-01   1.3614635e-03
   4.2880000e+00   4.7800980e-01   4.7782383e-01   2.6639435e-03
   4.2960000e+00   4.7286160e-01   4.7767680e-01   5.0087309e-04
   4.3040000e+00   4.7083901e-01   4.7752981e-01   2.4620109e-04
   4.3120000e+00   4.8228016e-01   4.7738287e-01  -5.7351360e-03
   4.3200000e+00   4.8150875e-01   4.7723598e-01  -1.5856207e-03
   4.3280000e+00   4.7758574e-01   4.7708913e-01  -1.4173767e-03
   4.3360000e+00   4.7501576e-01   4.7694233e-01  -3.9421388e-03
   4.3440000e+00   4.7544901e-01   4.7679557e-01  -1.4538225e-03
   4.3520000e+00   4.8131459e-01   4.7664885e-01  -2.5285247e-03
   4.3600000e+00   4.7671254e-01   4.7650219e-01  -3.2762344e-03
   4.3680000e+00   4.7455103e-01   4.7635556e-01  -2.7121410e-04
   4.3760000e+00   4.7397402e-01   4.7620899e-01  -2.6636706e-03
   4.3840000e+00   4.7171443e-01   4.7606245e-01  -4.5586854e-03
   4.3920000e+00   4.7596505e-01   4.7591596e-01   8.6697639e-04
   4.4000000e+00   4.7321703e-01   4.7576952e-01  -5.5640059e-04
   4.4080000e+00   4.7379270e-01   4.7562312e-01  -4.9297453e-03
   4.4160000e+00   4.7481982e-01   4.7547677e-01  -5.0132580e-04
   4.4240000e+00   4.7151975e-01   4.7533046e-01   5.6653675e-03
   4.4320000e+00   4.7414992e-01   4.7518420e-01   5.0247328e-03
   4.4400000e+00   4.7402936e-01   4.7503798e-01   2.9850358e-03
   4.4480000e+00   4.7081025e-01   4.7489181e-01   2.5449174e-03
   4.4560000e+00   4.7175531e-01   4.7474568e-01   1.3766093e-03
   4.4640000e+00   4.7601013e-01   4.7459960e-01  -2.9610630e-04
   4.4720000e+00   4.7220356e-01   4.7445356e-01   4.5221943e-03
   4.4800000e+00   4.6979411e-01   4.7430757e-01  -7.5365201e-04
   4.4880000e+00   4.7646050e-01   4.7416162e-01  -4.5165229e-04
   4.4960000e+00   4.7572766e-01   4.7401572e-01   9.6047087e-04
   4.5040000e+00   4.7019449e-01   4.7386986e-01   2.0693446e-03
   4.5120000e+00   4.7242104e-01   4.7372405e-01   4.8608146e-03
   4.5200000e+00   4.7440509e-01   4.7357828e-01  -2.7728874e-03
   4.5280000e+00   4.7202461e-01   4.7343256e-01   2.9245031e-03
   4.5360000e+00   4.7218942e-01   4.7328688e-01   4.7959182e-03
   4.5440000e+00   4.7114151e-01   4.7314124e-01   1.1629681e-04
   4.5520000e+00   4.7555479e-01   4.7299565e-01   6.4148032e-04
   4.5600000e+00   4.7661071e-01   4.7285011e-01  -1.0397174e-03
   4.5680000e+00   4.6860164e-01   4.7270461e-01  -1.8613118e-03
   4.5760000e+00   4.6896743e-01   4.7255916e-01   2.6448551e-03
   4.5840000e+00   4.7178303e-01   4.7241375e-01   4.7857537e-04
   4.5920000e+00   4.7440957e-01   4.7226838e-01   2.4543692e-03
   4.6000000e+00   4.7219642e-01   4.7212306e-01   7.6041446e-03
   4.6080000e+00   4.6467662e-01   4.7197779e-01  -1.6612002e-04
   4.6160000e+00   4.6648681e-01   4.7183255e-01  -2.5660734e-03
   4.6240000e+00   4.7545918e-01   4.7168737e-01  -4.9059758e-04
   4.6320000e+00   4.7178705e-01   4.7154223e-01   6.5101278e-03
   4.6400000e+00   4.6710299e-01   4.7139713e-01   2.7256260e-03
   4.6480000e+00   4.6799765e-01   4.7125208e-01  -3.7030437e-03
   4.6560000e+00   4.6784903e-01   4.7110707e-01  -3.1121178e-03
   4.6640000e+00   4.7097177e-01   4.7096211e-01  -4.1435700e-04
   4.6720000e+00   4.7304015e-01   4.7081719e-01  -8.6283013e-04
   4.6800000e+00   4.7193054e-01   4.7067231e-01  -1.2234080e-04
   4.6880000e+00   4.7158775e-01   4.7052748e-01   1.4543478e-03
   4.6960000e+00   4.6342645e-01   4.7038270e-01  -1.2472667e-03
   4.7040000e+00   4.6412186e-01   4.7023796e-01   2.1506284e-03
   4.7120000e+00   4.6647837e-01   4.7009326e-01  -1.5549603e-03
   4.7200000e+00   4.6101291e-01   4.6994861e-01   2.6046763e-03
   4.7280000e+00   4.6885656e-01   4.6980401e-01   2.8257155e-03
   4.7360000e+00   4.7371462e-01   4.6965944e-01  -1.1394424e-03
   4.7440000e+00   4.6985726e-01   4.6951493e-01  -3.7472837e-03
   4.7520000e+00   4.6883666e-01   4.6937045e-01  -6.8083694e-04
   4.7600000e+00   4.6909722e-01   4.6922602e-01   2.5313959e-03
   4.7680000e+00   4.6428066e-01   4.6908164e-01   1.1712718e-03
   4.7760000e+00   4.6639981e-01   4.6893730e-01   4.4705983e-03
   4.7840000e+00   4.6667564e-01   4.6879301e-01   1.9410638e-03
   4.7920000e+00   4.6510230e-01   4.6864875e-01   2.3025043e-03
   4.8000000e+00   4.6672394e-01   4.6850455e-01   1.3388209e-03
   4.8080000e+00   4.6905670e-01   4.6836039e-01   3.6137733e-03
   4.8160000e+00   4.6985075e-01   4.6821627e-01   9.9078481e-04
   4.8240000e+00   4.6961376e-01   4.6807219e-01   1.5919595e-03
   4.8320000e+00   4.6462730e-01   4.6792816e-01   1.8244110e-03
   4.8400000e+00   4.6225653e-01   4.6778418e-01  -3.4597293e-05
   4.8480000e+00   4.7171654e-01   4.6764024e-01   4.2877024e-04
   4.8560000e+00   4.7323620e-01   4.6749634e-01  -2.5867038e-03
   4.8640000e+00   4.6622593e-01   4.6735249e-01  -1.8305702e-03
   4.8720000e+00   4.6783482e-01   4.6720868e-01  -4.5222435e-03
   4.8800000e+00   4.6591956e-01   4.6706492e-01   1.9853080e-03
   4.8880000e+00   4.6645619e-01   4.6692120e-01   9.9698467e-03
   4.8960000e+00   4.6999288e-01   4.6677753e-01   2.6665604e-03
   4.9040000e+00   4.6465822e-01   4.6663389e-01   2.4130869e-03
   4.9120000e+00   4.7021761e-01   4.6649031e-01   7.0985320e-04
   4.9200000e+00   4.6379018e-01   4.6634677e-01   9.5597441e-05
   4.9280000e+00   4.6783536e-01   4.6620327e-01   5.8355670e-03
   4.9360000e+00   4.7119158e-01   4.6605981e-01   2.3453500e-04
   4.9440000e+00   4.6678829e-01   4.6591640e-01   7.5265121e-04
   4.9520000e+00   4.6664923e-01   4.6577304e-01   3.7628672e-03
   4.9600000e+00   4.6397108e-01   4.6562972e-01  -6.6631366e-04
   4.9680000e+00   4.6227084e-01   4.6548644e-01   1.6731523e-04
   4.9760000e+00   4.6466241e-01   4.6534320e-01   2.1912830e-03
   4.9840000e+00   4.7128715e-01   4.6520001e-01  -2.9276878e-03
   4.9920000e+00   4.6130927e-01   4.6505687e-01  -1.7382090e-03
   5.0000000e+00   4.6500731e-01   4.6491377e-01   5.1945552e-04
   5.0080000e+00   4.6674057e-01   4.6477071e-01  -8.3924166e-04
   5.0160000e+00   4.6457873e-01   4.6462770e-01  -4.8808407e-03
   5.0240000e+00   4.7037644e-01   4.6448473e-01  -3.7867272e-03
   5.0320000e+00   4.5899713e-01   4.6434180e-01   4.6165192e-03
   5.0400000e+00   4.5874247e-01   4.6419892e-01   3.7566736e-03
   5.0480000e+00   4.6414419e-01   4.6405608e-01  -9.1353314e-04
   5.0560000e+00   4.6266312e-01   4.6391329e-01  -3.1549030e-05
   5.0640000e+00   4.6774728e-01   4.6377054e-01  -9.7435769e-04
   5.0720000e+00   4.6583532e-01   4.6362784e-01   1.4249752e-03
   5.0800000e+00   4.6225000e-01   4.6348517e-01  -4.1307698e-03
   5.0880000e+00   4.6230995e-01   4.6334256e-01   1.9668061e-03
   5.0960000e+00   4.5951080e-01   4.6319998e-01   4.4065005e-03
   5.1040000e+00   4.6058777e-01   4.6305745e-01  -7.7090813e-03
   5.1120000e+00   4.6112317e-01   4.6291497e-01   4.3288453e-03
   5.1200000e+00   4.6631409e-01   4.6277252e-01   6.2894832e-04
   5.1280000e+00   4.6593315e-01   4.6263013e-01  -5.2567672e-03
   5.1360000e+00   4.6161101e-01   4.6248777e-01   6.0412076e-04
   5.1440000e+00   4.6174720e-01   4.6234546e-01  -1.7750882e-03
   5.1520000e+00   4.5958563e-01   4.6220319e-01  -1.7823784e-03
   5.1600000e+00   4.6511910e-01   4.6206097e-01  -1.7855524e-03
   5.1680000e+00   4.5964827e-01   4.6191879e-01   5.8305361e-04
   5.1760000e+00   4.5880852e-01   4.6177665e-01  -5.1144279e-04
   5.1840000e+00   4.6284267e-01   4.6163456e-01  -2.9400178e-03
   5.1920000e+00   4.5779079e-01   4.6149251e-01  -3.2939469e-03
   5.2000000e+00   4.6336416e-01   4.6135051e-01  -3.7658219e-03
   5.2080000e+00   4.5907465e-01   4.6120855e-01   2.3787062e-04
   5.2160000e+00   4.5868083e-01   4.6106663e-01  -5.6264057e-05
   5.2240000e+00   4.6583083e-01   4.6092476e-01  -3.3912999e-03
   5.2320000e+00   4.5944128e-01   4.6078293e-01  -4.0027728e-03
   5.2400000e+00   4.6536047e-01   4.6064114e-01  -4.6446626e-04
   5.2480000e+00   4.6197878e-01   4.6049940e-01  -4.1237054e-03
   5.2560000e+00   4.5941295e-01   4.6035770e-01  -4.3173144e-03
   5.2640000e+00   4.6683839e-01   4.6021604e-01   5.4691598e-03
   5.2720000e+00   4.5747162e-01   4.6007443e-01  -1.6850658e-03
   5.2800000e+00   4.6132089e-01   4.5993286e-01  -2.3257310e-03
   5.2880000e+00   4.6327400e-01   4.5979134e-01  -4.3543257e-04
   5.2960000e+00   4.5687963e-01   4.5964986e-01  -8.9823196e-03
   5.3040000e+00   4.5653958e-01   4.5950842e-01  -3.5058241e-03
   5.3120000e+00   4.6019564e-01   4.5936703e-01   3.5760550e-03
   5.3200000e+00   4.5951758e-01   4.5922568e-01  -6.2031667e-04
   5.3280000e+00   4.6650333e-01   4.5908437e-01   2.0466884e-03
   5.3360000e+00   4.6283769e-01   4.5894311e-01   8.4871281e-04
   5.3440000e+00   4.5889892e-01   4.5880189e-01  -4.4770674e-04
   5.3520000e+00   4.6489536e-01   4.5866071e-01   4.7187428e-04
   5.3600000e+00   4.6358779e-01   4.5851958e-01  -2.9541870e-03
   5.3680000e+00   4.6097030e-01   4.5837849e-01  -3.7215747e-03
   5.3760000e+00   4.6029857e-01   4.5823744e-01  -9.0691162e-04
   5.3840000e+00   4.5957735e-01   4.5809644e-01   1.2846543e-03
   5.3920000e+00   4.6192185e-01   4.5795548e-01  -8.9470185e-05
   5.4000000e+00   4.6271500e-01   4.5781456e-01  -6.1141910e-04
   5.4080000e+00   4.5358210e-01   4.5767369e-01   3.7313636e-03
   5.4160000e+00   4.5489777e-01   4.5753286e-01   3.6224435e-03
   5.4240000e+00   4.5599112e-01   4.5739207e-01  -2.5600492e-03
   5.4320000e+00   4.5783247e-01   4.5725133e-01  -2.4763092e-04
   5.4400000e+00   4.5435506e-01   4.5711063e-01   5.3836381e-04
   5.4480000e+00   4.5944829e-01   4.5696997e-01  -1.8959558e-03
   5.4560000e+00   4.6226437e-01   4.5682936e-01  -2.0949955e-03
   5.4640000e+00   4.5858258e-01   4.5668879e-01  -8.6266510e-04
   5.4720000e+00   4.5494752e-01   4.5654826e-01   3.4859136e-03
   5.4800000e+00   4.5661939e-01   4.5640778e-01   8.7466101e-04
   5.4880000e+00   4.5811620e-01   4.5626734e-01  -9.2633833e-04
   5.4960000e+00   4.5604009e-01   4.5612694e-01  -2.3530899e-03
   5.5040000e+00   4.5332662e-01   4.5598659e-01  -1.0416545e-03
   5.5120000e+00   4.5604286e-01   4.5584628e-01   5.3813023e-03
   5.5200000e+00   4.6084593e-01   4.5570601e-01   3.8489340e-03
   5.5280000e+00   4.6054761e-01   4.5556579e-01   5.2580095e-03
   5.5360000e+00   4.5850239e-01   4.5542561e-01  -1.5523886e-05
   5.5440000e+00   4.5421901e-01   4.5528547e-01   5.6007588e-05
   5.5520000e+00   4.5895858e-01   4.5514538e-01  -1.4616680e-03
   5.5600000e+00   4.6348372e-01   4.5500532e-01  -5.0131123e-03
   5.5680000e+00   4.6074801e-01   4.5486532e-01   2.4059550e-03
   5.5760000e+00   4.5643333e-01   4.5472535e-01   2.6393335e-03
   5.5840000e+00   4.5400952e-01   4.5458543e-01  -2.4812658e-03
   5.5920000e+00   4.5309317e-01   4.5444555e-01  -7.9359459e-04
   5.6000000e+00   4.4937347e-01   4.5430571e-01   4.1026810e-04
   5.6080000e+00   4.5445822e-01   4.5416592e-01  -2.0123994e-03
   5.6160000e+00   4.5774452e-01   4.5402617e-01  -1.5920713e-03
   5.6240000e+00   4.4819842e-01   4.5388646e-01  -1.0713666e-03
   5.6320000e+00   4.5179197e-01   4.5374680e-01  -2.5328598e-03
   5.6400000e+00   4.5687205e-01   4.5360718e-01  -2.3100478e-03
   5.6480000e+00   4.5365624e-01   4.5346760e-01  -2.4999919e-03
   5.6560000e+00   4.5402673e-01   4.5332806e-01   6.0174435e-04
   5.6640000e+00   4.5452013e-01   4.5318857e-01   4.4080678e-03
   5.6720000e+00   4.5407353e-01   4.5304912e-01   1.4849428e-03
   5.6800000e+00   4.5102597e-01   4.5290972e-01  -4.2038569e-04
   5.6880000e+00   4.5130888e-01   4.5277035e-01  -3.2703220e-03
   5.6960000e+00   4.5519917e-01   4.5263103e-01   5.0847988e-04
   5.7040000e+00   4.5049149e-01   4.5249175e-01   6.9853518e-03
   5.7120000e+00   4.5531602e-01   4.5235252e-01   2.5087501e-03
   5.7200000e+00   4.5916980e-01   4.5221333e-01  -3.8535643e-03
   5.7280000e+00   4.5111800e-01   4.5207418e-01  -5.2920126e-03
   5.7360000e+00   4.5375517e-01   4.5193507e-01   1.9384142e-03
   5.7440000e+00   4.5804244e-01   4.5179601e-01   1.0159460e-03
   5.7520000e+00   4.5515010e-01   4.5165699e-01   5.5052045e-04
   5.7600000e+00   4.5160950e-01   4.5151801e-01   2.0250967e-03
   5.7680000e+00   4.4744988e-01   4.5137907e-01  -1.2582146e-03
   5.7760000e+00   4.5358357e-01   4.5124018e-01   1.6139461e-03
   5.7840000e+00   4.4894987e-01   4.5110133e-01   3.0202834e-04
   5.7920000e+00   4.5404180e-01   4.5096252e-01  -4.9391636e-03
   5.8000000e+00   4.5873476e-01   4.5082376e-01  -6.3473409e-03
   5.8080000e+00   4.5550237e-01   4.5068504e-01  -5.4026511e-03
   5.8160000e+00   4.5228988e-01   4.5054636e-01   1.6303866e-03
   5.8240000e+00   4.4942335e-01   4.5040772e-01   1.2027325e-03
   5.8320000e+00   4.5560958e-01   4.5026913e-01  -1.2803287e-04
   5.8400000e+00   4.5647679e-01   4.5013058e-01   2.7756999e-03
   5.8480000e+00   4.5352121e-01   4.4999207e-01  -5.3944090e-03
   5.8560000e+00   4.5918644e-01   4.4985360e-01  -5.6771714e-03
   5.8640000e+00   4.5914001e-01   4.4971518e-01  -7.3484148e-04
   5.8720000e+00   4.4949882e-01   4.4957680e-01   1.2250733e-04
   5.8800000e+00   4.5593245e-01   4.4943846e-01  -3.7532149e-03
   5.8880000e+00   4.5041902e-01   4.4930016e-01   8.3655379e-04
   5.8960000e+00   4.5140578e-01   4.4916191e-01  -8.2221533e-04
   5.9040000e+00   4.5341421e-01   4.4902370e-01   5.1365901e-04
   5.9120000e+00   4.4911106e-01   4.4888553e-01   1.0315681e-03
   5.9200000e+00   4.4798308e-01   4.4874741e-01  -3.6438388e-03
   5.9280000e+00   4.5064833e-01   4.4860933e-01   2.1318921e-03
   5.9360000e+00   4.5435154e-01   4.4847128e-01  -3.6324952e-03
   5.9440000e+00   4.5011523e-01   4.4833329e-01  -3.4944942e-03
   5.9520000e+00   4.4697842e-01   4.4819533e-01   1.7311898e-03
   5.9600000e+00   4.4592040e-01   4.4805742e-01  -4.1461189e-04
   5.9680000e+00   4.4848840e-01   4.4791955e-01  -2.0059922e-03
   5.9760000e+00   4.5045835e-01   4.4778172e-01   2.1293483e-03
   5.9840000e+00   4.5314616e-01   4.4764393e-01   1.2518712e-03
   5.9920000e+00   4.5084257e-01   4.4750619e-01  -3.9495427e-03
   6.0000000e+00   4.4789006e-01   4.4736849e-01  -2.3383876e-03
   6.0080000e+00   4.4946079e-01   4.4723083e-01  -2.0627923e-03
   6.0160000e+00   4.4748222e-01   4.4709322e-01  -2.2728715e-03
   6.0240000e+00   4.5295524e-01   4.4695564e-01   2.3192124e-03
   6.0320000e+00   4.5137244e-01   4.4681811e-01  -4.8579112e-04
   6.0400000e+00   4.4729871e-01   4.4668062e-01  -1.8228107e-03
   6.0480000e+00   4.5004708e-01   4.4654317e-01   3.0582384e-03
   6.0560000e+00   4.4859964e-01   4.4640577e-01   3.0953936e-04
   6.0640000e+00   4.4936402e-01   4.4626841e-01  -3.5285196e-04
   6.0720000e+00   4.4722465e-01   4.4613109e-01   1.6405469e-03
   6.0800000e+00   4.4771284e-01   4.4599381e-01  -7.8977595e-04
   6.0880000e+00   4.4961342e-01   4.4585657e-01   2.2450236e-03
   6.0960000e+00   4.5062732e-01   4.4571938e-01   2.4104074e-03
   6.1040000e+00   4.4896838e-01   4.4558223e-01  -2.3380349e-03
   6.1120000e+00   4.5035304e-01   4.4544512e-01  -4.3017623e-03
   6.1200000e+00   4.5744358e-01   4.4530805e-01  -1.3929821e-04
   6.1280000e+00   4.5795966e-01   4.4517103e-01   1.6187904e-03
   6.1360000e+00   4.4957083e-01   4.4503405e-01  -8.2844829e-04
   6.1440000e+00   4.5326120e-01   4.4489711e-01  -2.2079079e-03
   6.1520000e+00   4.5563902e-01   4.4476021e-01   1.0521328e-03
   6.1600000e+00   4.5132059e-01   4.4462335e-01  -8.2552672e-04
   6.1680000e+00   4.5108658e-01   4.4448654e-01  -5.2592934e-04
   6.1760000e+00   4.4573076e-01   4.4434977e-01   1.3939887e-04
   6.1840000e+00   4.4803351e-01   4.4421304e-01  -1.7667228e-03
   6.1920000e+00   4.5349087e-01   4.4407635e-01   6.0094171e-04
   6.2000000e+00   4.4867328e-01   4.4393970e-01  -2.2284834e-03
   6.2080000e+00   4.5245843e-01   4.4380310e-01  -6.1813006e-03
   6.2160000e+00   4.5208930e-01   4.4366654e-01   1.2680652e-03
   6.2240000e+00   4.4731915e-01   4.4353002e-01   7.4290733e-03
   6.2320000e+00   4.5162189e-01   4.4339354e-01   1.7826892e-03
   6.2400000e+00   4.4575946e-01   4.4325711e-01   1.1689026e-03
   6.2480000e+00   4.4739434e-01   4.4312071e-01   1.1600140e-03
   6.2560000e+00   4.5346422e-01   4.4298436e-01  -9.7911851e-04
   6.2640000e+00   4.4893810e-01   4.4284805e-01  -7.1210522e-04
   6.2720000e+00   4.4490300e-01   4.4271179e-01   4.3279475e-03
   6.2800000e+00   4.4829925e-01   4.4257556e-01   1.4636776e-03
   6.2880000e+00   4.5223275e-01   4.4243938e-01  -4.0871925e-03
   6.2960000e+00   4.5516932e-01   4.4230323e-01   2.0947339e-03
   6.3040000e+00   4.4927866e-01   4.4216713e-01   6.5015614e-04

