 -1.2800000e-001  6.2429404e-001  6.1416531e-001 -1.2403916e-001
 -1.2000000e-001  6.4870625e-001  6.1194419e-001 -1.2445134e-001
 -1.1200000e-001  6.7463416e-001  6.0973110e-001 -1.2270098e-001
 -1.0400000e-001  7.0912118e-001  6.0752601e-001 -1.2086814e-001
 -9.6000000e-002  7.3639528e-001  6.0532889e-001 -1.1668107e-001
 -8.8000000e-002  7.6899241e-001  6.0313972e-001 -1.1412446e-001
 -8.0000000e-002  7.9712793e-001  6.0095847e-001 -1.1024900e-001
 -7.2000000e-002  8.3197599e-001  5.9878511e-001 -1.1174237e-001
 -6.4000000e-002  8.5542263e-001  5.9661960e-001 -1.1074670e-001
 -5.6000000e-002  8.8674934e-001  5.9446193e-001 -1.0582743e-001
 -4.8000000e-002  9.0976340e-001  5.9231206e-001 -1.0510562e-001
 -4.0000000e-002  9.3284161e-001  5.9016997e-001 -1.0134580e-001
 -3.2000000e-002  9.5435236e-001  5.8803562e-001 -1.0021521e-001
 -2.4000000e-002  9.6910388e-001  5.8590899e-001 -9.5757871e-002
 -1.6000000e-002  9.8450795e-001  5.8379006e-001 -9.6725394e-002
 -8.0000000e-003  9.9816233e-001  5.8167878e-001 -8.8237250e-002
  0.0000000e+000  1.0000000e+000  5.7957514e-001 -8.5084872e-002
  8.0000000e-003  9.9696631e-001  5.7747911e-001 -7.8231075e-002
  1.6000000e-002  9.9307579e-001  5.7539066e-001 -7.0698131e-002
  2.4000000e-002  9.8527776e-001  5.7330976e-001 -6.9063030e-002
  3.2000000e-002  9.7393379e-001  5.7123639e-001 -6.8936901e-002
  4.0000000e-002  9.6143387e-001  5.6917052e-001 -6.1665270e-002
  4.8000000e-002  9.3873110e-001  5.6711212e-001 -6.0869326e-002
  5.6000000e-002  9.1178987e-001  5.6506116e-001 -5.4174056e-002
  6.4000000e-002  8.8397605e-001  5.6301762e-001 -5.0037586e-002
  7.2000000e-002  8.5765322e-001  5.6098147e-001 -4.6349238e-002
  8.0000000e-002  8.2589049e-001  5.5895268e-001 -3.9156890e-002
  8.8000000e-002  7.9892067e-001  5.5693123e-001 -3.4820453e-002
  9.6000000e-002  7.6531931e-001  5.5491709e-001 -3.1811338e-002
  1.0400000e-001  7.3096100e-001  5.5291024e-001 -2.9643205e-002
  1.1200000e-001  7.0538047e-001  5.5091064e-001 -2.4773817e-002
  1.2000000e-001  6.7047739e-001  5.4891827e-001 -2.3315623e-002
  1.2800000e-001  6.4484783e-001  5.4693311e-001 -2.1791888e-002
  1.3600000e-001  6.1680895e-001  5.4495513e-001 -2.0097800e-002
  1.4400000e-001  5.8867792e-001  5.4298430e-001 -1.6070327e-002
  1.5200000e-001  5.5627029e-001  5.4102060e-001 -1.2971493e-002
  1.6000000e-001  5.3688209e-001  5.3906401e-001 -1.9692553e-002
  1.6800000e-001  5.0837038e-001  5.3711448e-001 -1.5983443e-002
  1.7600000e-001  4.9228186e-001  5.3517201e-001 -8.7091251e-003
  1.8400000e-001  4.7163185e-001  5.3323656e-001 -7.9462847e-003
  1.9200000e-001  4.5267832e-001  5.3130812e-001 -6.0678313e-003
  2.0000000e-001  4.4374907e-001  5.2938664e-001 -1.0977608e-002
  2.0800000e-001  4.2750873e-001  5.2747212e-001 -1.6054963e-002
  2.1600000e-001  4.1610796e-001  5.2556452e-001 -7.5034948e-003
  2.2400000e-001  4.0381818e-001  5.2366382e-001 -7.6359054e-003
  2.3200000e-001  4.0128641e-001  5.2176999e-001 -6.3904387e-003
  2.4000000e-001  3.9437054e-001  5.1988301e-001 -8.9362645e-003
  2.4800000e-001  3.8526089e-001  5.1800286e-001 -5.0558523e-003
  2.5600000e-001  3.8518099e-001  5.1612950e-001 -6.9565697e-003
  2.6400000e-001  3.8503796e-001  5.1426292e-001 -1.1273822e-002
  2.7200000e-001  3.8301670e-001  5.1240309e-001 -4.6478601e-003
  2.8000000e-001  3.9108965e-001  5.1054999e-001 -4.5865530e-003
  2.8800000e-001  3.8949940e-001  5.0870359e-001 -8.2477329e-003
  2.9600000e-001  3.9312945e-001  5.0686386e-001 -6.9461460e-003
  3.0400000e-001  3.9205110e-001  5.0503079e-001 -1.0646276e-002
  3.1200000e-001  3.9775458e-001  5.0320435e-001 -5.8871538e-003
  3.2000000e-001  4.0013974e-001  5.0138451e-001 -4.3038325e-003
  3.2800000e-001  4.0915414e-001  4.9957126e-001 -1.0422747e-002
  3.3600000e-001  4.0642817e-001  4.9776456e-001 -4.2556247e-003
  3.4400000e-001  4.1851409e-001  4.9596440e-001 -1.2260886e-002
  3.5200000e-001  4.2036130e-001  4.9417075e-001 -1.1897514e-002
  3.6000000e-001  4.2523724e-001  4.9238358e-001 -9.5977278e-003
  3.6800000e-001  4.3992047e-001  4.9060288e-001 -1.0737962e-002
  3.7600000e-001  4.4556082e-001  4.8882861e-001 -1.1395232e-002
  3.8400000e-001  4.5106615e-001  4.8706077e-001 -1.0828242e-002
  3.9200000e-001  4.5964640e-001  4.8529931e-001 -9.7980305e-003
  4.0000000e-001  4.6365899e-001  4.8354423e-001 -1.5481983e-002
  4.0800000e-001  4.7195462e-001  4.8179550e-001 -1.7047785e-002
  4.1600000e-001  4.7300186e-001  4.8005309e-001 -1.6323417e-002
  4.2400000e-001  4.8267255e-001  4.7831698e-001 -1.3999082e-002
  4.3200000e-001  4.8836306e-001  4.7658714e-001 -1.1566451e-002
  4.4000000e-001  4.9151159e-001  4.7486357e-001 -1.5903069e-002
  4.4800000e-001  4.9176023e-001  4.7314623e-001 -1.3652616e-002
  4.5600000e-001  4.9949023e-001  4.7143510e-001 -1.4957085e-002
  4.6400000e-001  5.0319554e-001  4.6973015e-001 -1.4112827e-002
  4.7200000e-001  5.0465144e-001  4.6803138e-001 -1.6407653e-002
  4.8000000e-001  5.0408677e-001  4.6633874e-001 -1.6198445e-002
  4.8800000e-001  5.0786681e-001  4.6465223e-001 -1.5376078e-002
  4.9600000e-001  5.0095514e-001  4.6297182e-001 -1.1454961e-002
  5.0400000e-001  5.0453021e-001  4.6129748e-001 -1.3056291e-002
  5.1200000e-001  5.0025940e-001  4.5962920e-001 -1.0799657e-002
  5.2000000e-001  4.9265778e-001  4.5796696e-001 -1.1671490e-002
  5.2800000e-001  4.9012993e-001  4.5631072e-001 -1.5345505e-002
  5.3600000e-001  4.8383828e-001  4.5466048e-001 -1.4771605e-002
  5.4400000e-001  4.8226560e-001  4.5301620e-001 -8.9636292e-003
  5.5200000e-001  4.7405450e-001  4.5137787e-001 -9.7387493e-003
  5.6000000e-001  4.6807164e-001  4.4974546e-001 -8.9809646e-003
  5.6800000e-001  4.6104754e-001  4.4811896e-001 -9.8581411e-003
  5.7600000e-001  4.5576196e-001  4.4649834e-001 -8.7941990e-003
  5.8400000e-001  4.4615793e-001  4.4488358e-001 -1.0521929e-002
  5.9200000e-001  4.3954325e-001  4.4327466e-001 -7.4331827e-003
  6.0000000e-001  4.2742300e-001  4.4167156e-001 -2.3230642e-003
  6.0800000e-001  4.2431096e-001  4.4007426e-001 -6.6513677e-003
  6.1600000e-001  4.1994172e-001  4.3848273e-001 -8.8203885e-003
  6.2400000e-001  4.0691153e-001  4.3689696e-001 -6.4043293e-003
  6.3200000e-001  4.0396930e-001  4.3531692e-001 -9.5708194e-003
  6.4000000e-001  3.9421504e-001  4.3374260e-001 -1.1464752e-002
  6.4800000e-001  3.9686173e-001  4.3217397e-001 -1.0294854e-002
  6.5600000e-001  3.8307534e-001  4.3061102e-001 -8.3928262e-003
  6.6400000e-001  3.8260411e-001  4.2905372e-001 -6.5426535e-003
  6.7200000e-001  3.7678358e-001  4.2750205e-001 -6.9416948e-003
  6.8000000e-001  3.7160213e-001  4.2595599e-001 -1.8233212e-003
  6.8800000e-001  3.6640842e-001  4.2441552e-001 -5.3041719e-003
  6.9600000e-001  3.6476440e-001  4.2288062e-001 -9.0001061e-004
  7.0400000e-001  3.6260615e-001  4.2135128e-001 -7.2278888e-003
  7.1200000e-001  3.6345827e-001  4.1982746e-001 -7.3388579e-003
  7.2000000e-001  3.5956295e-001  4.1830916e-001 -1.0886269e-002
  7.2800000e-001  3.5970633e-001  4.1679634e-001 -1.2256371e-003
  7.3600000e-001  3.6695528e-001  4.1528900e-001 -5.6190427e-003
  7.4400000e-001  3.5839641e-001  4.1378711e-001 -6.2237723e-004
  7.5200000e-001  3.5971701e-001  4.1229065e-001 -3.1874157e-003
  7.6000000e-001  3.5835415e-001  4.1079960e-001 -7.9024221e-003
  7.6800000e-001  3.6015931e-001  4.0931395e-001 -4.7062458e-003
  7.7600000e-001  3.6318165e-001  4.0783367e-001 -3.6764222e-003
  7.8400000e-001  3.6504802e-001  4.0635874e-001 -5.2760839e-003
  7.9200000e-001  3.6868601e-001  4.0488914e-001 -5.3987116e-003
  8.0000000e-001  3.7248615e-001  4.0342486e-001 -1.0791301e-002
  8.0800000e-001  3.7460559e-001  4.0196588e-001 -8.0033610e-003
  8.1600000e-001  3.7952489e-001  4.0051217e-001 -4.0790230e-003
  8.2400000e-001  3.8364428e-001  3.9906372e-001 -6.9781941e-003
  8.3200000e-001  3.7894517e-001  3.9762051e-001 -9.0052510e-003
  8.4000000e-001  3.9083836e-001  3.9618252e-001 -8.8011420e-003
  8.4800000e-001  3.9062333e-001  3.9474973e-001 -8.6003675e-003
  8.5600000e-001  3.9266160e-001  3.9332212e-001 -3.2878950e-003
  8.6400000e-001  3.9724174e-001  3.9189967e-001 -7.7129589e-003
  8.7200000e-001  3.9918961e-001  3.9048236e-001 -5.1183844e-003
  8.8000000e-001  3.9944957e-001  3.8907019e-001 -1.1117594e-002
  8.8800000e-001  4.0381264e-001  3.8766312e-001 -1.0409684e-002
  8.9600000e-001  3.9894374e-001  3.8626113e-001 -6.8819057e-003
  9.0400000e-001  4.0820142e-001  3.8486422e-001 -6.2941886e-003
  9.1200000e-001  4.0632245e-001  3.8347236e-001 -1.0003604e-002
  9.2000000e-001  4.0289603e-001  3.8208554e-001 -1.0646554e-002
  9.2800000e-001  4.0334330e-001  3.8070373e-001 -7.4053339e-003
  9.3600000e-001  4.0219558e-001  3.7932691e-001 -7.5646758e-003
  9.4400000e-001  4.0712135e-001  3.7795508e-001 -8.1768205e-003
  9.5200000e-001  3.9969819e-001  3.7658821e-001 -8.6916939e-003
  9.6000000e-001  3.9573069e-001  3.7522628e-001 -7.0344434e-003
  9.6800000e-001  3.9516642e-001  3.7386927e-001 -5.0080512e-003
  9.7600000e-001  3.8959591e-001  3.7251718e-001 -2.8839314e-003
  9.8400000e-001  3.9210127e-001  3.7116997e-001 -7.6148557e-003
  9.9200000e-001  3.8333691e-001  3.6982764e-001 -7.1817821e-003
  1.0000000e+000  3.8157886e-001  3.6849016e-001 -3.0943019e-003
  1.0080000e+000  3.7932006e-001  3.6715751e-001 -5.7554832e-003
  1.0160000e+000  3.7377730e-001  3.6582969e-001 -3.8975516e-003
  1.0240000e+000  3.6901961e-001  3.6450667e-001 -5.2228307e-003
  1.0320000e+000  3.6526826e-001  3.6318843e-001 -8.7633944e-003
  1.0400000e+000  3.5731142e-001  3.6187496e-001 -7.1329451e-003
  1.0480000e+000  3.5412912e-001  3.6056624e-001 -2.0440703e-003
  1.0560000e+000  3.5738470e-001  3.5926226e-001 -5.5059950e-004
  1.0640000e+000  3.5213536e-001  3.5796299e-001  1.3288780e-003
  1.0720000e+000  3.4339410e-001  3.5666842e-001 -5.8959812e-003
  1.0800000e+000  3.3635673e-001  3.5537853e-001 -4.2435144e-003
  1.0880000e+000  3.3929142e-001  3.5409330e-001 -5.3861744e-003
  1.0960000e+000  3.3860464e-001  3.5281272e-001 -4.8751512e-003
  1.1040000e+000  3.3282730e-001  3.5153678e-001 -2.8460419e-003
  1.1120000e+000  3.2885370e-001  3.5026545e-001 -3.1762414e-003
  1.1200000e+000  3.2512578e-001  3.4899871e-001 -8.8083860e-004
  1.1280000e+000  3.2225273e-001  3.4773656e-001 -5.4676106e-003
  1.1360000e+000  3.1853130e-001  3.4647897e-001 -1.6504951e-003
  1.1440000e+000  3.1919189e-001  3.4522593e-001 -5.5430426e-003
  1.1520000e+000  3.1643476e-001  3.4397743e-001  5.7454274e-004
  1.1600000e+000  3.1536691e-001  3.4273343e-001  2.6668109e-003
  1.1680000e+000  3.1721206e-001  3.4149394e-001 -6.2463338e-003
  1.1760000e+000  3.1274313e-001  3.4025893e-001 -6.5573635e-003
  1.1840000e+000  3.1347007e-001  3.3902838e-001 -3.1387774e-003
  1.1920000e+000  3.1482881e-001  3.3780229e-001 -1.8172245e-003
  1.2000000e+000  3.1543990e-001  3.3658063e-001 -2.1957502e-003
  1.2080000e+000  3.1679339e-001  3.3536339e-001 -4.1288638e-003
  1.2160000e+000  3.1481179e-001  3.3415055e-001 -8.8433124e-005
  1.2240000e+000  3.1125201e-001  3.3294209e-001  2.3185386e-003
  1.2320000e+000  3.1352633e-001  3.3173801e-001 -3.5196497e-003
  1.2400000e+000  3.1211821e-001  3.3053828e-001 -8.5550181e-003
  1.2480000e+000  3.1491789e-001  3.2934289e-001 -3.5566827e-003
  1.2560000e+000  3.1676970e-001  3.2815182e-001 -4.2011648e-003
  1.2640000e+000  3.1750632e-001  3.2696506e-001 -2.8243484e-003
  1.2720000e+000  3.2116563e-001  3.2578260e-001 -6.4026764e-003
  1.2800000e+000  3.2181227e-001  3.2460440e-001 -3.5851708e-003
  1.2880000e+000  3.2306817e-001  3.2343047e-001 -5.3435570e-003
  1.2960000e+000  3.2164465e-001  3.2226079e-001 -4.6736654e-003
  1.3040000e+000  3.2673961e-001  3.2109534e-001 -3.7037107e-003
  1.3120000e+000  3.2925930e-001  3.1993410e-001 -3.8015953e-003
  1.3200000e+000  3.2718576e-001  3.1877706e-001 -5.2404382e-003
  1.3280000e+000  3.2869833e-001  3.1762420e-001 -6.1574348e-003
  1.3360000e+000  3.2356209e-001  3.1647551e-001 -7.8598732e-003
  1.3440000e+000  3.3012218e-001  3.1533098e-001 -5.7422284e-003
  1.3520000e+000  3.2917437e-001  3.1419059e-001 -7.6100814e-004
  1.3600000e+000  3.2935103e-001  3.1305432e-001 -7.8351998e-003
  1.3680000e+000  3.2637915e-001  3.1192216e-001 -6.2560090e-003
  1.3760000e+000  3.2546651e-001  3.1079409e-001 -9.3048861e-003
  1.3840000e+000  3.2842403e-001  3.0967011e-001 -5.9912076e-003
  1.3920000e+000  3.2535910e-001  3.0855019e-001 -4.1188332e-003
  1.4000000e+000  3.2482194e-001  3.0743432e-001  1.3539240e-003
  1.4080000e+000  3.1797643e-001  3.0632248e-001 -2.6773380e-003
  1.4160000e+000  3.2193397e-001  3.0521467e-001 -7.5625658e-003
  1.4240000e+000  3.1855342e-001  3.0411086e-001 -4.0471591e-003
  1.4320000e+000  3.1966538e-001  3.0301105e-001 -2.9295005e-003
  1.4400000e+000  3.1258409e-001  3.0191521e-001 -3.4906454e-003
  1.4480000e+000  3.1302278e-001  3.0082333e-001 -6.8630051e-003
  1.4560000e+000  3.1175891e-001  2.9973541e-001 -5.3633541e-003
  1.4640000e+000  3.0983145e-001  2.9865142e-001 -3.6203601e-003
  1.4720000e+000  3.0630116e-001  2.9757134e-001  8.4424312e-004
  1.4800000e+000  2.9881666e-001  2.9649518e-001 -1.2556990e-003
  1.4880000e+000  3.0176030e-001  2.9542291e-001 -1.8257043e-003
  1.4960000e+000  2.9514765e-001  2.9435451e-001 -6.6690138e-003
  1.5040000e+000  2.9666449e-001  2.9328998e-001  2.1298951e-004
  1.5120000e+000  2.9975218e-001  2.9222930e-001 -5.9686882e-003
  1.5200000e+000  2.8987181e-001  2.9117245e-001 -3.7979345e-003
  1.5280000e+000  2.8916056e-001  2.9011943e-001  2.6455800e-004
  1.5360000e+000  2.8461855e-001  2.8907021e-001 -8.1493517e-003
  1.5440000e+000  2.8297750e-001  2.8802479e-001 -6.7541527e-003
  1.5520000e+000  2.7805159e-001  2.8698315e-001 -6.5560254e-004
  1.5600000e+000  2.8027214e-001  2.8594528e-001 -4.6620913e-003
  1.5680000e+000  2.7569265e-001  2.8491116e-001  2.7085862e-003
  1.5760000e+000  2.7087672e-001  2.8388078e-001 -2.9464947e-003
  1.5840000e+000  2.7250843e-001  2.8285412e-001 -1.2733083e-003
  1.5920000e+000  2.7215983e-001  2.8183118e-001 -7.6035837e-004
  1.6000000e+000  2.6676125e-001  2.8081194e-001  5.4990077e-004
  1.6080000e+000  2.6734472e-001  2.7979639e-001  2.5601885e-003
  1.6160000e+000  2.6893569e-001  2.7878450e-001  1.7485481e-003
  1.6240000e+000  2.6460717e-001  2.7777628e-001 -1.4769917e-003
  1.6320000e+000  2.6785646e-001  2.7677171e-001 -2.4257968e-003
  1.6400000e+000  2.6876563e-001  2.7577076e-001 -1.6831556e-003
  1.6480000e+000  2.6882899e-001  2.7477344e-001  1.9787735e-003
  1.6560000e+000  2.6771708e-001  2.7377972e-001 -4.5819589e-003
  1.6640000e+000  2.6406913e-001  2.7278960e-001 -3.3120629e-003
  1.6720000e+000  2.6500502e-001  2.7180306e-001 -2.1986655e-003
  1.6800000e+000  2.6205873e-001  2.7082008e-001 -3.6512775e-003
  1.6880000e+000  2.6242107e-001  2.6984066e-001 -4.8615363e-003
  1.6960000e+000  2.6446160e-001  2.6886478e-001 -1.8604799e-003
  1.7040000e+000  2.6152036e-001  2.6789244e-001 -2.2546831e-003
  1.7120000e+000  2.6911264e-001  2.6692360e-001 -1.4312855e-003
  1.7200000e+000  2.7229720e-001  2.6595828e-001  5.1888610e-004
  1.7280000e+000  2.6594586e-001  2.6499644e-001 -5.2501675e-004
  1.7360000e+000  2.6789685e-001  2.6403808e-001 -8.5062160e-004
  1.7440000e+000  2.6816727e-001  2.6308319e-001 -7.6502305e-004
  1.7520000e+000  2.6864424e-001  2.6213175e-001 -2.7373401e-003
  1.7600000e+000  2.6412630e-001  2.6118375e-001  5.2393610e-003
  1.7680000e+000  2.7146990e-001  2.6023918e-001 -3.9288405e-003
  1.7760000e+000  2.6513399e-001  2.5929803e-001  9.5538045e-004
  1.7840000e+000  2.6478630e-001  2.5836028e-001 -2.6666283e-003
  1.7920000e+000  2.6384381e-001  2.5742592e-001  4.3844662e-003
  1.8000000e+000  2.6749063e-001  2.5649494e-001 -3.4632918e-003
  1.8080000e+000  2.6727033e-001  2.5556733e-001 -1.3665206e-003
  1.8160000e+000  2.6593279e-001  2.5464307e-001  1.0255813e-003
  1.8240000e+000  2.6782792e-001  2.5372215e-001  2.2980613e-003
  1.8320000e+000  2.6632700e-001  2.5280457e-001  2.3426165e-003
  1.8400000e+000  2.6081830e-001  2.5189030e-001 -9.0934305e-005
  1.8480000e+000  2.6504496e-001  2.5097934e-001 -8.3135689e-004
  1.8560000e+000  2.6702505e-001  2.5007168e-001  2.8342843e-004
  1.8640000e+000  2.6605183e-001  2.4916729e-001  2.5761176e-003
  1.8720000e+000  2.5919175e-001  2.4826618e-001  8.7542408e-004
  1.8800000e+000  2.5658570e-001  2.4736833e-001 -8.2465374e-004
  1.8880000e+000  2.5761976e-001  2.4647372e-001 -1.3307661e-003
  1.8960000e+000  2.5190274e-001  2.4558235e-001  1.0034782e-003
  1.9040000e+000  2.5194708e-001  2.4469420e-001  1.7420067e-003
  1.9120000e+000  2.5065860e-001  2.4380927e-001  1.0121915e-003
  1.9200000e+000  2.5095404e-001  2.4292753e-001 -4.9229580e-003
  1.9280000e+000  2.4923734e-001  2.4204899e-001  3.7459125e-003
  1.9360000e+000  2.4380623e-001  2.4117362e-001 -3.3581105e-003
  1.9440000e+000  2.4821645e-001  2.4030141e-001  6.9163766e-003
  1.9520000e+000  2.4144094e-001  2.3943236e-001  6.1821791e-003
  1.9600000e+000  2.3501972e-001  2.3856646e-001  2.4704482e-004
  1.9680000e+000  2.4256623e-001  2.3770368e-001 -1.2728506e-003
  1.9760000e+000  2.3832434e-001  2.3684403e-001 -5.4750184e-004
  1.9840000e+000  2.3487213e-001  2.3598748e-001 -4.0132178e-003
  1.9920000e+000  2.3954173e-001  2.3513404e-001  2.3652957e-003
  2.0000000e+000  2.3397072e-001  2.3428368e-001  2.8910095e-003
  2.0080000e+000  2.3101520e-001  2.3343639e-001  1.7711555e-003
  2.0160000e+000  2.2877251e-001  2.3259217e-001 -2.9175862e-003
  2.0240000e+000  2.2997676e-001  2.3175100e-001 -3.8621915e-004
  2.0320000e+000  2.2903626e-001  2.3091287e-001  2.7420224e-003
  2.0400000e+000  2.2350605e-001  2.3007778e-001  8.5097859e-004
  2.0480000e+000  2.2298178e-001  2.2924570e-001  1.2599730e-003
  2.0560000e+000  2.1930340e-001  2.2841664e-001  4.6587902e-004
  2.0640000e+000  2.2460214e-001  2.2759057e-001  2.6637457e-004
  2.0720000e+000  2.2009252e-001  2.2676749e-001 -3.5973101e-003
  2.0800000e+000  2.2103109e-001  2.2594739e-001  1.7046616e-003
  2.0880000e+000  2.2018960e-001  2.2513025e-001  3.3800477e-003
  2.0960000e+000  2.2020558e-001  2.2431607e-001  1.2052223e-003
  2.1040000e+000  2.1893125e-001  2.2350483e-001 -9.2156735e-004
  2.1120000e+000  2.1955704e-001  2.2269652e-001 -2.4961148e-004
  2.1200000e+000  2.1932084e-001  2.2189114e-001  5.3540423e-003
  2.1280000e+000  2.1633663e-001  2.2108867e-001  2.0356505e-003
  2.1360000e+000  2.1513448e-001  2.2028911e-001 -2.2374622e-003
  2.1440000e+000  2.1696228e-001  2.1949243e-001  4.3491801e-005
  2.1520000e+000  2.1709731e-001  2.1869864e-001  1.8775701e-003
  2.1600000e+000  2.1905464e-001  2.1790772e-001  2.2679596e-003
  2.1680000e+000  2.1904561e-001  2.1711965e-001  1.6801545e-003
  2.1760000e+000  2.1669605e-001  2.1633444e-001 -2.0917270e-003
  2.1840000e+000  2.1796222e-001  2.1555207e-001 -1.2784697e-003
  2.1920000e+000  2.1689805e-001  2.1477253e-001  7.6576954e-003
  2.2000000e+000  2.1330968e-001  2.1399580e-001  4.5890125e-003
  2.2080000e+000  2.1880890e-001  2.1322189e-001 -3.6650603e-003
  2.2160000e+000  2.1729757e-001  2.1245077e-001  2.4110777e-003
  2.2240000e+000  2.1493420e-001  2.1168245e-001  1.0627866e-003
  2.2320000e+000  2.1906400e-001  2.1091690e-001 -2.8342683e-003
  2.2400000e+000  2.1581175e-001  2.1015412e-001  1.0650169e-003
  2.2480000e+000  2.1506928e-001  2.0939410e-001 -6.2933059e-004
  2.2560000e+000  2.1281849e-001  2.0863682e-001  4.1093973e-003
  2.2640000e+000  2.1023446e-001  2.0788229e-001  2.7482829e-003
  2.2720000e+000  2.1829740e-001  2.0713048e-001 -1.8089267e-003
  2.2800000e+000  2.1661081e-001  2.0638140e-001  2.8828722e-004
  2.2880000e+000  2.1240561e-001  2.0563502e-001  2.6370094e-003
  2.2960000e+000  2.1129622e-001  2.0489134e-001  4.6847880e-004
  2.3040000e+000  2.1025064e-001  2.0415035e-001  4.5696293e-003
  2.3120000e+000  2.0963866e-001  2.0341204e-001  3.9324504e-003
  2.3200000e+000  2.1367344e-001  2.0267641e-001 -1.5576844e-003
  2.3280000e+000  2.0748967e-001  2.0194343e-001 -1.7621714e-003
  2.3360000e+000  2.1261835e-001  2.0121310e-001  1.2332666e-004
  2.3440000e+000  2.1087213e-001  2.0048541e-001  5.1100980e-003
  2.3520000e+000  2.0691810e-001  1.9976036e-001 -9.9962142e-004
  2.3600000e+000  2.0415921e-001  1.9903793e-001  4.5274109e-004
  2.3680000e+000  2.0058936e-001  1.9831811e-001  1.1089382e-003
  2.3760000e+000  2.0240732e-001  1.9760089e-001  6.0159032e-004
  2.3840000e+000  2.0502005e-001  1.9688627e-001 -2.1893634e-003
  2.3920000e+000  1.9968177e-001  1.9617423e-001  6.5520543e-003
  2.4000000e+000  1.9880907e-001  1.9546477e-001  1.1536936e-003
  2.4080000e+000  2.0123926e-001  1.9475787e-001  1.7535008e-003
  2.4160000e+000  1.9478668e-001  1.9405353e-001  4.6466688e-004
  2.4240000e+000  1.9797125e-001  1.9335173e-001  1.0979317e-003
  2.4320000e+000  1.9636543e-001  1.9265248e-001 -1.0880885e-003
  2.4400000e+000  1.9888041e-001  1.9195575e-001  1.2406015e-003
  2.4480000e+000  1.9534823e-001  1.9126154e-001  3.2341201e-003
  2.4560000e+000  1.9465656e-001  1.9056985e-001  4.5754314e-003
  2.4640000e+000  1.9199937e-001  1.8988065e-001  1.9883818e-003
  2.4720000e+000  1.8939362e-001  1.8919395e-001  1.0658411e-003
  2.4800000e+000  1.8624342e-001  1.8850973e-001  1.8353660e-003
  2.4880000e+000  1.8748145e-001  1.8782799e-001  1.0391453e-003
  2.4960000e+000  1.8447755e-001  1.8714871e-001  3.2360442e-003
  2.5040000e+000  1.8782824e-001  1.8647189e-001  1.2455642e-003
  2.5120000e+000  1.8512275e-001  1.8579751e-001 -1.1848851e-003
  2.5200000e+000  1.8855713e-001  1.8512558e-001  3.4920752e-003
  2.5280000e+000  1.8256218e-001  1.8445607e-001  3.7144920e-003
  2.5360000e+000  1.8162829e-001  1.8378898e-001  1.7365803e-003
  2.5440000e+000  1.8365514e-001  1.8312431e-001  6.7670029e-003
  2.5520000e+000  1.8205650e-001  1.8246204e-001  2.3468107e-003
  2.5600000e+000  1.7876568e-001  1.8180217e-001  5.2099767e-003
  2.5680000e+000  1.8057609e-001  1.8114468e-001 -2.0649258e-004
  2.5760000e+000  1.7970647e-001  1.8048958e-001 -4.5158300e-003
  2.5840000e+000  1.8098528e-001  1.7983684e-001 -6.0278466e-004
  2.5920000e+000  1.7827841e-001  1.7918646e-001  2.3277292e-003
  2.6000000e+000  1.7756730e-001  1.7853843e-001  4.6206085e-003
  2.6080000e+000  1.7814752e-001  1.7789275e-001 -4.2634156e-003
  2.6160000e+000  1.8194133e-001  1.7724940e-001  1.8613555e-003
  2.6240000e+000  1.8420829e-001  1.7660838e-001  8.0237012e-004
  2.6320000e+000  1.7768886e-001  1.7596967e-001 -1.2454835e-003
  2.6400000e+000  1.7605148e-001  1.7533328e-001  1.5353884e-003
  2.6480000e+000  1.7803122e-001  1.7469919e-001 -1.4347809e-003
  2.6560000e+000  1.7535711e-001  1.7406739e-001  5.5802207e-003
  2.6640000e+000  1.7568723e-001  1.7343788e-001  3.3304477e-004
  2.6720000e+000  1.7313701e-001  1.7281064e-001  6.6192731e-003
  2.6800000e+000  1.7630224e-001  1.7218567e-001  2.4686216e-003
  2.6880000e+000  1.7685697e-001  1.7156296e-001  5.2065957e-003
  2.6960000e+000  1.7408722e-001  1.7094250e-001  3.1322118e-003
  2.7040000e+000  1.7336410e-001  1.7032429e-001  1.1295994e-003
  2.7120000e+000  1.7298204e-001  1.6970831e-001  3.5968675e-003
  2.7200000e+000  1.6769200e-001  1.6909456e-001  2.0991363e-003
  2.7280000e+000  1.6819416e-001  1.6848304e-001  5.1697844e-003
  2.7360000e+000  1.7091930e-001  1.6787372e-001 -2.2531890e-005
  2.7440000e+000  1.7024346e-001  1.6726660e-001  5.2888129e-003
  2.7520000e+000  1.7398278e-001  1.6666168e-001  4.6508491e-003
  2.7600000e+000  1.7203416e-001  1.6605895e-001  1.7878063e-003
  2.7680000e+000  1.7237077e-001  1.6545840e-001 -1.9961389e-003
  2.7760000e+000  1.6853709e-001  1.6486002e-001  1.7357906e-003
  2.7840000e+000  1.6450595e-001  1.6426381e-001  3.9287918e-003
  2.7920000e+000  1.6895832e-001  1.6366975e-001  6.0595153e-003
  2.8000000e+000  1.6979260e-001  1.6307784e-001 -3.1566864e-003
  2.8080000e+000  1.6147483e-001  1.6248807e-001  2.1811681e-003
  2.8160000e+000  1.6494502e-001  1.6190043e-001 -1.8846654e-003
  2.8240000e+000  1.6553765e-001  1.6131492e-001  4.0359953e-003
  2.8320000e+000  1.6276983e-001  1.6073152e-001  8.4570491e-003
  2.8400000e+000  1.6486610e-001  1.6015024e-001  3.9036389e-003
  2.8480000e+000  1.6208097e-001  1.5957105e-001  6.8175795e-003
  2.8560000e+000  1.6015671e-001  1.5899397e-001 -3.6607971e-005
  2.8640000e+000  1.5949756e-001  1.5841897e-001  6.1191576e-003
  2.8720000e+000  1.5717684e-001  1.5784604e-001  2.1177473e-003
  2.8800000e+000  1.5867791e-001  1.5727519e-001  7.6786812e-003
  2.8880000e+000  1.5676316e-001  1.5670641e-001  3.9030866e-003
  2.8960000e+000  1.5540776e-001  1.5613968e-001  1.5652017e-003
  2.9040000e+000  1.5517770e-001  1.5557500e-001 -1.0865390e-003
  2.9120000e+000  1.5389461e-001  1.5501237e-001  3.3854915e-003
  2.9200000e+000  1.5421162e-001  1.5445177e-001  5.0735053e-003
  2.9280000e+000  1.6100756e-001  1.5389319e-001  3.7361833e-003
  2.9360000e+000  1.5596414e-001  1.5333664e-001  6.1288378e-003
  2.9440000e+000  1.5311614e-001  1.5278210e-001  2.7209738e-003
  2.9520000e+000  1.4854520e-001  1.5222956e-001 -2.2447725e-003
  2.9600000e+000  1.5272391e-001  1.5167902e-001 -6.0203622e-004
  2.9680000e+000  1.4929198e-001  1.5113048e-001  3.1808901e-003
  2.9760000e+000  1.4584666e-001  1.5058391e-001  4.9124670e-003
  2.9840000e+000  1.5003050e-001  1.5003933e-001  3.2535169e-003
  2.9920000e+000  1.4764207e-001  1.4949671e-001  1.8482855e-004
  3.0000000e+000  1.4684634e-001  1.4895606e-001  3.7083167e-006
  3.0080000e+000  1.4592388e-001  1.4841736e-001  1.0776060e-004
  3.0160000e+000  1.4688903e-001  1.4788061e-001  6.3501592e-003
  3.0240000e+000  1.4487257e-001  1.4734580e-001  2.9556666e-003
  3.0320000e+000  1.4969675e-001  1.4681292e-001  1.7304283e-003
  3.0400000e+000  1.4411503e-001  1.4628197e-001  2.4764887e-003
  3.0480000e+000  1.4598921e-001  1.4575295e-001  2.4806504e-003
  3.0560000e+000  1.4743229e-001  1.4522583e-001  1.0064559e-003
  3.0640000e+000  1.4273624e-001  1.4470062e-001  5.1606035e-003
  3.0720000e+000  1.4606005e-001  1.4417731e-001  5.2859159e-003
  3.0800000e+000  1.4360374e-001  1.4365590e-001  3.8950663e-003
  3.0880000e+000  1.4095475e-001  1.4313637e-001  6.5874201e-003
  3.0960000e+000  1.3843167e-001  1.4261871e-001  4.3357371e-003
  3.1040000e+000  1.3976618e-001  1.4210293e-001 -1.5473422e-004
  3.1120000e+000  1.4345619e-001  1.4158902e-001  7.4344311e-003
  3.1200000e+000  1.4224895e-001  1.4107696e-001  3.0537736e-003
  3.1280000e+000  1.4330756e-001  1.4056676e-001  5.1865020e-003
  3.1360000e+000  1.4399795e-001  1.4005840e-001  5.8705549e-003
  3.1440000e+000  1.4228616e-001  1.3955188e-001  2.4417965e-003
  3.1520000e+000  1.4240583e-001  1.3904719e-001  3.9965718e-003
  3.1600000e+000  1.3731882e-001  1.3854433e-001  3.4023165e-003
  3.1680000e+000  1.3836081e-001  1.3804328e-001  5.4227101e-003
  3.1760000e+000  1.3829053e-001  1.3754405e-001  6.8063326e-003
  3.1840000e+000  1.3994132e-001  1.3704662e-001  3.5014785e-003
  3.1920000e+000  1.3731630e-001  1.3655099e-001  4.1022959e-003
  3.2000000e+000  1.3694159e-001  1.3605716e-001  2.5072966e-003
  3.2080000e+000  1.3634121e-001  1.3556511e-001 -1.0513165e-003
  3.2160000e+000  1.3427540e-001  1.3507484e-001  7.7320406e-003
  3.2240000e+000  1.3644820e-001  1.3458634e-001  8.1290205e-004
  3.2320000e+000  1.4084129e-001  1.3409961e-001  6.2615714e-004
  3.2400000e+000  1.3532892e-001  1.3361464e-001  6.0989140e-003
  3.2480000e+000  1.2882090e-001  1.3313142e-001  3.7916212e-003
  3.2560000e+000  1.3002730e-001  1.3264995e-001  1.7135004e-003
  3.2640000e+000  1.3028254e-001  1.3217022e-001  3.2915287e-003
  3.2720000e+000  1.3422237e-001  1.3169223e-001  1.9156168e-003
  3.2800000e+000  1.3114814e-001  1.3121597e-001  2.7886920e-003
  3.2880000e+000  1.3104698e-001  1.3074143e-001  2.5589113e-003
  3.2960000e+000  1.3324115e-001  1.3026860e-001  6.0418953e-003
  3.3040000e+000  1.3292551e-001  1.2979748e-001 -8.3163541e-004
  3.3120000e+000  1.2800962e-001  1.2932807e-001  7.3685819e-003
  3.3200000e+000  1.2680345e-001  1.2886036e-001  1.4001160e-003
  3.3280000e+000  1.3093839e-001  1.2839433e-001  2.7764196e-003
  3.3360000e+000  1.3022427e-001  1.2793000e-001  5.3708149e-003
  3.3440000e+000  1.2457450e-001  1.2746734e-001  4.1645853e-003
  3.3520000e+000  1.2512233e-001  1.2700635e-001  4.2805982e-003
  3.3600000e+000  1.2871982e-001  1.2654704e-001  4.7769336e-003
  3.3680000e+000  1.2383122e-001  1.2608938e-001  2.0696550e-003
  3.3760000e+000  1.2629982e-001  1.2563338e-001  5.5336767e-003
  3.3840000e+000  1.2195675e-001  1.2517902e-001  8.7215406e-003
  3.3920000e+000  1.2007480e-001  1.2472632e-001  6.9381093e-003
  3.4000000e+000  1.2090349e-001  1.2427524e-001  4.6494838e-003
  3.4080000e+000  1.2807707e-001  1.2382580e-001  3.5075162e-003
  3.4160000e+000  1.2210300e-001  1.2337799e-001  8.0414398e-003
  3.4240000e+000  1.1898738e-001  1.2293179e-001  9.1177449e-003
  3.4320000e+000  1.1874392e-001  1.2248721e-001  8.7314183e-003
  3.4400000e+000  1.1885144e-001  1.2204423e-001  4.6434942e-003
  3.4480000e+000  1.1943270e-001  1.2160286e-001  7.9558521e-003
  3.4560000e+000  1.1900388e-001  1.2116309e-001  3.3232338e-004
  3.4640000e+000  1.2210424e-001  1.2072490e-001  4.4500899e-003
  3.4720000e+000  1.1610549e-001  1.2028830e-001  4.2810295e-003
  3.4800000e+000  1.1230101e-001  1.1985328e-001  6.0104403e-004
  3.4880000e+000  1.1527822e-001  1.1941983e-001  3.1630999e-004
  3.4960000e+000  1.2023768e-001  1.1898795e-001  5.1119185e-003
  3.5040000e+000  1.2155084e-001  1.1855763e-001  6.1694720e-003
  3.5120000e+000  1.1958723e-001  1.1812886e-001  7.5950882e-003
  3.5200000e+000  1.1721888e-001  1.1770165e-001  4.6620494e-003
  3.5280000e+000  1.1511659e-001  1.1727598e-001  3.4094036e-003
  3.5360000e+000  1.1251142e-001  1.1685186e-001  8.4171829e-003
  3.5440000e+000  1.1716799e-001  1.1642926e-001  6.7034213e-003
  3.5520000e+000  1.1907560e-001  1.1600820e-001  2.4118615e-003
  3.5600000e+000  1.1205449e-001  1.1558865e-001  3.3254935e-003
  3.5680000e+000  1.1403943e-001  1.1517063e-001  3.9024012e-003
  3.5760000e+000  1.1393651e-001  1.1475411e-001  2.7241898e-003
  3.5840000e+000  1.1669792e-001  1.1433911e-001  5.7184801e-004
  3.5920000e+000  1.1430685e-001  1.1392560e-001  5.3724942e-003
  3.6000000e+000  1.1180028e-001  1.1351359e-001  4.5206733e-004
  3.6080000e+000  1.1186175e-001  1.1310307e-001  1.0429405e-003
  3.6160000e+000  1.0852207e-001  1.1269403e-001  2.2737042e-003
  3.6240000e+000  1.1253167e-001  1.1228647e-001  4.6908948e-003
  3.6320000e+000  1.0804126e-001  1.1188039e-001  4.8054079e-003
  3.6400000e+000  1.1108362e-001  1.1147577e-001  4.4633775e-003
  3.6480000e+000  1.0795240e-001  1.1107262e-001  6.5903173e-003
  3.6560000e+000  1.1216469e-001  1.1067093e-001  3.4261437e-003
  3.6640000e+000  1.1080113e-001  1.1027069e-001 -1.0830946e-004
  3.6720000e+000  1.0628266e-001  1.0987189e-001 -1.0466346e-003
  3.6800000e+000  1.0952618e-001  1.0947454e-001  1.4774540e-003
  3.6880000e+000  1.0816842e-001  1.0907863e-001  4.1866128e-003
  3.6960000e+000  1.0662281e-001  1.0868415e-001  9.4750829e-003
  3.7040000e+000  1.0795510e-001  1.0829109e-001  3.2868251e-003
  3.7120000e+000  1.0879891e-001  1.0789946e-001  6.2072684e-003
  3.7200000e+000  1.0600181e-001  1.0750924e-001  3.8163712e-003
  3.7280000e+000  1.0285153e-001  1.0712043e-001  3.3123209e-003
  3.7360000e+000  1.0788474e-001  1.0673303e-001  9.9698707e-004
  3.7440000e+000  1.0487150e-001  1.0634703e-001  8.7206389e-003
  3.7520000e+000  1.0734513e-001  1.0596243e-001  6.6433847e-003
  3.7600000e+000  1.0804960e-001  1.0557922e-001  4.5984059e-003
  3.7680000e+000  1.0403764e-001  1.0519739e-001 -2.6380753e-004
  3.7760000e+000  1.0148216e-001  1.0481694e-001 -3.2904413e-003
  3.7840000e+000  1.0277396e-001  1.0443787e-001  4.6905260e-003
  3.7920000e+000  1.0239610e-001  1.0406017e-001 -5.8397861e-004
  3.8000000e+000  1.0241489e-001  1.0368384e-001  7.8691591e-003
  3.8080000e+000  9.4640780e-002  1.0330887e-001  4.1053060e-003
  3.8160000e+000  1.0559670e-001  1.0293525e-001  7.2985559e-003
  3.8240000e+000  1.0019289e-001  1.0256299e-001 -2.0794360e-003
  3.8320000e+000  1.0143098e-001  1.0219207e-001  5.3484958e-003
  3.8400000e+000  1.0020583e-001  1.0182249e-001  4.1977746e-003
  3.8480000e+000  9.7579906e-002  1.0145425e-001  2.6414268e-003
  3.8560000e+000  1.0010015e-001  1.0108734e-001  1.8741774e-003
  3.8640000e+000  9.3015812e-002  1.0072176e-001  1.8484769e-003
  3.8720000e+000  9.2685139e-002  1.0035750e-001  7.7065355e-003
  3.8800000e+000  9.3888201e-002  9.9994559e-002  4.1110504e-004
  3.8880000e+000  9.8698211e-002  9.9632929e-002  5.7335046e-003
  3.8960000e+000  1.0041587e-001  9.9272607e-002  3.7876415e-003
  3.9040000e+000  1.0039447e-001  9.8913588e-002  3.5113992e-003
