  0.0000000e+000  9.9959667e-001  1.0000000e+000
  8.0000000e-003  1.0000000e+000  9.9843707e-001
  1.6000000e-002  9.9320760e-001  9.9377394e-001
  2.4000000e-002  9.8674834e-001  9.8608675e-001
  3.2000000e-002  9.7346584e-001  9.7549953e-001
  4.0000000e-002  9.6790939e-001  9.6218006e-001
  4.8000000e-002  9.5575698e-001  9.4633440e-001
  5.6000000e-002  9.3702261e-001  9.2820023e-001
  6.4000000e-002  9.1862320e-001  9.0803944e-001
  7.2000000e-002  8.9671949e-001  8.8613029e-001
  8.0000000e-002  8.7413956e-001  8.6275945e-001
  8.8000000e-002  8.4739926e-001  8.3821421e-001
  9.6000000e-002  8.2526101e-001  8.1277538e-001
  1.0400000e-001  7.9712183e-001  7.8671089e-001
  1.1200000e-001  7.7315794e-001  7.6027049e-001
  1.2000000e-001  7.4380350e-001  7.3368163e-001
  1.2800000e-001  7.2382110e-001  7.0714660e-001
  1.3600000e-001  6.9202710e-001  6.8084099e-001
  1.4400000e-001  6.6118803e-001  6.5491327e-001
  1.5200000e-001  6.3682096e-001  6.2948563e-001
  1.6000000e-001  6.0589663e-001  6.0465562e-001
  1.6800000e-001  5.7857579e-001  5.8049862e-001
  1.7600000e-001  5.5371427e-001  5.5707080e-001
  1.8400000e-001  5.3214425e-001  5.3441240e-001
  1.9200000e-001  5.0546982e-001  5.1255106e-001
  2.0000000e-001  4.8792219e-001  4.9150502e-001
  2.0800000e-001  4.6716045e-001  4.7128606e-001
  2.1600000e-001  4.4706266e-001  4.5190192e-001
  2.2400000e-001  4.2585388e-001  4.3335832e-001
  2.3200000e-001  4.0781663e-001  4.1566029e-001
  2.4000000e-001  3.8749529e-001  3.9881296e-001
  2.4800000e-001  3.7086128e-001  3.8282186e-001
  2.5600000e-001  3.5739189e-001  3.6769265e-001
  2.6400000e-001  3.4427428e-001  3.5343055e-001
  2.7200000e-001  3.3138591e-001  3.4003948e-001
  2.8000000e-001  3.2154485e-001  3.2752101e-001
  2.8800000e-001  3.0548241e-001  3.1587336e-001
  2.9600000e-001  3.0021599e-001  3.0509038e-001
  3.0400000e-001  2.9052011e-001  2.9516075e-001
  3.1200000e-001  2.8246960e-001  2.8606741e-001
  3.2000000e-001  2.7563350e-001  2.7778728e-001
  3.2800000e-001  2.6738509e-001  2.7029124e-001
  3.3600000e-001  2.6129925e-001  2.6354446e-001
  3.4400000e-001  2.5830330e-001  2.5750700e-001
  3.5200000e-001  2.5006611e-001  2.5213458e-001
  3.6000000e-001  2.4743850e-001  2.4737964e-001
  3.6800000e-001  2.4124244e-001  2.4319242e-001
  3.7600000e-001  2.3679199e-001  2.3952212e-001
  3.8400000e-001  2.3570560e-001  2.3631809e-001
  3.9200000e-001  2.3354607e-001  2.3353086e-001
  4.0000000e-001  2.2885900e-001  2.3111315e-001
  4.0800000e-001  2.2133987e-001  2.2902064e-001
  4.1600000e-001  2.2767186e-001  2.2721264e-001
  4.2400000e-001  2.2337181e-001  2.2565249e-001
  4.3200000e-001  2.1942721e-001  2.2430788e-001
  4.4000000e-001  2.2173632e-001  2.2315088e-001
  4.4800000e-001  2.1704968e-001  2.2215793e-001
  4.5600000e-001  2.1633711e-001  2.2130965e-001
  4.6400000e-001  2.0715083e-001  2.2059054e-001
  4.7200000e-001  2.1095863e-001  2.1998869e-001
  4.8000000e-001  2.1023812e-001  2.1949536e-001
  4.8800000e-001  2.0835882e-001  2.1910461e-001
  4.9600000e-001  2.0585048e-001  2.1881292e-001
  5.0400000e-001  2.0807911e-001  2.1861885e-001
  5.1200000e-001  2.0502517e-001  2.1852265e-001
  5.2000000e-001  2.1059323e-001  2.1852599e-001
  5.2800000e-001  2.0900583e-001  2.1863171e-001
  5.3600000e-001  2.1309845e-001  2.1884351e-001
  5.4400000e-001  2.1012918e-001  2.1916576e-001
  5.5200000e-001  2.1423539e-001  2.1960327e-001
  5.6000000e-001  2.0720478e-001  2.2016109e-001
  5.6800000e-001  2.1257138e-001  2.2084430e-001
  5.7600000e-001  2.1021440e-001  2.2165781e-001
  5.8400000e-001  2.1077001e-001  2.2260618e-001
  5.9200000e-001  2.1598642e-001  2.2369338e-001
  6.0000000e-001  2.1508460e-001  2.2492267e-001
  6.0800000e-001  2.1220674e-001  2.2629638e-001
  6.1600000e-001  2.1993643e-001  2.2781580e-001
  6.2400000e-001  2.2200040e-001  2.2948102e-001
  6.3200000e-001  2.2159341e-001  2.3129089e-001
  6.4000000e-001  2.2562410e-001  2.3324293e-001
  6.4800000e-001  2.2744968e-001  2.3533335e-001
  6.5600000e-001  2.3686362e-001  2.3755704e-001
  6.6400000e-001  2.3463650e-001  2.3990768e-001
  6.7200000e-001  2.3596589e-001  2.4237778e-001
  6.8000000e-001  2.3735788e-001  2.4495887e-001
  6.8800000e-001  2.3799630e-001  2.4764159e-001
  6.9600000e-001  2.4465261e-001  2.5041590e-001
  7.0400000e-001  2.4420904e-001  2.5327121e-001
  7.1200000e-001  2.4614650e-001  2.5619655e-001
  7.2000000e-001  2.5017221e-001  2.5918075e-001
  7.2800000e-001  2.5698200e-001  2.6221259e-001
  7.3600000e-001  2.5407511e-001  2.6528090e-001
  7.4400000e-001  2.6663816e-001  2.6837471e-001
  7.5200000e-001  2.6280487e-001  2.7148333e-001
  7.6000000e-001  2.6502187e-001  2.7459642e-001
  7.6800000e-001  2.6489794e-001  2.7770407e-001
  7.7600000e-001  2.7371618e-001  2.8079683e-001
  7.8400000e-001  2.7390137e-001  2.8386573e-001
  7.9200000e-001  2.7803305e-001  2.8690233e-001
  8.0000000e-001  2.8011505e-001  2.8989869e-001
  8.0800000e-001  2.8131515e-001  2.9284742e-001
  8.1600000e-001  2.9025165e-001  2.9574165e-001
  8.2400000e-001  2.9072230e-001  2.9857506e-001
  8.3200000e-001  2.9470158e-001  3.0134184e-001
  8.4000000e-001  2.9696728e-001  3.0403669e-001
  8.4800000e-001  2.9768319e-001  3.0665483e-001
  8.5600000e-001  3.0219710e-001  3.0919198e-001
  8.6400000e-001  3.0747106e-001  3.1164434e-001
  8.7200000e-001  3.0766208e-001  3.1400856e-001
  8.8000000e-001  3.0995161e-001  3.1628172e-001
  8.8800000e-001  3.1705547e-001  3.1846134e-001
  8.9600000e-001  3.1466056e-001  3.2054528e-001
  9.0400000e-001  3.2142818e-001  3.2253177e-001
  9.1200000e-001  3.1680033e-001  3.2441934e-001
  9.2000000e-001  3.2414454e-001  3.2620679e-001
  9.2800000e-001  3.2138572e-001  3.2789317e-001
  9.3600000e-001  3.2379048e-001  3.2947773e-001
  9.4400000e-001  3.2581525e-001  3.3095993e-001
  9.5200000e-001  3.2681080e-001  3.3233937e-001
  9.6000000e-001  3.3364907e-001  3.3361579e-001
  9.6800000e-001  3.2808256e-001  3.3478908e-001
  9.7600000e-001  3.3339498e-001  3.3585924e-001
  9.8400000e-001  3.3626040e-001  3.3682640e-001
  9.9200000e-001  3.3258593e-001  3.3769081e-001
  1.0000000e+000  3.3697581e-001  3.3845285e-001
  1.0080000e+000  3.3787285e-001  3.3911305e-001
  1.0160000e+000  3.3888133e-001  3.3967208e-001
  1.0240000e+000  3.3424447e-001  3.4013078e-001
  1.0320000e+000  3.3203825e-001  3.4049015e-001
  1.0400000e+000  3.3304058e-001  3.4075139e-001
  1.0480000e+000  3.3866882e-001  3.4091588e-001
  1.0560000e+000  3.3315531e-001  3.4098522e-001
  1.0640000e+000  3.4002175e-001  3.4096122e-001
  1.0720000e+000  3.4432415e-001  3.4084590e-001
  1.0800000e+000  3.3642482e-001  3.4064151e-001
  1.0880000e+000  3.4043188e-001  3.4035052e-001
  1.0960000e+000  3.3389031e-001  3.3997564e-001
  1.1040000e+000  3.3947565e-001  3.3951978e-001
  1.1120000e+000  3.3603617e-001  3.3898610e-001
  1.1200000e+000  3.3757080e-001  3.3837794e-001
  1.1280000e+000  3.3676253e-001  3.3769889e-001
  1.1360000e+000  3.2886577e-001  3.3695268e-001
  1.1440000e+000  3.3554382e-001  3.3614326e-001
  1.1520000e+000  3.3967414e-001  3.3527472e-001
  1.1600000e+000  3.3099014e-001  3.3435130e-001
  1.1680000e+000  3.3185092e-001  3.3337735e-001
  1.1760000e+000  3.2847616e-001  3.3235731e-001
  1.1840000e+000  3.3296041e-001  3.3129567e-001
  1.1920000e+000  3.2937950e-001  3.3019697e-001
  1.2000000e+000  3.3186981e-001  3.2906574e-001
  1.2080000e+000  3.2929346e-001  3.2790647e-001
  1.2160000e+000  3.2946160e-001  3.2672359e-001
  1.2240000e+000  3.2051420e-001  3.2552144e-001
  1.2320000e+000  3.2451287e-001  3.2430424e-001
  1.2400000e+000  3.1685877e-001  3.2307605e-001
  1.2480000e+000  3.1824686e-001  3.2184077e-001
  1.2560000e+000  3.1976027e-001  3.2060212e-001
  1.2640000e+000  3.1380601e-001  3.1936359e-001
  1.2720000e+000  3.1504829e-001  3.1812849e-001
  1.2800000e+000  3.1160434e-001  3.1689988e-001
  1.2880000e+000  3.2322825e-001  3.1568062e-001
  1.2960000e+000  3.1677427e-001  3.1447333e-001
  1.3040000e+000  3.1200004e-001  3.1328040e-001
  1.3120000e+000  3.1411685e-001  3.1210402e-001
  1.3200000e+000  3.0965095e-001  3.1094617e-001
  1.3280000e+000  3.1061584e-001  3.0980861e-001
  1.3360000e+000  3.0615225e-001  3.0869293e-001
  1.3440000e+000  3.1073935e-001  3.0760052e-001
  1.3520000e+000  3.0636110e-001  3.0653264e-001
  1.3600000e+000  3.0401654e-001  3.0549036e-001
  1.3680000e+000  3.0669183e-001  3.0447464e-001
  1.3760000e+000  3.0310297e-001  3.0348630e-001
  1.3840000e+000  3.1109662e-001  3.0252607e-001
  1.3920000e+000  3.0605199e-001  3.0159457e-001
  1.4000000e+000  2.9874634e-001  3.0069234e-001
  1.4080000e+000  2.9459937e-001  2.9981987e-001
  1.4160000e+000  3.0710263e-001  2.9897757e-001
  1.4240000e+000  3.0255704e-001  2.9816584e-001
  1.4320000e+000  3.0395007e-001  2.9738500e-001
  1.4400000e+000  2.9846422e-001  2.9663539e-001
  1.4480000e+000  2.9562619e-001  2.9591731e-001
  1.4560000e+000  2.9745595e-001  2.9523103e-001
  1.4640000e+000  2.9818187e-001  2.9457685e-001
  1.4720000e+000  2.9547435e-001  2.9395501e-001
  1.4800000e+000  2.9652783e-001  2.9336578e-001
  1.4880000e+000  2.9359406e-001  2.9280940e-001
  1.4960000e+000  2.9221218e-001  2.9228610e-001
  1.5040000e+000  2.9145094e-001  2.9179607e-001
  1.5120000e+000  2.9380488e-001  2.9133949e-001
  1.5200000e+000  2.9686026e-001  2.9091652e-001
  1.5280000e+000  2.9070730e-001  2.9052727e-001
  1.5360000e+000  2.9579260e-001  2.9017181e-001
  1.5440000e+000  2.8838079e-001  2.8985017e-001
  1.5520000e+000  2.9272536e-001  2.8956233e-001
  1.5600000e+000  2.8871704e-001  2.8930822e-001
  1.5680000e+000  2.8730261e-001  2.8908771e-001
  1.5760000e+000  2.9013393e-001  2.8890064e-001
  1.5840000e+000  2.8840846e-001  2.8874677e-001
  1.5920000e+000  2.9292517e-001  2.8862581e-001
  1.6000000e+000  2.9652729e-001  2.8853744e-001
  1.6080000e+000  2.9330329e-001  2.8848127e-001
  1.6160000e+000  2.9998715e-001  2.8845687e-001
  1.6240000e+000  2.8880678e-001  2.8846375e-001
  1.6320000e+000  2.9401190e-001  2.8850140e-001
  1.6400000e+000  2.9531964e-001  2.8856925e-001
  1.6480000e+000  2.9380337e-001  2.8866670e-001
  1.6560000e+000  2.8793825e-001  2.8879310e-001
  1.6640000e+000  2.9037730e-001  2.8894776e-001
  1.6720000e+000  2.9272213e-001  2.8912997e-001
  1.6800000e+000  2.9114868e-001  2.8933896e-001
  1.6880000e+000  2.9042554e-001  2.8957394e-001
  1.6960000e+000  2.9796690e-001  2.8983408e-001
  1.7040000e+000  2.9356922e-001  2.9011850e-001
  1.7120000e+000  2.9423293e-001  2.9042629e-001
  1.7200000e+000  2.9797540e-001  2.9075649e-001
  1.7280000e+000  2.9336832e-001  2.9110812e-001
  1.7360000e+000  2.9680128e-001  2.9148014e-001
  1.7440000e+000  2.9031390e-001  2.9187147e-001
  1.7520000e+000  2.9638252e-001  2.9228098e-001
  1.7600000e+000  3.0537678e-001  2.9270751e-001
  1.7680000e+000  2.9828508e-001  2.9314984e-001
  1.7760000e+000  2.9747137e-001  2.9360671e-001
  1.7840000e+000  3.0095939e-001  2.9407680e-001
  1.7920000e+000  3.0014397e-001  2.9455878e-001
  1.8000000e+000  3.0439927e-001  2.9505124e-001
  1.8080000e+000  3.0318185e-001  2.9555275e-001
  1.8160000e+000  2.9818272e-001  2.9606182e-001
  1.8240000e+000  2.9600098e-001  2.9657695e-001
  1.8320000e+000  3.0443791e-001  2.9709661e-001
  1.8400000e+000  2.9079821e-001  2.9761923e-001
  1.8480000e+000  3.1136231e-001  2.9814323e-001
  1.8560000e+000  3.0723233e-001  2.9866704e-001
  1.8640000e+000  3.0322050e-001  2.9918908e-001
  1.8720000e+000  3.0763217e-001  2.9970777e-001
  1.8800000e+000  3.0837527e-001  3.0022157e-001
  1.8880000e+000  3.0898504e-001  3.0072896e-001
  1.8960000e+000  3.0416976e-001  3.0122845e-001
  1.9040000e+000  3.0800422e-001  3.0171862e-001
  1.9120000e+000  3.0584753e-001  3.0219810e-001
  1.9200000e+000  3.1074473e-001  3.0266559e-001
  1.9280000e+000  3.1948117e-001  3.0311986e-001
  1.9360000e+000  3.1368364e-001  3.0355978e-001
  1.9440000e+000  3.0169145e-001  3.0398428e-001
  1.9520000e+000  3.1428695e-001  3.0439243e-001
  1.9600000e+000  3.1079113e-001  3.0478335e-001
  1.9680000e+000  3.0507341e-001  3.0515630e-001
  1.9760000e+000  3.1872285e-001  3.0551063e-001
  1.9840000e+000  3.0670203e-001  3.0584581e-001
  1.9920000e+000  3.1229006e-001  3.0616139e-001
  2.0000000e+000  3.1998851e-001  3.0645704e-001
  2.0080000e+000  3.1440595e-001  3.0673254e-001
  2.0160000e+000  3.1006541e-001  3.0698776e-001
  2.0240000e+000  3.2236360e-001  3.0722266e-001
  2.0320000e+000  3.1308032e-001  3.0743729e-001
  2.0400000e+000  3.1536854e-001  3.0763181e-001
  2.0480000e+000  3.0576002e-001  3.0780644e-001
  2.0560000e+000  3.1506156e-001  3.0796146e-001
  2.0640000e+000  3.2034026e-001  3.0809724e-001
  2.0720000e+000  3.0518917e-001  3.0821420e-001
  2.0800000e+000  3.1448684e-001  3.0831281e-001
  2.0880000e+000  3.1200979e-001  3.0839359e-001
  2.0960000e+000  3.1483675e-001  3.0845711e-001
  2.1040000e+000  3.1920033e-001  3.0850396e-001
  2.1120000e+000  3.1849386e-001  3.0853476e-001
  2.1200000e+000  3.1273974e-001  3.0855015e-001
  2.1280000e+000  3.1392005e-001  3.0855079e-001
  2.1360000e+000  3.1831484e-001  3.0853735e-001
  2.1440000e+000  3.1936409e-001  3.0851051e-001
  2.1520000e+000  3.1368021e-001  3.0847095e-001
  2.1600000e+000  3.1407041e-001  3.0841934e-001
  2.1680000e+000  3.2560482e-001  3.0835637e-001
  2.1760000e+000  3.1549766e-001  3.0828270e-001
  2.1840000e+000  3.1314520e-001  3.0819901e-001
  2.1920000e+000  3.1518372e-001  3.0810594e-001
  2.2000000e+000  3.1581611e-001  3.0800414e-001
  2.2080000e+000  3.1054104e-001  3.0789424e-001
  2.2160000e+000  3.1576393e-001  3.0777687e-001
  2.2240000e+000  3.1210049e-001  3.0765263e-001
  2.2320000e+000  3.1403302e-001  3.0752212e-001
  2.2400000e+000  3.1532628e-001  3.0738592e-001
  2.2480000e+000  3.1495532e-001  3.0724462e-001
  2.2560000e+000  3.1449911e-001  3.0709877e-001
  2.2640000e+000  3.1726755e-001  3.0694893e-001
  2.2720000e+000  3.1196344e-001  3.0679562e-001
  2.2800000e+000  3.1812151e-001  3.0663940e-001
  2.2880000e+000  3.2611529e-001  3.0648077e-001
  2.2960000e+000  3.1963754e-001  3.0632025e-001
  2.3040000e+000  3.1799789e-001  3.0615835e-001
  2.3120000e+000  3.1295214e-001  3.0599556e-001
  2.3200000e+000  3.1274811e-001  3.0583236e-001
  2.3280000e+000  3.1207098e-001  3.0566925e-001
  2.3360000e+000  2.9951791e-001  3.0550668e-001
  2.3440000e+000  3.1427341e-001  3.0534511e-001
  2.3520000e+000  3.1719512e-001  3.0518501e-001
  2.3600000e+000  3.2142253e-001  3.0502680e-001
  2.3680000e+000  3.1246483e-001  3.0487093e-001
  2.3760000e+000  3.1293344e-001  3.0471780e-001
  2.3840000e+000  3.0788838e-001  3.0456782e-001
  2.3920000e+000  3.0594791e-001  3.0442137e-001
  2.4000000e+000  3.0916014e-001  3.0427884e-001
  2.4080000e+000  3.0509400e-001  3.0414058e-001
  2.4160000e+000  2.9605499e-001  3.0400693e-001
  2.4240000e+000  3.1317662e-001  3.0387821e-001
  2.4320000e+000  3.1475529e-001  3.0375472e-001
  2.4400000e+000  3.1712790e-001  3.0363675e-001
  2.4480000e+000  3.0774607e-001  3.0352455e-001
  2.4560000e+000  3.1855154e-001  3.0341837e-001
  2.4640000e+000  3.0679237e-001  3.0331843e-001
  2.4720000e+000  3.1216671e-001  3.0322492e-001
  2.4800000e+000  3.1082613e-001  3.0313801e-001
  2.4880000e+000  3.0410989e-001  3.0305787e-001
  2.4960000e+000  3.0832766e-001  3.0298463e-001
  2.5040000e+000  3.0304204e-001  3.0291838e-001
  2.5120000e+000  3.1753437e-001  3.0285923e-001
  2.5200000e+000  3.0481217e-001  3.0280723e-001
  2.5280000e+000  3.0259163e-001  3.0276243e-001
  2.5360000e+000  3.1045940e-001  3.0272484e-001
  2.5440000e+000  3.0840027e-001  3.0269448e-001
  2.5520000e+000  3.0008945e-001  3.0267132e-001
  2.5600000e+000  3.0792608e-001  3.0265531e-001
  2.5680000e+000  3.0677557e-001  3.0264640e-001
  2.5760000e+000  3.1336468e-001  3.0264450e-001
  2.5840000e+000  3.1462170e-001  3.0264952e-001
  2.5920000e+000  3.2154323e-001  3.0266133e-001
  2.6000000e+000  2.9895077e-001  3.0267979e-001
  2.6080000e+000  3.0492836e-001  3.0270474e-001
  2.6160000e+000  3.0434202e-001  3.0273601e-001
  2.6240000e+000  3.0240176e-001  3.0277340e-001
  2.6320000e+000  3.1069816e-001  3.0281669e-001
  2.6400000e+000  3.0245066e-001  3.0286565e-001
  2.6480000e+000  3.0653945e-001  3.0292004e-001
  2.6560000e+000  3.0303748e-001  3.0297959e-001
  2.6640000e+000  3.0247043e-001  3.0304401e-001
  2.6720000e+000  3.0466816e-001  3.0311299e-001
  2.6800000e+000  2.9220667e-001  3.0318623e-001
  2.6880000e+000  2.9683824e-001  3.0326339e-001
  2.6960000e+000  3.0706172e-001  3.0334412e-001
  2.7040000e+000  3.0646390e-001  3.0342804e-001
  2.7120000e+000  3.1412406e-001  3.0351480e-001
  2.7200000e+000  3.1555093e-001  3.0360398e-001
  2.7280000e+000  3.0308682e-001  3.0369520e-001
  2.7360000e+000  3.0707060e-001  3.0378802e-001
  2.7440000e+000  3.0940916e-001  3.0388204e-001
  2.7520000e+000  2.9765989e-001  3.0397681e-001
  2.7600000e+000  3.0725872e-001  3.0407190e-001
  2.7680000e+000  3.0648126e-001  3.0416686e-001
  2.7760000e+000  3.0160247e-001  3.0426124e-001
  2.7840000e+000  2.9881292e-001  3.0435461e-001
  2.7920000e+000  3.1295633e-001  3.0444650e-001
  2.8000000e+000  2.9438938e-001  3.0453647e-001
  2.8080000e+000  3.0785551e-001  3.0462408e-001
  2.8160000e+000  3.0765734e-001  3.0470890e-001
  2.8240000e+000  3.1083421e-001  3.0479049e-001
  2.8320000e+000  3.1328683e-001  3.0486844e-001
  2.8400000e+000  3.1157415e-001  3.0494235e-001
  2.8480000e+000  3.1166542e-001  3.0501181e-001
  2.8560000e+000  3.0822632e-001  3.0507645e-001
  2.8640000e+000  2.9553034e-001  3.0513592e-001
  2.8720000e+000  3.0676810e-001  3.0518985e-001
  2.8800000e+000  3.1174117e-001  3.0523794e-001
  2.8880000e+000  3.0396330e-001  3.0527987e-001
  2.8960000e+000  3.0290510e-001  3.0531537e-001
  2.9040000e+000  2.9694924e-001  3.0534416e-001
  2.9120000e+000  3.1223703e-001  3.0536602e-001
  2.9200000e+000  3.0557557e-001  3.0538074e-001
  2.9280000e+000  3.1526890e-001  3.0538811e-001
  2.9360000e+000  3.0489662e-001  3.0538798e-001
  2.9440000e+000  2.9314618e-001  3.0538021e-001
  2.9520000e+000  3.0692809e-001  3.0536468e-001
  2.9600000e+000  2.9545852e-001  3.0534131e-001
  2.9680000e+000  3.0110687e-001  3.0531003e-001
  2.9760000e+000  3.1534494e-001  3.0527079e-001
  2.9840000e+000  2.9932500e-001  3.0522359e-001
  2.9920000e+000  3.0235197e-001  3.0516844e-001
  3.0000000e+000  3.0238835e-001  3.0510536e-001
  3.0080000e+000  3.0375876e-001  3.0503442e-001
  3.0160000e+000  2.9742234e-001  3.0495570e-001
  3.0240000e+000  3.1142842e-001  3.0486931e-001
  3.0320000e+000  3.0238943e-001  3.0477537e-001
  3.0400000e+000  3.0279227e-001  3.0467403e-001
  3.0480000e+000  2.9334500e-001  3.0456548e-001
  3.0560000e+000  3.0597830e-001  3.0444991e-001
  3.0640000e+000  3.0393753e-001  3.0432754e-001
  3.0720000e+000  3.0111594e-001  3.0419861e-001
  3.0800000e+000  2.9312822e-001  3.0406339e-001
  3.0880000e+000  2.9593055e-001  3.0392217e-001
  3.0960000e+000  2.9742166e-001  3.0377524e-001
  3.1040000e+000  2.9786403e-001  3.0362294e-001
  3.1120000e+000  3.0792968e-001  3.0346563e-001
  3.1200000e+000  3.0528510e-001  3.0330366e-001
  3.1280000e+000  3.0391920e-001  3.0313743e-001
  3.1360000e+000  3.1133124e-001  3.0296735e-001
  3.1440000e+000  3.0203770e-001  3.0279385e-001
  3.1520000e+000  2.9608069e-001  3.0261736e-001
  3.1600000e+000  3.0073082e-001  3.0243837e-001
  3.1680000e+000  2.9447262e-001  3.0225734e-001
  3.1760000e+000  2.9576041e-001  3.0207478e-001
  3.1840000e+000  3.0055015e-001  3.0189119e-001
  3.1920000e+000  3.0782822e-001  3.0170710e-001
  3.2000000e+000  2.9965167e-001  3.0152305e-001
  3.2080000e+000  2.8812716e-001  3.0133959e-001
  3.2160000e+000  2.9606096e-001  3.0115727e-001
  3.2240000e+000  3.0073223e-001  3.0097666e-001
  3.2320000e+000  2.9671885e-001  3.0079833e-001
  3.2400000e+000  2.9727510e-001  3.0062286e-001
  3.2480000e+000  2.9369296e-001  3.0045082e-001
  3.2560000e+000  2.9524696e-001  3.0028279e-001
  3.2640000e+000  2.9773232e-001  3.0011936e-001
  3.2720000e+000  3.0308794e-001  2.9996108e-001
  3.2800000e+000  3.0123828e-001  2.9980853e-001
  3.2880000e+000  2.9590451e-001  2.9966226e-001
  3.2960000e+000  2.9537725e-001  2.9952283e-001
  3.3040000e+000  3.1192212e-001  2.9939076e-001
  3.3120000e+000  3.0001837e-001  2.9926659e-001
  3.3200000e+000  2.9638559e-001  2.9915080e-001
  3.3280000e+000  3.0555867e-001  2.9904389e-001
  3.3360000e+000  2.8772920e-001  2.9894632e-001
  3.3440000e+000  2.9532253e-001  2.9885853e-001
  3.3520000e+000  2.9899059e-001  2.9878093e-001
  3.3600000e+000  2.9596582e-001  2.9871393e-001
  3.3680000e+000  2.9886234e-001  2.9865787e-001
  3.3760000e+000  2.9086134e-001  2.9861309e-001
  3.3840000e+000  2.9987429e-001  2.9857988e-001
  3.3920000e+000  3.0025103e-001  2.9855852e-001
  3.4000000e+000  2.9033851e-001  2.9854923e-001
  3.4080000e+000  2.8580751e-001  2.9855221e-001
  3.4160000e+000  2.9513902e-001  2.9856761e-001
  3.4240000e+000  2.9958101e-001  2.9859557e-001
  3.4320000e+000  2.9362265e-001  2.9863615e-001
  3.4400000e+000  2.9486913e-001  2.9868941e-001
  3.4480000e+000  2.9500080e-001  2.9875534e-001
  3.4560000e+000  2.9563487e-001  2.9883392e-001
  3.4640000e+000  2.9006143e-001  2.9892505e-001
  3.4720000e+000  2.9899624e-001  2.9902863e-001
  3.4800000e+000  2.9253975e-001  2.9914449e-001
  3.4880000e+000  2.9140207e-001  2.9927244e-001
  3.4960000e+000  2.9897040e-001  2.9941224e-001
  3.5040000e+000  3.0257539e-001  2.9956360e-001
  3.5120000e+000  2.8287323e-001  2.9972621e-001
  3.5200000e+000  2.7719129e-001  2.9989972e-001
  3.5280000e+000  2.8123196e-001  3.0008372e-001
  3.5360000e+000  3.0019762e-001  3.0027778e-001
  3.5440000e+000  3.0275137e-001  3.0048145e-001
  3.5520000e+000  2.8691611e-001  3.0069420e-001
  3.5600000e+000  2.9277771e-001  3.0091552e-001
  3.5680000e+000  2.8722531e-001  3.0114482e-001
  3.5760000e+000  2.9824023e-001  3.0138152e-001
  3.5840000e+000  2.8683241e-001  3.0162499e-001
  3.5920000e+000  2.9638562e-001  3.0187458e-001
  3.6000000e+000  3.2258323e-001  3.0212961e-001
  3.6080000e+000  3.2030112e-001  3.0238939e-001
  3.6160000e+000  3.0329507e-001  3.0265320e-001
  3.6240000e+000  2.9535956e-001  3.0292032e-001
  3.6320000e+000  2.9234729e-001  3.0318998e-001
  3.6400000e+000  3.0495333e-001  3.0346145e-001
  3.6480000e+000  2.9784817e-001  3.0373394e-001
  3.6560000e+000  3.0380723e-001  3.0400670e-001
  3.6640000e+000  2.9418985e-001  3.0427893e-001
  3.6720000e+000  3.0371257e-001  3.0454987e-001
  3.6800000e+000  2.9669229e-001  3.0481875e-001
  3.6880000e+000  3.1285430e-001  3.0508479e-001
  3.6960000e+000  2.9130220e-001  3.0534723e-001
  3.7040000e+000  2.8333450e-001  3.0560532e-001
  3.7120000e+000  3.0912532e-001  3.0585834e-001
  3.7200000e+000  3.1229444e-001  3.0610555e-001
  3.7280000e+000  3.0992365e-001  3.0634626e-001
  3.7360000e+000  3.1384649e-001  3.0657978e-001
  3.7440000e+000  3.0444954e-001  3.0680548e-001
  3.7520000e+000  2.9036442e-001  3.0702271e-001
  3.7600000e+000  2.8482856e-001  3.0723089e-001
  3.7680000e+000  2.9608819e-001  3.0742943e-001
  3.7760000e+000  3.3314544e-001  3.0761782e-001
  3.7840000e+000  3.3002945e-001  3.0779554e-001
  3.7920000e+000  3.2417474e-001  3.0796214e-001
  3.8000000e+000  3.2428076e-001  3.0811719e-001
  3.8080000e+000  3.2424098e-001  3.0826030e-001
  3.8160000e+000  3.0558108e-001  3.0839112e-001
  3.8240000e+000  3.1417502e-001  3.0850935e-001
  3.8320000e+000  3.0620567e-001  3.0861472e-001
  3.8400000e+000  3.1813405e-001  3.0870701e-001
  3.8480000e+000  3.2416607e-001  3.0878602e-001
  3.8560000e+000  3.0514783e-001  3.0885163e-001
  3.8640000e+000  3.1731102e-001  3.0890372e-001
  3.8720000e+000  3.1719840e-001  3.0894225e-001
  3.8800000e+000  3.1426145e-001  3.0896720e-001
  3.8880000e+000  3.2930144e-001  3.0897859e-001
  3.8960000e+000  3.4202791e-001  3.0897649e-001
  3.9040000e+000  3.3239768e-001  3.0896100e-001
