 -1.2000000e-001  8.8962264e-001  5.0971188e-001 -1.6223137e-001
 -1.1200000e-001  8.8892280e-001  5.0928475e-001 -1.5734732e-001
 -1.0400000e-001  9.0867252e-001  5.0885799e-001 -1.4887582e-001
 -9.6000000e-002  9.1715600e-001  5.0843158e-001 -1.2956224e-001
 -8.8000000e-002  9.3199819e-001  5.0800553e-001 -1.2855584e-001
 -8.0000000e-002  9.4191435e-001  5.0757983e-001 -1.2789512e-001
 -7.2000000e-002  9.5609493e-001  5.0715450e-001 -1.1632755e-001
 -6.4000000e-002  9.6668335e-001  5.0672952e-001 -1.0614383e-001
 -5.6000000e-002  9.6520983e-001  5.0630489e-001 -9.8849155e-002
 -4.8000000e-002  9.7446126e-001  5.0588062e-001 -9.4320060e-002
 -4.0000000e-002  9.7160506e-001  5.0545671e-001 -9.4072914e-002
 -3.2000000e-002  9.8484798e-001  5.0503315e-001 -8.2166658e-002
 -2.4000000e-002  9.8378970e-001  5.0460995e-001 -8.0687618e-002
 -1.6000000e-002  9.9850519e-001  5.0418710e-001 -7.2411738e-002
 -8.0000000e-003  9.9164987e-001  5.0376460e-001 -7.7700897e-002
  0.0000000e+000  1.0000000e+000  5.0334246e-001 -7.2464140e-002
  8.0000000e-003  9.9364288e-001  5.0292068e-001 -6.3154290e-002
  1.6000000e-002  9.9632943e-001  5.0249925e-001 -5.5574807e-002
  2.4000000e-002  9.9519776e-001  5.0207817e-001 -5.7053917e-002
  3.2000000e-002  9.8406533e-001  5.0165744e-001 -5.1088179e-002
  4.0000000e-002  9.8431804e-001  5.0123706e-001 -5.0289333e-002
  4.8000000e-002  9.8586835e-001  5.0081704e-001 -4.9139617e-002
  5.6000000e-002  9.8482462e-001  5.0039737e-001 -4.4062625e-002
  6.4000000e-002  9.7490744e-001  4.9997805e-001 -4.5692362e-002
  7.2000000e-002  9.7223086e-001  4.9955909e-001 -4.6584649e-002
  8.0000000e-002  9.5156701e-001  4.9914047e-001 -4.1940024e-002
  8.8000000e-002  9.3966279e-001  4.9872221e-001 -3.5303868e-002
  9.6000000e-002  9.3826658e-001  4.9830429e-001 -3.8743071e-002
  1.0400000e-001  9.2159198e-001  4.9788673e-001 -3.2256450e-002
  1.1200000e-001  9.1294609e-001  4.9746951e-001 -3.6698723e-002
  1.2000000e-001  9.0134176e-001  4.9705265e-001 -2.8702518e-002
  1.2800000e-001  8.8926194e-001  4.9663613e-001 -3.0391189e-002
  1.3600000e-001  8.8039742e-001  4.9621996e-001 -2.8504437e-002
  1.4400000e-001  8.6391108e-001  4.9580415e-001 -3.0771241e-002
  1.5200000e-001  8.5473105e-001  4.9538868e-001 -2.5879403e-002
  1.6000000e-001  8.3139880e-001  4.9497356e-001 -2.9094115e-002
  1.6800000e-001  8.2226357e-001  4.9455878e-001 -2.7671639e-002
  1.7600000e-001  8.0663069e-001  4.9414436e-001 -2.0952996e-002
  1.8400000e-001  7.9292004e-001  4.9373028e-001 -1.9300123e-002
  1.9200000e-001  7.7962818e-001  4.9331655e-001 -1.8651911e-002
  2.0000000e-001  7.6457708e-001  4.9290316e-001 -2.1758665e-002
  2.0800000e-001  7.4733423e-001  4.9249012e-001 -1.9645738e-002
  2.1600000e-001  7.4198557e-001  4.9207743e-001 -2.0283636e-002
  2.2400000e-001  7.1701794e-001  4.9166508e-001 -1.5084459e-002
  2.3200000e-001  6.9697208e-001  4.9125308e-001 -1.5191921e-002
  2.4000000e-001  6.8435508e-001  4.9084143e-001 -1.0597512e-002
  2.4800000e-001  6.6942980e-001  4.9043012e-001 -5.5466769e-003
  2.5600000e-001  6.5611371e-001  4.9001915e-001 -6.1238381e-003
  2.6400000e-001  6.4498955e-001  4.8960853e-001 -1.5876796e-002
  2.7200000e-001  6.2672468e-001  4.8919825e-001 -1.1627895e-002
  2.8000000e-001  6.1467299e-001  4.8878832e-001 -5.7554545e-003
  2.8800000e-001  6.0178383e-001  4.8837873e-001 -7.8419776e-003
  2.9600000e-001  5.8612366e-001  4.8796948e-001 -1.0825905e-002
  3.0400000e-001  5.6764770e-001  4.8756057e-001 -6.8032582e-003
  3.1200000e-001  5.6303702e-001  4.8715201e-001 -4.0525890e-003
  3.2000000e-001  5.4321294e-001  4.8674379e-001 -7.6448954e-003
  3.2800000e-001  5.3228373e-001  4.8633592e-001  3.7786914e-004
  3.3600000e-001  5.2504774e-001  4.8592838e-001 -1.0659397e-002
  3.4400000e-001  5.1889523e-001  4.8552119e-001 -8.2817050e-003
  3.5200000e-001  5.0221984e-001  4.8511433e-001 -5.6293184e-003
  3.6000000e-001  4.9188362e-001  4.8470782e-001 -2.7054750e-004
  3.6800000e-001  4.7468449e-001  4.8430165e-001 -7.7788382e-003
  3.7600000e-001  4.6683821e-001  4.8389582e-001 -5.9447434e-003
  3.8400000e-001  4.5337106e-001  4.8349033e-001 -3.9755802e-003
  3.9200000e-001  4.4861555e-001  4.8308518e-001  1.5653687e-003
  4.0000000e-001  4.3980490e-001  4.8268037e-001 -1.7164823e-003
  4.0800000e-001  4.2864351e-001  4.8227590e-001  3.0780789e-004
  4.1600000e-001  4.2221285e-001  4.8187176e-001 -2.4266611e-003
  4.2400000e-001  4.1938977e-001  4.8146797e-001  4.5835800e-003
  4.3200000e-001  4.0324762e-001  4.8106451e-001 -1.1286932e-003
  4.4000000e-001  4.0528306e-001  4.8066139e-001  3.6286880e-003
  4.4800000e-001  3.9388181e-001  4.8025861e-001  2.9553274e-003
  4.5600000e-001  3.9356640e-001  4.7985617e-001 -4.8369622e-004
  4.6400000e-001  3.8517081e-001  4.7945407e-001 -2.5064345e-003
  4.7200000e-001  3.8520933e-001  4.7905230e-001 -2.7949236e-003
  4.8000000e-001  3.7755837e-001  4.7865086e-001 -2.7425245e-003
  4.8800000e-001  3.7926689e-001  4.7824977e-001 -4.7652806e-003
  4.9600000e-001  3.7001942e-001  4.7784901e-001 -4.5808219e-003
  5.0400000e-001  3.6907197e-001  4.7744859e-001  5.8829828e-005
  5.1200000e-001  3.6399967e-001  4.7704850e-001 -1.4867977e-003
  5.2000000e-001  3.6251970e-001  4.7664875e-001 -4.4009595e-004
  5.2800000e-001  3.6674860e-001  4.7624933e-001  7.8635494e-005
  5.3600000e-001  3.5707837e-001  4.7585024e-001 -3.2835800e-003
  5.4400000e-001  3.5569245e-001  4.7545150e-001 -5.7396279e-003
  5.5200000e-001  3.5456409e-001  4.7505308e-001 -3.7338377e-003
  5.6000000e-001  3.5622881e-001  4.7465500e-001 -1.3364537e-003
  5.6800000e-001  3.5066283e-001  4.7425725e-001  1.3229434e-003
  5.7600000e-001  3.5463886e-001  4.7385984e-001  1.5878222e-004
  5.8400000e-001  3.4920051e-001  4.7346276e-001 -2.2027746e-003
  5.9200000e-001  3.5302830e-001  4.7306601e-001 -7.6222097e-003
  6.0000000e-001  3.5043380e-001  4.7266960e-001 -3.8773211e-003
  6.0800000e-001  3.5230421e-001  4.7227351e-001 -3.1524413e-003
  6.1600000e-001  3.5259959e-001  4.7187776e-001  2.6067117e-004
  6.2400000e-001  3.5494386e-001  4.7148234e-001 -1.8564429e-003
  6.3200000e-001  3.5404337e-001  4.7108725e-001 -5.1922288e-003
  6.4000000e-001  3.5441613e-001  4.7069249e-001 -1.3990921e-003
  6.4800000e-001  3.5160144e-001  4.7029807e-001 -3.2478067e-003
  6.5600000e-001  3.6472697e-001  4.6990397e-001 -5.0590082e-003
  6.6400000e-001  3.5769058e-001  4.6951021e-001  2.7997310e-003
  6.7200000e-001  3.6602496e-001  4.6911677e-001  2.5043635e-003
  6.8000000e-001  3.7301895e-001  4.6872366e-001  5.8623745e-004
  6.8800000e-001  3.6829439e-001  4.6833089e-001 -9.0987395e-004
  6.9600000e-001  3.6514260e-001  4.6793844e-001 -6.6185511e-003
  7.0400000e-001  3.7148091e-001  4.6754632e-001 -3.9160270e-003
  7.1200000e-001  3.6841392e-001  4.6715453e-001 -1.2348380e-003
  7.2000000e-001  3.7396583e-001  4.6676307e-001 -3.0374013e-003
  7.2800000e-001  3.7572665e-001  4.6637193e-001 -3.2773923e-003
  7.3600000e-001  3.9056459e-001  4.6598113e-001 -4.9668998e-003
  7.4400000e-001  3.8394093e-001  4.6559065e-001 -3.3855512e-003
  7.5200000e-001  3.9289765e-001  4.6520050e-001 -8.0892673e-003
  7.6000000e-001  3.8765948e-001  4.6481067e-001 -5.4508971e-003
  7.6800000e-001  3.9161954e-001  4.6442118e-001 -3.4502533e-003
  7.7600000e-001  3.9882894e-001  4.6403200e-001 -3.2390734e-003
  7.8400000e-001  3.9726726e-001  4.6364316e-001 -7.6751870e-003
  7.9200000e-001  4.0006849e-001  4.6325464e-001 -4.2458795e-003
  8.0000000e-001  4.0282236e-001  4.6286645e-001 -1.8562775e-003
  8.0800000e-001  4.1490425e-001  4.6247858e-001 -1.4293113e-003
  8.1600000e-001  4.1704352e-001  4.6209103e-001 -6.9453975e-003
  8.2400000e-001  4.1703248e-001  4.6170381e-001 -5.8317256e-003
  8.3200000e-001  4.2732833e-001  4.6131692e-001 -2.5007568e-003
  8.4000000e-001  4.2785336e-001  4.6093035e-001 -4.4032615e-003
  8.4800000e-001  4.3093426e-001  4.6054410e-001 -2.9125097e-003
  8.5600000e-001  4.3952249e-001  4.6015818e-001 -4.7654952e-003
  8.6400000e-001  4.3767099e-001  4.5977258e-001 -8.4348194e-003
  8.7200000e-001  4.4578301e-001  4.5938731e-001 -6.5368662e-003
  8.8000000e-001  4.4715089e-001  4.5900235e-001 -2.6918286e-003
  8.8800000e-001  4.5023736e-001  4.5861772e-001 -6.2148453e-003
  8.9600000e-001  4.5492468e-001  4.5823341e-001 -5.4160046e-003
  9.0400000e-001  4.6085304e-001  4.5784943e-001 -5.2207879e-003
  9.1200000e-001  4.5597149e-001  4.5746576e-001 -1.1053588e-003
  9.2000000e-001  4.5650832e-001  4.5708242e-001 -1.0355232e-003
  9.2800000e-001  4.7307878e-001  4.5669940e-001 -3.8569351e-003
  9.3600000e-001  4.6478370e-001  4.5631670e-001 -7.5690686e-003
  9.4400000e-001  4.6998207e-001  4.5593432e-001 -5.9767787e-003
  9.5200000e-001  4.8018501e-001  4.5555226e-001 -9.2149880e-003
  9.6000000e-001  4.8664397e-001  4.5517052e-001 -5.9941520e-003
  9.6800000e-001  4.7929108e-001  4.5478910e-001  2.6840173e-003
  9.7600000e-001  4.8515720e-001  4.5440800e-001 -5.1669425e-003
  9.8400000e-001  4.8647823e-001  4.5402722e-001 -8.8220287e-003
  9.9200000e-001  4.9010199e-001  4.5364676e-001 -2.8180429e-003
  1.0000000e+000  4.9297858e-001  4.5326661e-001 -2.0822748e-003
  1.0080000e+000  4.9609299e-001  4.5288679e-001 -5.9948178e-003
  1.0160000e+000  4.9425774e-001  4.5250728e-001 -6.5633645e-003
  1.0240000e+000  5.0174084e-001  4.5212809e-001 -3.6844481e-003
  1.0320000e+000  5.0657355e-001  4.5174922e-001 -1.2118067e-002
  1.0400000e+000  5.0465257e-001  4.5137067e-001 -6.7403080e-003
  1.0480000e+000  4.9902652e-001  4.5099244e-001 -5.7990686e-003
  1.0560000e+000  5.0811343e-001  4.5061452e-001 -6.4989454e-003
  1.0640000e+000  5.0931503e-001  4.5023692e-001 -6.7550698e-003
  1.0720000e+000  5.1199521e-001  4.4985963e-001 -2.4306691e-003
  1.0800000e+000  5.0059588e-001  4.4948266e-001  9.5275015e-005
  1.0880000e+000  5.0808543e-001  4.4910601e-001 -1.2874949e-003
  1.0960000e+000  5.0607238e-001  4.4872967e-001 -6.2607968e-003
  1.1040000e+000  5.0641315e-001  4.4835365e-001 -3.8717538e-003
  1.1120000e+000  5.1267379e-001  4.4797794e-001 -1.0933466e-002
  1.1200000e+000  5.1212597e-001  4.4760255e-001 -8.3993905e-004
  1.1280000e+000  5.0842608e-001  4.4722747e-001 -7.5608348e-003
  1.1360000e+000  5.0704750e-001  4.4685271e-001 -4.0083794e-003
  1.1440000e+000  4.9967799e-001  4.4647826e-001 -9.4730489e-004
  1.1520000e+000  5.0029816e-001  4.4610412e-001 -4.0493167e-003
  1.1600000e+000  5.0446290e-001  4.4573030e-001 -5.1768497e-003
  1.1680000e+000  5.0704664e-001  4.4535679e-001 -7.2119784e-003
  1.1760000e+000  5.0184093e-001  4.4498359e-001 -1.3415675e-002
  1.1840000e+000  4.9385347e-001  4.4461071e-001 -1.0262220e-002
  1.1920000e+000  4.9385175e-001  4.4423814e-001 -6.2408703e-003
  1.2000000e+000  4.9418036e-001  4.4386588e-001  7.7207607e-004
  1.2080000e+000  4.9309465e-001  4.4349393e-001 -4.5497588e-003
  1.2160000e+000  4.8761856e-001  4.4312230e-001 -1.1333388e-002
  1.2240000e+000  4.9070347e-001  4.4275097e-001 -5.1919536e-003
  1.2320000e+000  4.8546568e-001  4.4237996e-001 -6.9233995e-003
  1.2400000e+000  4.8130142e-001  4.4200926e-001 -4.2974922e-003
  1.2480000e+000  4.7880586e-001  4.4163887e-001 -7.6840399e-003
  1.2560000e+000  4.7592594e-001  4.4126879e-001 -6.5778895e-003
  1.2640000e+000  4.7113123e-001  4.4089902e-001  1.0421767e-003
  1.2720000e+000  4.5974748e-001  4.4052956e-001 -2.4556772e-003
  1.2800000e+000  4.6492181e-001  4.4016041e-001 -1.9346963e-003
  1.2880000e+000  4.6019180e-001  4.3979157e-001 -6.5826822e-003
  1.2960000e+000  4.5589056e-001  4.3942303e-001 -7.0796942e-004
  1.3040000e+000  4.5894356e-001  4.3905481e-001 -2.0091916e-003
  1.3120000e+000  4.5204845e-001  4.3868689e-001 -3.5543461e-003
  1.3200000e+000  4.4679389e-001  4.3831929e-001 -1.1150584e-003
  1.3280000e+000  4.4966830e-001  4.3795199e-001 -1.8671460e-003
  1.3360000e+000  4.4455184e-001  4.3758500e-001  1.5285695e-003
  1.3440000e+000  4.4313891e-001  4.3721831e-001 -4.4455757e-003
  1.3520000e+000  4.3859732e-001  4.3685194e-001  1.8952315e-004
  1.3600000e+000  4.2973127e-001  4.3648587e-001  1.8170730e-003
  1.3680000e+000  4.3230715e-001  4.3612011e-001  2.6853760e-003
  1.3760000e+000  4.2703748e-001  4.3575465e-001 -2.7029843e-003
  1.3840000e+000  4.2326510e-001  4.3538950e-001  3.4765443e-003
  1.3920000e+000  4.1643420e-001  4.3502466e-001  5.5607541e-003
  1.4000000e+000  4.1425337e-001  4.3466012e-001 -1.9520307e-003
  1.4080000e+000  4.1328429e-001  4.3429589e-001  1.3116095e-003
  1.4160000e+000  4.1637853e-001  4.3393196e-001  3.7990262e-003
  1.4240000e+000  4.0893554e-001  4.3356834e-001 -1.0557994e-003
  1.4320000e+000  4.0698605e-001  4.3320502e-001 -3.2228441e-003
  1.4400000e+000  4.0076277e-001  4.3284201e-001  1.6344438e-003
  1.4480000e+000  4.0027432e-001  4.3247930e-001  3.4111121e-003
  1.4560000e+000  3.9180124e-001  4.3211689e-001 -1.8189634e-004
  1.4640000e+000  3.9452878e-001  4.3175479e-001 -9.7394014e-004
  1.4720000e+000  3.9107191e-001  4.3139299e-001  3.7598173e-003
  1.4800000e+000  3.8484985e-001  4.3103150e-001 -2.4910045e-003
  1.4880000e+000  3.8296748e-001  4.3067031e-001 -6.4778186e-003
  1.4960000e+000  3.8431420e-001  4.3030942e-001  1.0948671e-003
  1.5040000e+000  3.8759999e-001  4.2994883e-001  2.2434803e-003
  1.5120000e+000  3.7878157e-001  4.2958854e-001 -4.1735023e-003
  1.5200000e+000  3.7918541e-001  4.2922856e-001  4.0391496e-003
  1.5280000e+000  3.8666617e-001  4.2886888e-001  2.9868478e-003
  1.5360000e+000  3.8266859e-001  4.2850950e-001  3.4171949e-004
  1.5440000e+000  3.7507803e-001  4.2815042e-001 -3.6728748e-003
  1.5520000e+000  3.7830658e-001  4.2779165e-001  8.6273613e-004
  1.5600000e+000  3.7535008e-001  4.2743317e-001  3.7015634e-003
  1.5680000e+000  3.7045601e-001  4.2707499e-001 -5.1819141e-003
  1.5760000e+000  3.7469193e-001  4.2671712e-001  3.8496236e-003
  1.5840000e+000  3.6747857e-001  4.2635954e-001 -2.3910969e-003
  1.5920000e+000  3.7345956e-001  4.2600226e-001 -4.4766257e-004
  1.6000000e+000  3.6386292e-001  4.2564528e-001 -2.6625245e-003
  1.6080000e+000  3.6825390e-001  4.2528861e-001  3.8765366e-003
  1.6160000e+000  3.6621641e-001  4.2493223e-001  4.3288215e-003
  1.6240000e+000  3.7136411e-001  4.2457615e-001  3.1180391e-003
  1.6320000e+000  3.6846531e-001  4.2422036e-001 -1.2768144e-003
  1.6400000e+000  3.7003590e-001  4.2386488e-001 -9.8330447e-004
  1.6480000e+000  3.6477581e-001  4.2350969e-001  8.1849605e-004
  1.6560000e+000  3.7689598e-001  4.2315480e-001  1.9384387e-003
  1.6640000e+000  3.6647975e-001  4.2280021e-001 -1.3147540e-003
  1.6720000e+000  3.7189621e-001  4.2244592e-001  3.3471015e-003
  1.6800000e+000  3.7385013e-001  4.2209192e-001 -4.6152962e-003
  1.6880000e+000  3.7104720e-001  4.2173822e-001 -1.5534981e-003
  1.6960000e+000  3.7272479e-001  4.2138482e-001 -1.7037938e-003
  1.7040000e+000  3.7648183e-001  4.2103171e-001  9.4475262e-004
  1.7120000e+000  3.7279903e-001  4.2067889e-001 -4.3301685e-003
  1.7200000e+000  3.7581343e-001  4.2032638e-001  3.7122476e-004
  1.7280000e+000  3.7182576e-001  4.1997416e-001  5.2820243e-004
  1.7360000e+000  3.7779825e-001  4.1962223e-001 -6.6876794e-003
  1.7440000e+000  3.7881355e-001  4.1927060e-001  2.3140821e-003
  1.7520000e+000  3.8098277e-001  4.1891926e-001  3.1684278e-003
  1.7600000e+000  3.8505265e-001  4.1856822e-001  4.7453242e-004
  1.7680000e+000  3.8749775e-001  4.1821747e-001  4.8208870e-004
  1.7760000e+000  3.8311057e-001  4.1786702e-001 -1.3170258e-003
  1.7840000e+000  3.7877646e-001  4.1751686e-001 -1.2848834e-003
  1.7920000e+000  3.8532366e-001  4.1716699e-001 -5.1107412e-004
  1.8000000e+000  3.8863547e-001  4.1681742e-001 -1.5709929e-004
  1.8080000e+000  3.9793553e-001  4.1646814e-001 -3.2084143e-003
  1.8160000e+000  4.0019295e-001  4.1611915e-001  1.0123789e-003
  1.8240000e+000  3.9920506e-001  4.1577045e-001 -7.9306608e-003
  1.8320000e+000  3.9604842e-001  4.1542205e-001 -7.1763305e-004
  1.8400000e+000  4.0179113e-001  4.1507394e-001 -7.4316677e-003
  1.8480000e+000  4.0216252e-001  4.1472612e-001  3.0613550e-003
  1.8560000e+000  3.9906209e-001  4.1437859e-001  2.7186293e-003
  1.8640000e+000  4.0618217e-001  4.1403135e-001  3.4791396e-003
  1.8720000e+000  4.0492342e-001  4.1368441e-001 -1.3049478e-003
  1.8800000e+000  4.0805291e-001  4.1333775e-001 -1.8403541e-004
  1.8880000e+000  4.1539147e-001  4.1299138e-001 -5.4828292e-003
  1.8960000e+000  4.1096929e-001  4.1264531e-001 -3.5167089e-003
  1.9040000e+000  4.1659770e-001  4.1229953e-001 -2.9782468e-003
  1.9120000e+000  4.1640834e-001  4.1195403e-001 -2.0353395e-003
  1.9200000e+000  4.1457044e-001  4.1160882e-001 -6.9872126e-003
  1.9280000e+000  4.1942956e-001  4.1126391e-001 -8.0084859e-004
  1.9360000e+000  4.1964086e-001  4.1091928e-001 -7.3877733e-003
  1.9440000e+000  4.2302133e-001  4.1057494e-001 -2.1948878e-003
  1.9520000e+000  4.2512469e-001  4.1023089e-001  2.2345088e-004
  1.9600000e+000  4.2977309e-001  4.0988713e-001  3.6974969e-003
  1.9680000e+000  4.2629796e-001  4.0954366e-001 -1.5916997e-003
  1.9760000e+000  4.3386631e-001  4.0920047e-001 -1.6353162e-004
  1.9840000e+000  4.2858912e-001  4.0885757e-001 -2.6018983e-003
  1.9920000e+000  4.3477241e-001  4.0851496e-001  1.4575727e-003
  2.0000000e+000  4.2769550e-001  4.0817264e-001 -2.7378669e-004
  2.0080000e+000  4.3157354e-001  4.0783060e-001 -3.2976258e-003
  2.0160000e+000  4.2767082e-001  4.0748885e-001 -1.1766528e-003
  2.0240000e+000  4.3217805e-001  4.0714739e-001 -8.9897256e-004
  2.0320000e+000  4.3161988e-001  4.0680621e-001 -6.7607244e-004
  2.0400000e+000  4.3091816e-001  4.0646532e-001  1.1080197e-003
  2.0480000e+000  4.3028007e-001  4.0612471e-001 -4.1259367e-003
  2.0560000e+000  4.3174918e-001  4.0578439e-001 -3.8072639e-004
  2.0640000e+000  4.3295619e-001  4.0544436e-001 -2.6678151e-003
  2.0720000e+000  4.4049378e-001  4.0510461e-001 -4.4800029e-004
  2.0800000e+000  4.3715602e-001  4.0476514e-001 -2.5217240e-003
  2.0880000e+000  4.3930768e-001  4.0442596e-001 -2.5821997e-004
  2.0960000e+000  4.3667152e-001  4.0408706e-001  7.6875892e-004
  2.1040000e+000  4.4143781e-001  4.0374845e-001  8.2796862e-004
  2.1120000e+000  4.3796031e-001  4.0341012e-001 -5.6976016e-003
  2.1200000e+000  4.3567094e-001  4.0307207e-001  1.2513780e-003
  2.1280000e+000  4.3536425e-001  4.0273431e-001 -1.6594496e-004
  2.1360000e+000  4.3387796e-001  4.0239683e-001 -8.7788146e-004
  2.1440000e+000  4.3582129e-001  4.0205963e-001  9.8233743e-004
  2.1520000e+000  4.3712227e-001  4.0172272e-001 -3.2825256e-004
  2.1600000e+000  4.3547941e-001  4.0138609e-001 -5.8552667e-003
  2.1680000e+000  4.2986976e-001  4.0104974e-001 -7.5902466e-003
  2.1760000e+000  4.3052881e-001  4.0071367e-001 -4.3542506e-003
  2.1840000e+000  4.2532052e-001  4.0037788e-001 -2.2680594e-003
  2.1920000e+000  4.2786729e-001  4.0004238e-001 -5.4770300e-003
  2.2000000e+000  4.3180919e-001  3.9970715e-001 -4.4314111e-003
  2.2080000e+000  4.3014854e-001  3.9937221e-001 -4.2869531e-003
  2.2160000e+000  4.2687200e-001  3.9903755e-001  1.3024863e-003
  2.2240000e+000  4.2401544e-001  3.9870317e-001 -5.3201928e-003
  2.2320000e+000  4.2510326e-001  3.9836907e-001  2.0390240e-003
  2.2400000e+000  4.2501883e-001  3.9803524e-001 -1.2836601e-003
  2.2480000e+000  4.2524813e-001  3.9770170e-001  5.9908979e-003
  2.2560000e+000  4.2046492e-001  3.9736844e-001 -8.6749813e-004
  2.2640000e+000  4.1328505e-001  3.9703546e-001  1.9278663e-003
  2.2720000e+000  4.1806938e-001  3.9670275e-001 -2.4394340e-003
  2.2800000e+000  4.1224096e-001  3.9637033e-001  3.3347726e-003
  2.2880000e+000  4.1653806e-001  3.9603818e-001 -4.2078189e-003
  2.2960000e+000  4.1090158e-001  3.9570631e-001  5.8807699e-003
  2.3040000e+000  4.0339002e-001  3.9537472e-001 -4.6869296e-003
  2.3120000e+000  4.0954070e-001  3.9504341e-001  4.9601535e-003
  2.3200000e+000  4.0350488e-001  3.9471237e-001 -2.2835633e-003
  2.3280000e+000  4.0968626e-001  3.9438162e-001 -2.0722711e-003
  2.3360000e+000  4.0029044e-001  3.9405114e-001  6.2949548e-003
  2.3440000e+000  4.0053704e-001  3.9372093e-001  2.0461590e-003
  2.3520000e+000  4.0275339e-001  3.9339101e-001 -2.7937890e-003
  2.3600000e+000  4.0151943e-001  3.9306136e-001 -2.6094625e-003
  2.3680000e+000  3.9285139e-001  3.9273198e-001 -5.5097432e-003
  2.3760000e+000  3.9428451e-001  3.9240288e-001  2.6903478e-003
  2.3840000e+000  3.9425297e-001  3.9207406e-001 -8.3889543e-004
  2.3920000e+000  3.9178219e-001  3.9174551e-001 -8.0451533e-003
  2.4000000e+000  3.8929234e-001  3.9141724e-001 -2.6002479e-003
  2.4080000e+000  3.7709438e-001  3.9108925e-001 -8.8416718e-004
  2.4160000e+000  3.8288631e-001  3.9076153e-001  1.4627327e-003
  2.4240000e+000  3.7502247e-001  3.9043408e-001  3.0655618e-003
  2.4320000e+000  3.7839956e-001  3.9010691e-001 -2.3923915e-003
  2.4400000e+000  3.7586332e-001  3.8978001e-001  5.7494039e-004
  2.4480000e+000  3.7816879e-001  3.8945338e-001  3.3959368e-003
  2.4560000e+000  3.7559197e-001  3.8912703e-001  4.7137240e-003
  2.4640000e+000  3.7532559e-001  3.8880096e-001  1.3123374e-003
  2.4720000e+000  3.7262313e-001  3.8847515e-001 -1.8492244e-003
  2.4800000e+000  3.6789715e-001  3.8814962e-001 -1.1794144e-003
  2.4880000e+000  3.6472529e-001  3.8782436e-001  3.6585251e-003
  2.4960000e+000  3.7000420e-001  3.8749938e-001 -3.9994991e-003
  2.5040000e+000  3.7223806e-001  3.8717466e-001  6.4835950e-004
  2.5120000e+000  3.5996254e-001  3.8685022e-001  3.3085573e-003
  2.5200000e+000  3.6167481e-001  3.8652605e-001  4.6104129e-003
  2.5280000e+000  3.5634843e-001  3.8620216e-001  1.4125801e-003
  2.5360000e+000  3.6664070e-001  3.8587853e-001  2.2218757e-003
  2.5440000e+000  3.6212543e-001  3.8555517e-001 -2.2770927e-004
  2.5520000e+000  3.6054242e-001  3.8523209e-001  5.9763517e-003
  2.5600000e+000  3.5850478e-001  3.8490928e-001 -4.1357370e-003
  2.5680000e+000  3.5963452e-001  3.8458673e-001  3.5810664e-003
  2.5760000e+000  3.5463238e-001  3.8426446e-001  4.7250745e-004
  2.5840000e+000  3.5693891e-001  3.8394246e-001  1.7057997e-004
  2.5920000e+000  3.5529957e-001  3.8362073e-001  4.0331338e-003
  2.6000000e+000  3.5091758e-001  3.8329926e-001  6.0246835e-003
  2.6080000e+000  3.5636403e-001  3.8297807e-001 -1.9792440e-003
  2.6160000e+000  3.5582099e-001  3.8265715e-001  3.3893917e-004
  2.6240000e+000  3.5587315e-001  3.8233649e-001 -2.6109564e-003
  2.6320000e+000  3.5689379e-001  3.8201610e-001  5.5585962e-004
  2.6400000e+000  3.5928487e-001  3.8169598e-001  2.8831103e-003
  2.6480000e+000  3.4893923e-001  3.8137613e-001 -6.9620602e-004
  2.6560000e+000  3.5962274e-001  3.8105655e-001 -7.6168148e-004
  2.6640000e+000  3.5511262e-001  3.8073724e-001 -1.0792651e-003
  2.6720000e+000  3.5646860e-001  3.8041819e-001  5.3537899e-003
  2.6800000e+000  3.5371071e-001  3.8009941e-001  7.7505031e-003
  2.6880000e+000  3.5342353e-001  3.7978090e-001  2.3152688e-006
  2.6960000e+000  3.4592051e-001  3.7946265e-001  4.6061022e-003
  2.7040000e+000  3.5059202e-001  3.7914468e-001  8.0566991e-003
  2.7120000e+000  3.5569310e-001  3.7882696e-001 -1.7167819e-003
  2.7200000e+000  3.5684388e-001  3.7850952e-001  2.7225515e-003
  2.7280000e+000  3.6425262e-001  3.7819234e-001  3.9189669e-003
  2.7360000e+000  3.6116222e-001  3.7787542e-001 -6.3352737e-004
  2.7440000e+000  3.5080410e-001  3.7755877e-001  1.3560478e-003
  2.7520000e+000  3.5240818e-001  3.7724239e-001  1.7598529e-004
  2.7600000e+000  3.5977743e-001  3.7692627e-001  2.1883172e-003
  2.7680000e+000  3.6000151e-001  3.7661042e-001  6.5159075e-004
  2.7760000e+000  3.6322673e-001  3.7629483e-001  6.7046831e-003
  2.7840000e+000  3.5705031e-001  3.7597951e-001  2.1529596e-003
  2.7920000e+000  3.6422113e-001  3.7566445e-001  2.4574379e-004
  2.8000000e+000  3.5648439e-001  3.7534965e-001  4.7480040e-003
  2.8080000e+000  3.6401210e-001  3.7503512e-001  5.1572628e-003
  2.8160000e+000  3.5905240e-001  3.7472085e-001  1.3720387e-003
  2.8240000e+000  3.6229798e-001  3.7440685e-001 -2.9896995e-004
  2.8320000e+000  3.6245924e-001  3.7409310e-001 -3.6201505e-003
  2.8400000e+000  3.6491202e-001  3.7377962e-001 -3.9570068e-003
  2.8480000e+000  3.6878199e-001  3.7346641e-001  1.3386680e-003
  2.8560000e+000  3.7261862e-001  3.7315345e-001  1.7631535e-003
  2.8640000e+000  3.7111662e-001  3.7284076e-001  2.0990267e-003
  2.8720000e+000  3.6680322e-001  3.7252833e-001  3.0795354e-003
  2.8800000e+000  3.6518033e-001  3.7221616e-001  1.1654790e-003
  2.8880000e+000  3.6844237e-001  3.7190426e-001  2.1815470e-003
  2.8960000e+000  3.6704357e-001  3.7159261e-001 -1.1546735e-004
  2.9040000e+000  3.6860717e-001  3.7128123e-001  3.0853343e-003
  2.9120000e+000  3.7785702e-001  3.7097011e-001  2.5779344e-003
  2.9200000e+000  3.7548550e-001  3.7065924e-001  2.5639631e-003
  2.9280000e+000  3.7549973e-001  3.7034864e-001 -1.6812212e-003
  2.9360000e+000  3.7084404e-001  3.7003830e-001  8.4233103e-004
  2.9440000e+000  3.8136252e-001  3.6972822e-001  1.2600802e-003
  2.9520000e+000  3.7647347e-001  3.6941840e-001 -4.7978899e-003
  2.9600000e+000  3.7663002e-001  3.6910884e-001  3.5413636e-003
  2.9680000e+000  3.8379844e-001  3.6879953e-001 -2.6010836e-005
  2.9760000e+000  3.7834678e-001  3.6849049e-001  8.1980839e-003
  2.9840000e+000  3.7692209e-001  3.6818171e-001  3.3884667e-003
  2.9920000e+000  3.8000544e-001  3.6787318e-001  2.2852178e-003
  3.0000000e+000  3.8403473e-001  3.6756491e-001 -1.7447047e-004
  3.0080000e+000  3.8541822e-001  3.6725691e-001 -1.2680330e-004
  3.0160000e+000  3.7846045e-001  3.6694915e-001  2.2677986e-003
  3.0240000e+000  3.8629877e-001  3.6664166e-001  2.0657803e-003
  3.0320000e+000  3.8209844e-001  3.6633443e-001 -2.0484406e-003
  3.0400000e+000  3.8224982e-001  3.6602745e-001  6.1639693e-004
  3.0480000e+000  3.8236636e-001  3.6572073e-001 -1.4253720e-003
  3.0560000e+000  3.8402364e-001  3.6541427e-001 -2.0354484e-003
  3.0640000e+000  3.8311264e-001  3.6510806e-001  6.5338302e-003
  3.0720000e+000  3.8331691e-001  3.6480211e-001  4.3141641e-003
  3.0800000e+000  3.8758958e-001  3.6449642e-001  3.3509279e-003
  3.0880000e+000  3.8191282e-001  3.6419098e-001 -4.9400493e-004
  3.0960000e+000  3.7944114e-001  3.6388580e-001  6.9785845e-003
  3.1040000e+000  3.8189025e-001  3.6358087e-001  5.2373460e-003
  3.1120000e+000  3.7943885e-001  3.6327620e-001  2.8084771e-005
  3.1200000e+000  3.7797959e-001  3.6297179e-001  8.0981936e-003
  3.1280000e+000  3.8087936e-001  3.6266763e-001  1.9426179e-003
  3.1360000e+000  3.8430825e-001  3.6236372e-001  2.1212205e-004
  3.1440000e+000  3.8218862e-001  3.6206007e-001  5.5271004e-003
  3.1520000e+000  3.7744801e-001  3.6175667e-001 -9.6169470e-004
  3.1600000e+000  3.7884391e-001  3.6145353e-001  4.6608492e-004
  3.1680000e+000  3.7787374e-001  3.6115065e-001  6.1855362e-003
  3.1760000e+000  3.7768097e-001  3.6084801e-001  6.7256956e-003
  3.1840000e+000  3.8250955e-001  3.6054563e-001  4.9105008e-004
  3.1920000e+000  3.7946734e-001  3.6024351e-001  5.5897882e-003
  3.2000000e+000  3.7819083e-001  3.5994163e-001  5.0148018e-004
  3.2080000e+000  3.7880797e-001  3.5964001e-001  1.6583562e-003
  3.2160000e+000  3.7811369e-001  3.5933864e-001  4.7283755e-003
  3.2240000e+000  3.8030352e-001  3.5903753e-001  7.0623749e-003
  3.2320000e+000  3.7667196e-001  3.5873666e-001  4.9716094e-003
  3.2400000e+000  3.7284513e-001  3.5843605e-001  9.9438382e-004
  3.2480000e+000  3.6979851e-001  3.5813569e-001  5.2262514e-003
  3.2560000e+000  3.6711417e-001  3.5783559e-001  8.7439606e-004
  3.2640000e+000  3.6946512e-001  3.5753573e-001  2.7889098e-003
  3.2720000e+000  3.7549697e-001  3.5723613e-001  3.0115361e-003
  3.2800000e+000  3.7289111e-001  3.5693677e-001 -4.8132023e-003
  3.2880000e+000  3.7092863e-001  3.5663767e-001  2.3359795e-003
  3.2960000e+000  3.6724358e-001  3.5633882e-001 -1.9935193e-003
  3.3040000e+000  3.6535916e-001  3.5604022e-001  2.2668529e-003
  3.3120000e+000  3.6412301e-001  3.5574187e-001  1.2066515e-003
  3.3200000e+000  3.6741164e-001  3.5544376e-001  3.9362441e-003
  3.3280000e+000  3.6314876e-001  3.5514591e-001 -4.3227540e-003
  3.3360000e+000  3.6047367e-001  3.5484831e-001  7.2571136e-003
  3.3440000e+000  3.5710539e-001  3.5455096e-001  4.4258061e-003
  3.3520000e+000  3.6725528e-001  3.5425386e-001  3.0609732e-003
  3.3600000e+000  3.5229983e-001  3.5395700e-001 -1.8739934e-003
  3.3680000e+000  3.6164197e-001  3.5366039e-001  9.9427025e-004
  3.3760000e+000  3.5873343e-001  3.5336404e-001  2.3968232e-003
  3.3840000e+000  3.5560648e-001  3.5306793e-001  1.3503616e-003
  3.3920000e+000  3.4949112e-001  3.5277207e-001  4.0644092e-003
  3.4000000e+000  3.5225570e-001  3.5247646e-001  6.5286552e-003
  3.4080000e+000  3.5496842e-001  3.5218109e-001  5.8960791e-003
  3.4160000e+000  3.5537173e-001  3.5188597e-001  6.4359679e-003
  3.4240000e+000  3.5114946e-001  3.5159110e-001 -9.8457814e-004
  3.4320000e+000  3.4748084e-001  3.5129648e-001 -2.5659269e-004
  3.4400000e+000  3.5246987e-001  3.5100210e-001  4.1546839e-003
  3.4480000e+000  3.4436144e-001  3.5070797e-001  1.4975558e-003
  3.4560000e+000  3.4561558e-001  3.5041409e-001  5.7473641e-003
  3.4640000e+000  3.4141545e-001  3.5012045e-001  1.3816610e-003
  3.4720000e+000  3.4306703e-001  3.4982706e-001  2.5308980e-003
  3.4800000e+000  3.4174751e-001  3.4953392e-001  7.4184978e-003
  3.4880000e+000  3.4905378e-001  3.4924102e-001 -5.3877535e-003
  3.4960000e+000  3.4611641e-001  3.4894837e-001  5.7508889e-006
  3.5040000e+000  3.4180978e-001  3.4865596e-001  1.1129406e-002
  3.5120000e+000  3.4276600e-001  3.4836379e-001 -3.6203882e-003
  3.5200000e+000  3.3591129e-001  3.4807187e-001  5.1180618e-003
  3.5280000e+000  3.3925976e-001  3.4778020e-001 -1.8461315e-003
  3.5360000e+000  3.3381995e-001  3.4748877e-001  3.9339257e-003
  3.5440000e+000  3.3824268e-001  3.4719758e-001  7.6757073e-003
  3.5520000e+000  3.3502364e-001  3.4690664e-001  3.1643185e-003
  3.5600000e+000  3.4166718e-001  3.4661595e-001  5.6643445e-003
  3.5680000e+000  3.3576143e-001  3.4632549e-001  4.8395063e-003
  3.5760000e+000  3.3551010e-001  3.4603528e-001 -1.5054562e-003
  3.5840000e+000  3.3668546e-001  3.4574531e-001  2.4031695e-003
  3.5920000e+000  3.3758622e-001  3.4545559e-001  1.6570989e-003
  3.6000000e+000  3.2883385e-001  3.4516611e-001  1.9511987e-003
  3.6080000e+000  3.4013714e-001  3.4487687e-001  6.1910479e-003
  3.6160000e+000  3.3164456e-001  3.4458787e-001  2.7727543e-003
  3.6240000e+000  3.3852109e-001  3.4429912e-001  4.2713946e-003
  3.6320000e+000  3.3144100e-001  3.4401060e-001  4.1933421e-003
  3.6400000e+000  3.3476288e-001  3.4372233e-001  1.9151020e-003
  3.6480000e+000  3.3655259e-001  3.4343430e-001  5.7770017e-004
  3.6560000e+000  3.2984433e-001  3.4314652e-001  4.3517948e-003
  3.6640000e+000  3.3790368e-001  3.4285897e-001  2.5995398e-003
  3.6720000e+000  3.3502544e-001  3.4257166e-001  2.6225125e-003
  3.6800000e+000  3.3362999e-001  3.4228460e-001  9.5333507e-004
  3.6880000e+000  3.3446542e-001  3.4199777e-001  3.3689798e-003
  3.6960000e+000  3.3139971e-001  3.4171119e-001  2.1891072e-003
  3.7040000e+000  3.4074222e-001  3.4142485e-001  1.0931011e-003
  3.7120000e+000  3.4328306e-001  3.4113874e-001  8.1781557e-003
  3.7200000e+000  3.4300410e-001  3.4085288e-001 -1.5975705e-003
  3.7280000e+000  3.3876292e-001  3.4056725e-001  5.9141906e-003
  3.7360000e+000  3.3983319e-001  3.4028187e-001  2.2891565e-003
  3.7440000e+000  3.4099998e-001  3.3999672e-001 -2.1686799e-003
  3.7520000e+000  3.4050316e-001  3.3971181e-001  1.9052477e-003
  3.7600000e+000  3.3638473e-001  3.3942714e-001  4.9872212e-003
  3.7680000e+000  3.4405992e-001  3.3914271e-001  4.4386619e-003
  3.7760000e+000  3.4735259e-001  3.3885852e-001 -1.5068667e-004
  3.7840000e+000  3.5172581e-001  3.3857457e-001 -2.5417517e-003
  3.7920000e+000  3.4877519e-001  3.3829085e-001  4.9446898e-004
  3.8000000e+000  3.4551353e-001  3.3800738e-001  4.0589274e-003
  3.8080000e+000  3.4402030e-001  3.3772413e-001 -1.4429434e-003
  3.8160000e+000  3.4569878e-001  3.3744113e-001  6.7120893e-003
  3.8240000e+000  3.4857140e-001  3.3715837e-001  6.0962613e-003
  3.8320000e+000  3.5183478e-001  3.3687584e-001 -2.9677528e-003
  3.8400000e+000  3.5472672e-001  3.3659354e-001  3.2353401e-003
  3.8480000e+000  3.5330239e-001  3.3631149e-001  7.7982169e-004
  3.8560000e+000  3.5527350e-001  3.3602967e-001  1.3158898e-004
  3.8640000e+000  3.4870544e-001  3.3574809e-001  3.0326416e-003
  3.8720000e+000  3.4432382e-001  3.3546674e-001  8.4509493e-003
  3.8800000e+000  3.4405547e-001  3.3518563e-001  4.9506489e-003
  3.8880000e+000  3.4396864e-001  3.3490475e-001  4.1590950e-003
  3.8960000e+000  3.5570803e-001  3.3462411e-001 -2.4075371e-003
  3.9040000e+000  3.5469342e-001  3.3434371e-001 -1.2120640e-003
  3.9120000e+000  3.6972770e-001  3.3406354e-001  4.4067609e-003
