  1.8000000e+000  0.0000000e+000
  1.8126789e+000  0.0000000e+000
  1.8253579e+000  0.0000000e+000
  1.8380368e+000  0.0000000e+000
  1.8507157e+000  0.0000000e+000
  1.8633947e+000  0.0000000e+000
  1.8760736e+000  0.0000000e+000
  1.8887526e+000  0.0000000e+000
  1.9014315e+000  0.0000000e+000
  1.9141104e+000  0.0000000e+000
  1.9267894e+000  0.0000000e+000
  1.9394683e+000  0.0000000e+000
  1.9521472e+000  0.0000000e+000
  1.9648262e+000  0.0000000e+000
  1.9775051e+000  0.0000000e+000
  1.9901840e+000  0.0000000e+000
  2.0028630e+000  0.0000000e+000
  2.0155419e+000  0.0000000e+000
  2.0282209e+000  0.0000000e+000
  2.0408998e+000  0.0000000e+000
  2.0535787e+000  0.0000000e+000
  2.0662577e+000  0.0000000e+000
  2.0789366e+000  0.0000000e+000
  2.0916155e+000  0.0000000e+000
  2.1042945e+000  0.0000000e+000
  2.1169734e+000  0.0000000e+000
  2.1296524e+000  0.0000000e+000
  2.1423313e+000  0.0000000e+000
  2.1550102e+000  0.0000000e+000
  2.1676892e+000  0.0000000e+000
  2.1803681e+000  0.0000000e+000
  2.1930470e+000  0.0000000e+000
  2.2057260e+000  0.0000000e+000
  2.2184049e+000  0.0000000e+000
  2.2310838e+000  0.0000000e+000
  2.2437628e+000  0.0000000e+000
  2.2564417e+000  0.0000000e+000
  2.2691207e+000  0.0000000e+000
  2.2817996e+000  0.0000000e+000
  2.2944785e+000  0.0000000e+000
  2.3071575e+000  0.0000000e+000
  2.3198364e+000  0.0000000e+000
  2.3325153e+000  0.0000000e+000
  2.3451943e+000  0.0000000e+000
  2.3578732e+000  0.0000000e+000
  2.3705521e+000  0.0000000e+000
  2.3832311e+000  0.0000000e+000
  2.3959100e+000  0.0000000e+000
  2.4085890e+000  0.0000000e+000
  2.4212679e+000  0.0000000e+000
  2.4339468e+000  0.0000000e+000
  2.4466258e+000  0.0000000e+000
  2.4593047e+000  0.0000000e+000
  2.4719836e+000  0.0000000e+000
  2.4846626e+000  3.9595765e-005
  2.4973415e+000  1.6421379e-004
  2.5100204e+000  4.0170600e-004
  2.5226994e+000  7.6383010e-004
  2.5353783e+000  1.2443931e-003
  2.5480573e+000  1.8245196e-003
  2.5607362e+000  2.4834730e-003
  2.5734151e+000  3.2060686e-003
  2.5860941e+000  3.9818023e-003
  2.5987730e+000  4.7974261e-003
  2.6114519e+000  5.6316741e-003
  2.6241309e+000  6.4586664e-003
  2.6368098e+000  7.2563438e-003
  2.6494888e+000  8.0120728e-003
  2.6621677e+000  8.7219700e-003
  2.6748466e+000  9.3860685e-003
  2.6875256e+000  1.0003933e-002
  2.7002045e+000  1.0574188e-002
  2.7128834e+000  1.1097485e-002
  2.7255624e+000  1.1578887e-002
  2.7382413e+000  1.2026228e-002
  2.7509202e+000  1.2445292e-002
  2.7635992e+000  1.2835598e-002
  2.7762781e+000  1.3189829e-002
  2.7889571e+000  1.3497426e-002
  2.8016360e+000  1.3750419e-002
  2.8143149e+000  1.3947898e-002
  2.8269939e+000  1.4095769e-002
  2.8396728e+000  1.4201562e-002
  2.8523517e+000  1.4267759e-002
  2.8650307e+000  1.4287975e-002
  2.8777096e+000  1.4248216e-002
  2.8903885e+000  1.4132890e-002
  2.9030675e+000  1.3933489e-002
  2.9157464e+000  1.3656669e-002
  2.9284254e+000  1.3327846e-002
  2.9411043e+000  1.2987752e-002
  2.9537832e+000  1.2682590e-002
  2.9664622e+000  1.2451619e-002
  2.9791411e+000  1.2316811e-002
  2.9918200e+000  1.2277764e-002
  3.0044990e+000  1.2312783e-002
  3.0171779e+000  1.2385464e-002
  3.0298569e+000  1.2455134e-002
  3.0425358e+000  1.2488567e-002
  3.0552147e+000  1.2469689e-002
  3.0678937e+000  1.2404176e-002
  3.0805726e+000  1.2317512e-002
  3.0932515e+000  1.2247338e-002
  3.1059305e+000  1.2232838e-002
  3.1186094e+000  1.2304432e-002
  3.1312883e+000  1.2476386e-002
  3.1439673e+000  1.2743715e-002
  3.1566462e+000  1.3083651e-002
  3.1693252e+000  1.3461116e-002
  3.1820041e+000  1.3837007e-002
  3.1946830e+000  1.4177539e-002
  3.2073620e+000  1.4462584e-002
  3.2200409e+000  1.4691033e-002
  3.2327198e+000  1.4881954e-002
  3.2453988e+000  1.5071339e-002
  3.2580777e+000  1.5305339e-002
  3.2707566e+000  1.5631567e-002
  3.2834356e+000  1.6090250e-002
  3.2961145e+000  1.6706738e-002
  3.3087935e+000  1.7486425e-002
  3.3214724e+000  1.8412645e-002
  3.3341513e+000  1.9447688e-002
  3.3468303e+000  2.0536791e-002
  3.3595092e+000  2.1614587e-002
  3.3721881e+000  2.2613233e-002
  3.3848671e+000  2.3471132e-002
  3.3975460e+000  2.4141049e-002
  3.4102249e+000  2.4596480e-002
  3.4229039e+000  2.4835407e-002
  3.4355828e+000  2.4881027e-002
  3.4482618e+000  2.4779499e-002
  3.4609407e+000  2.4595158e-002
  3.4736196e+000  2.4403921e-002
  3.4862986e+000  2.4285692e-002
  3.4989775e+000  2.4316564e-002
  3.5116564e+000  2.4561489e-002
  3.5243354e+000  2.5067984e-002
  3.5370143e+000  2.5861337e-002
  3.5496933e+000  2.6941632e-002
  3.5623722e+000  2.8282873e-002
  3.5750511e+000  2.9834274e-002
  3.5877301e+000  3.1523686e-002
  3.6004090e+000  3.3262874e-002
  3.6130879e+000  3.4954159e-002
  3.6257669e+000  3.6497870e-002
  3.6384458e+000  3.7799819e-002
  3.6511247e+000  3.8778161e-002
  3.6638037e+000  3.9369015e-002
  3.6764826e+000  3.9530395e-002
  3.6891616e+000  3.9244318e-002
  3.7018405e+000  3.8517013e-002
  3.7145194e+000  3.7377458e-002
  3.7271984e+000  3.5874579e-002
  3.7398773e+000  3.4073465e-002
  3.7525562e+000  3.2050976e-002
  3.7652352e+000  2.9891110e-002
  3.7779141e+000  2.7680374e-002
  3.7905930e+000  2.5503356e-002
  3.8032720e+000  2.3438650e-002
  3.8159509e+000  2.1555218e-002
  3.8286299e+000  1.9909273e-002
  3.8413088e+000  1.8541775e-002
  3.8539877e+000  1.7476613e-002
  3.8666667e+000  1.6719588e-002
  3.8793456e+000  1.6258274e-002
  3.8920245e+000  1.6062818e-002
  3.9047035e+000  1.6087724e-002
  3.9173824e+000  1.6274554e-002
  3.9300613e+000  1.6555466e-002
  3.9427403e+000  1.6857403e-002
  3.9554192e+000  1.7106700e-002
  3.9680982e+000  1.7233832e-002
  3.9807771e+000  1.7177992e-002
  3.9934560e+000  1.6891208e-002
  4.0061350e+000  1.6341696e-002
  4.0188139e+000  1.5516235e-002
  4.0314928e+000  1.4421386e-002
  4.0441718e+000  1.3083425e-002
  4.0568507e+000  1.1546995e-002
  4.0695297e+000  9.8724786e-003
  4.0822086e+000  8.1322028e-003
  4.0948875e+000  6.4056135e-003
  4.1075665e+000  4.7735907e-003
  4.1202454e+000  3.3121001e-003
  4.1329243e+000  2.0853707e-003
  4.1456033e+000  1.1387918e-003
  4.1582822e+000  4.9169220e-004
  4.1709611e+000  1.3015667e-004
  4.1836401e+000  0.0000000e+000
  4.1963190e+000  0.0000000e+000
  4.2089980e+000  0.0000000e+000
  4.2216769e+000  0.0000000e+000
  4.2343558e+000  0.0000000e+000
  4.2470348e+000  0.0000000e+000
  4.2597137e+000  0.0000000e+000
  4.2723926e+000  0.0000000e+000
  4.2850716e+000  0.0000000e+000
  4.2977505e+000  0.0000000e+000
  4.3104294e+000  0.0000000e+000
  4.3231084e+000  0.0000000e+000
  4.3357873e+000  0.0000000e+000
  4.3484663e+000  0.0000000e+000
  4.3611452e+000  0.0000000e+000
  4.3738241e+000  0.0000000e+000
  4.3865031e+000  0.0000000e+000
  4.3991820e+000  0.0000000e+000
  4.4118609e+000  0.0000000e+000
  4.4245399e+000  0.0000000e+000
  4.4372188e+000  0.0000000e+000
  4.4498978e+000  0.0000000e+000
  4.4625767e+000  0.0000000e+000
  4.4752556e+000  0.0000000e+000
  4.4879346e+000  0.0000000e+000
  4.5006135e+000  0.0000000e+000
  4.5132924e+000  0.0000000e+000
  4.5259714e+000  0.0000000e+000
  4.5386503e+000  0.0000000e+000
  4.5513292e+000  3.2850558e-007
  4.5640082e+000  6.5606114e-006
  4.5766871e+000  1.7728778e-005
  4.5893661e+000  2.9757238e-005
  4.6020450e+000  3.8141143e-005
  4.6147239e+000  3.9822110e-005
  4.6274029e+000  3.4225260e-005
  4.6400818e+000  2.3435644e-005
  4.6527607e+000  1.1503928e-005
  4.6654397e+000  2.8821628e-006
  4.6781186e+000  0.0000000e+000
  4.6907975e+000  0.0000000e+000
  4.7034765e+000  0.0000000e+000
  4.7161554e+000  0.0000000e+000
  4.7288344e+000  0.0000000e+000
  4.7415133e+000  0.0000000e+000
  4.7541922e+000  0.0000000e+000
  4.7668712e+000  0.0000000e+000
  4.7795501e+000  0.0000000e+000
  4.7922290e+000  0.0000000e+000
  4.8049080e+000  0.0000000e+000
  4.8175869e+000  0.0000000e+000
  4.8302658e+000  0.0000000e+000
  4.8429448e+000  0.0000000e+000
  4.8556237e+000  0.0000000e+000
  4.8683027e+000  0.0000000e+000
  4.8809816e+000  0.0000000e+000
  4.8936605e+000  0.0000000e+000
  4.9063395e+000  0.0000000e+000
  4.9190184e+000  0.0000000e+000
  4.9316973e+000  0.0000000e+000
  4.9443763e+000  0.0000000e+000
  4.9570552e+000  0.0000000e+000
  4.9697342e+000  0.0000000e+000
  4.9824131e+000  0.0000000e+000
  4.9950920e+000  0.0000000e+000
  5.0077710e+000  0.0000000e+000
  5.0204499e+000  0.0000000e+000
  5.0331288e+000  0.0000000e+000
  5.0458078e+000  0.0000000e+000
  5.0584867e+000  0.0000000e+000
  5.0711656e+000  0.0000000e+000
  5.0838446e+000  0.0000000e+000
  5.0965235e+000  0.0000000e+000
  5.1092025e+000  0.0000000e+000
  5.1218814e+000  0.0000000e+000
  5.1345603e+000  0.0000000e+000
  5.1472393e+000  0.0000000e+000
  5.1599182e+000  0.0000000e+000
  5.1725971e+000  0.0000000e+000
  5.1852761e+000  0.0000000e+000
  5.1979550e+000  0.0000000e+000
  5.2106339e+000  0.0000000e+000
  5.2233129e+000  0.0000000e+000
  5.2359918e+000  0.0000000e+000
  5.2486708e+000  0.0000000e+000
  5.2613497e+000  0.0000000e+000
  5.2740286e+000  0.0000000e+000
  5.2867076e+000  0.0000000e+000
  5.2993865e+000  0.0000000e+000
  5.3120654e+000  0.0000000e+000
  5.3247444e+000  0.0000000e+000
  5.3374233e+000  0.0000000e+000
  5.3501022e+000  0.0000000e+000
  5.3627812e+000  0.0000000e+000
  5.3754601e+000  0.0000000e+000
  5.3881391e+000  0.0000000e+000
  5.4008180e+000  0.0000000e+000
  5.4134969e+000  0.0000000e+000
  5.4261759e+000  0.0000000e+000
  5.4388548e+000  0.0000000e+000
  5.4515337e+000  0.0000000e+000
  5.4642127e+000  0.0000000e+000
  5.4768916e+000  0.0000000e+000
  5.4895706e+000  0.0000000e+000
  5.5022495e+000  0.0000000e+000
  5.5149284e+000  0.0000000e+000
  5.5276074e+000  0.0000000e+000
  5.5402863e+000  0.0000000e+000
  5.5529652e+000  0.0000000e+000
  5.5656442e+000  0.0000000e+000
  5.5783231e+000  0.0000000e+000
  5.5910020e+000  0.0000000e+000
  5.6036810e+000  0.0000000e+000
  5.6163599e+000  0.0000000e+000
  5.6290389e+000  0.0000000e+000
  5.6417178e+000  0.0000000e+000
  5.6543967e+000  0.0000000e+000
  5.6670757e+000  0.0000000e+000
  5.6797546e+000  0.0000000e+000
  5.6924335e+000  0.0000000e+000
  5.7051125e+000  0.0000000e+000
  5.7177914e+000  0.0000000e+000
  5.7304703e+000  0.0000000e+000
  5.7431493e+000  0.0000000e+000
  5.7558282e+000  0.0000000e+000
  5.7685072e+000  0.0000000e+000
  5.7811861e+000  0.0000000e+000
  5.7938650e+000  0.0000000e+000
  5.8065440e+000  0.0000000e+000
  5.8192229e+000  0.0000000e+000
  5.8319018e+000  0.0000000e+000
  5.8445808e+000  0.0000000e+000
  5.8572597e+000  0.0000000e+000
  5.8699387e+000  0.0000000e+000
  5.8826176e+000  0.0000000e+000
  5.8952965e+000  0.0000000e+000
  5.9079755e+000  0.0000000e+000
  5.9206544e+000  0.0000000e+000
  5.9333333e+000  0.0000000e+000
  5.9460123e+000  0.0000000e+000
  5.9586912e+000  0.0000000e+000
  5.9713701e+000  0.0000000e+000
  5.9840491e+000  0.0000000e+000
  5.9967280e+000  0.0000000e+000
  6.0094070e+000  0.0000000e+000
  6.0220859e+000  0.0000000e+000
  6.0347648e+000  0.0000000e+000
  6.0474438e+000  0.0000000e+000
  6.0601227e+000  0.0000000e+000
  6.0728016e+000  0.0000000e+000
  6.0854806e+000  0.0000000e+000
  6.0981595e+000  0.0000000e+000
  6.1108384e+000  0.0000000e+000
  6.1235174e+000  0.0000000e+000
  6.1361963e+000  0.0000000e+000
  6.1488753e+000  0.0000000e+000
  6.1615542e+000  0.0000000e+000
  6.1742331e+000  0.0000000e+000
  6.1869121e+000  0.0000000e+000
  6.1995910e+000  0.0000000e+000
  6.2122699e+000  0.0000000e+000
  6.2249489e+000  0.0000000e+000
  6.2376278e+000  0.0000000e+000
  6.2503067e+000  0.0000000e+000
  6.2629857e+000  0.0000000e+000
  6.2756646e+000  0.0000000e+000
  6.2883436e+000  0.0000000e+000
  6.3010225e+000  0.0000000e+000
  6.3137014e+000  0.0000000e+000
  6.3263804e+000  0.0000000e+000
  6.3390593e+000  0.0000000e+000
  6.3517382e+000  0.0000000e+000
  6.3644172e+000  0.0000000e+000
  6.3770961e+000  0.0000000e+000
  6.3897751e+000  0.0000000e+000
  6.4024540e+000  0.0000000e+000
  6.4151329e+000  0.0000000e+000
  6.4278119e+000  0.0000000e+000
  6.4404908e+000  0.0000000e+000
  6.4531697e+000  0.0000000e+000
  6.4658487e+000  0.0000000e+000
  6.4785276e+000  0.0000000e+000
  6.4912065e+000  0.0000000e+000
  6.5038855e+000  0.0000000e+000
  6.5165644e+000  0.0000000e+000
  6.5292434e+000  0.0000000e+000
  6.5419223e+000  0.0000000e+000
  6.5546012e+000  0.0000000e+000
  6.5672802e+000  0.0000000e+000
  6.5799591e+000  0.0000000e+000
  6.5926380e+000  0.0000000e+000
  6.6053170e+000  0.0000000e+000
  6.6179959e+000  0.0000000e+000
  6.6306748e+000  0.0000000e+000
  6.6433538e+000  0.0000000e+000
  6.6560327e+000  0.0000000e+000
  6.6687117e+000  0.0000000e+000
  6.6813906e+000  0.0000000e+000
  6.6940695e+000  0.0000000e+000
  6.7067485e+000  0.0000000e+000
  6.7194274e+000  0.0000000e+000
  6.7321063e+000  0.0000000e+000
  6.7447853e+000  0.0000000e+000
  6.7574642e+000  0.0000000e+000
  6.7701431e+000  0.0000000e+000
  6.7828221e+000  0.0000000e+000
  6.7955010e+000  0.0000000e+000
  6.8081800e+000  0.0000000e+000
  6.8208589e+000  0.0000000e+000
  6.8335378e+000  0.0000000e+000
  6.8462168e+000  0.0000000e+000
  6.8588957e+000  0.0000000e+000
  6.8715746e+000  0.0000000e+000
  6.8842536e+000  0.0000000e+000
  6.8969325e+000  0.0000000e+000
  6.9096115e+000  0.0000000e+000
  6.9222904e+000  0.0000000e+000
  6.9349693e+000  0.0000000e+000
  6.9476483e+000  0.0000000e+000
  6.9603272e+000  0.0000000e+000
  6.9730061e+000  0.0000000e+000
  6.9856851e+000  0.0000000e+000
  6.9983640e+000  0.0000000e+000
  7.0110429e+000  0.0000000e+000
  7.0237219e+000  0.0000000e+000
  7.0364008e+000  0.0000000e+000
  7.0490798e+000  0.0000000e+000
  7.0617587e+000  0.0000000e+000
  7.0744376e+000  0.0000000e+000
  7.0871166e+000  0.0000000e+000
  7.0997955e+000  0.0000000e+000
  7.1124744e+000  0.0000000e+000
  7.1251534e+000  0.0000000e+000
  7.1378323e+000  0.0000000e+000
  7.1505112e+000  0.0000000e+000
  7.1631902e+000  0.0000000e+000
  7.1758691e+000  0.0000000e+000
  7.1885481e+000  0.0000000e+000
  7.2012270e+000  0.0000000e+000
  7.2139059e+000  0.0000000e+000
  7.2265849e+000  0.0000000e+000
  7.2392638e+000  0.0000000e+000
  7.2519427e+000  0.0000000e+000
  7.2646217e+000  0.0000000e+000
  7.2773006e+000  0.0000000e+000
  7.2899796e+000  0.0000000e+000
  7.3026585e+000  0.0000000e+000
  7.3153374e+000  0.0000000e+000
  7.3280164e+000  0.0000000e+000
  7.3406953e+000  0.0000000e+000
  7.3533742e+000  0.0000000e+000
  7.3660532e+000  0.0000000e+000
  7.3787321e+000  0.0000000e+000
  7.3914110e+000  0.0000000e+000
  7.4040900e+000  0.0000000e+000
  7.4167689e+000  0.0000000e+000
  7.4294479e+000  0.0000000e+000
  7.4421268e+000  0.0000000e+000
  7.4548057e+000  0.0000000e+000
  7.4674847e+000  0.0000000e+000
  7.4801636e+000  0.0000000e+000
  7.4928425e+000  0.0000000e+000
  7.5055215e+000  0.0000000e+000
  7.5182004e+000  0.0000000e+000
  7.5308793e+000  0.0000000e+000
  7.5435583e+000  0.0000000e+000
  7.5562372e+000  0.0000000e+000
  7.5689162e+000  0.0000000e+000
  7.5815951e+000  0.0000000e+000
  7.5942740e+000  0.0000000e+000
  7.6069530e+000  0.0000000e+000
  7.6196319e+000  0.0000000e+000
  7.6323108e+000  0.0000000e+000
  7.6449898e+000  0.0000000e+000
  7.6576687e+000  0.0000000e+000
  7.6703476e+000  0.0000000e+000
  7.6830266e+000  0.0000000e+000
  7.6957055e+000  0.0000000e+000
  7.7083845e+000  0.0000000e+000
  7.7210634e+000  0.0000000e+000
  7.7337423e+000  0.0000000e+000
  7.7464213e+000  0.0000000e+000
  7.7591002e+000  0.0000000e+000
  7.7717791e+000  0.0000000e+000
  7.7844581e+000  0.0000000e+000
  7.7971370e+000  0.0000000e+000
  7.8098160e+000  0.0000000e+000
  7.8224949e+000  0.0000000e+000
  7.8351738e+000  0.0000000e+000
  7.8478528e+000  0.0000000e+000
  7.8605317e+000  0.0000000e+000
  7.8732106e+000  0.0000000e+000
  7.8858896e+000  0.0000000e+000
  7.8985685e+000  0.0000000e+000
  7.9112474e+000  0.0000000e+000
  7.9239264e+000  0.0000000e+000
  7.9366053e+000  0.0000000e+000
  7.9492843e+000  0.0000000e+000
  7.9619632e+000  0.0000000e+000
  7.9746421e+000  0.0000000e+000
  7.9873211e+000  0.0000000e+000
  8.0000000e+000  0.0000000e+000
