 -6.2531953e+001  2.8716698e-001  5.2340805e-001
 -6.2467998e+001  3.1577149e-001  5.2370381e-001
 -6.2404043e+001  3.7561579e-001  5.2400052e-001
 -6.2340088e+001  4.2814040e-001  5.2370571e-001
 -6.2276133e+001  4.6926595e-001  5.2340805e-001
 -6.2212178e+001  5.0581496e-001  5.2370191e-001
 -6.2148223e+001  5.2157249e-001  5.2400052e-001
 -6.2084268e+001  5.0853141e-001  5.2370761e-001
 -6.2020313e+001  4.9934980e-001  5.2340805e-001
 -6.1956358e+001  5.2010011e-001  5.2370000e-001
 -6.1892403e+001  5.3968073e-001  5.2400052e-001
 -6.1828448e+001  5.2286602e-001  5.2370951e-001
 -6.1764493e+001  5.0801613e-001  5.2340805e-001
 -6.1700538e+001  5.5978503e-001  5.2369810e-001
 -6.1636583e+001  6.5307186e-001  5.2400052e-001
 -6.1572629e+001  6.8267984e-001  5.2371142e-001
 -6.1508674e+001  6.0198032e-001  5.2340805e-001
 -6.1444719e+001  4.8288003e-001  5.2369620e-001
 -6.1380764e+001  4.1739999e-001  5.2400052e-001
 -6.1316809e+001  4.2529731e-001  5.2371332e-001
 -6.1252854e+001  4.8314149e-001  5.2340805e-001
 -6.1188899e+001  5.7086139e-001  5.2369429e-001
 -6.1124944e+001  6.4575821e-001  5.2400052e-001
 -6.1060989e+001  6.4054071e-001  5.2371522e-001
 -6.0997034e+001  5.5237058e-001  5.2340805e-001
 -6.0933079e+001  4.8304083e-001  5.2369239e-001
 -6.0869124e+001  5.2016651e-001  5.2400052e-001
 -6.0805169e+001  6.1490320e-001  5.2371713e-001
 -6.0741214e+001  6.4823221e-001  5.2340805e-001
 -6.0677259e+001  5.8925038e-001  5.2369048e-001
 -6.0613304e+001  5.1201174e-001  5.2400052e-001
 -6.0549349e+001  4.7479759e-001  5.2371904e-001
 -6.0485394e+001  4.6438127e-001  5.2340805e-001
 -6.0421439e+001  4.5757161e-001  5.2368858e-001
 -6.0357484e+001  4.5929442e-001  5.2400052e-001
 -6.0293529e+001  4.6658705e-001  5.2372094e-001
 -6.0229574e+001  4.6144434e-001  5.2340805e-001
 -6.0165619e+001  4.5605885e-001  5.2368667e-001
 -6.0101664e+001  4.8558299e-001  5.2400052e-001
 -6.0037709e+001  5.3835245e-001  5.2372285e-001
 -5.9973754e+001  5.5075951e-001  5.2340805e-001
 -5.9909799e+001  4.9419292e-001  5.2368476e-001
 -5.9845845e+001  4.1648577e-001  5.2400052e-001
 -5.9781890e+001  3.7497754e-001  5.2372476e-001
 -5.9717935e+001  3.7625390e-001  5.2340805e-001
 -5.9653980e+001  4.0276944e-001  5.2368285e-001
 -5.9590025e+001  4.4751791e-001  5.2400052e-001
 -5.9526070e+001  4.9279321e-001  5.2372668e-001
 -5.9462115e+001  4.9975904e-001  5.2340805e-001
 -5.9398160e+001  4.5397609e-001  5.2368094e-001
 -5.9334205e+001  3.9099956e-001  5.2400052e-001
 -5.9270250e+001  3.5377808e-001  5.2372859e-001
 -5.9206295e+001  3.5373122e-001  5.2340806e-001
 -5.9142340e+001  3.8433118e-001  5.2367902e-001
 -5.9078385e+001  4.3180668e-001  5.2400052e-001
 -5.9014430e+001  4.6211232e-001  5.2373051e-001
 -5.8950475e+001  4.4926133e-001  5.2340806e-001
 -5.8886520e+001  4.3189608e-001  5.2367711e-001
 -5.8822565e+001  4.8050893e-001  5.2400052e-001
 -5.8758610e+001  5.8331735e-001  5.2373242e-001
 -5.8694655e+001  6.3300747e-001  5.2340806e-001
 -5.8630700e+001  5.6889909e-001  5.2367519e-001
 -5.8566745e+001  4.6721484e-001  5.2400052e-001
 -5.8502790e+001  4.3464567e-001  5.2373435e-001
 -5.8438835e+001  4.7033064e-001  5.2340806e-001
 -5.8374880e+001  4.9996104e-001  5.2367327e-001
 -5.8310925e+001  4.9719103e-001  5.2400052e-001
 -5.8246970e+001  4.9081210e-001  5.2373627e-001
 -5.8183015e+001  4.8077209e-001  5.2340806e-001
 -5.8119061e+001  4.3154920e-001  5.2367135e-001
 -5.8055106e+001  3.4800212e-001  5.2400052e-001
 -5.7991151e+001  2.9262960e-001  5.2373820e-001
 -5.7927196e+001  3.1539276e-001  5.2340806e-001
 -5.7863241e+001  4.0190756e-001  5.2366942e-001
 -5.7799286e+001  4.9001251e-001  5.2400052e-001
 -5.7735331e+001  5.1562340e-001  5.2374013e-001
 -5.7671376e+001  4.6308992e-001  5.2340807e-001
 -5.7607421e+001  3.9502523e-001  5.2366749e-001
 -5.7543466e+001  4.0054681e-001  5.2400052e-001
 -5.7479511e+001  4.8723511e-001  5.2374206e-001
 -5.7415556e+001  5.6954497e-001  5.2340807e-001
 -5.7351601e+001  5.9634890e-001  5.2366556e-001
 -5.7287646e+001  6.2367654e-001  5.2400052e-001
 -5.7223691e+001  7.0303106e-001  5.2374399e-001
 -5.7159736e+001  7.6956181e-001  5.2340807e-001
 -5.7095781e+001  7.3222993e-001  5.2366363e-001
 -5.7031826e+001  6.2139925e-001  5.2400052e-001
 -5.6967871e+001  5.4145076e-001  5.2374593e-001
 -5.6903916e+001  5.1439354e-001  5.2340807e-001
 -5.6839961e+001  4.8409065e-001  5.2366169e-001
 -5.6776006e+001  4.4887997e-001  5.2400052e-001
 -5.6712051e+001  4.6183318e-001  5.2374788e-001
 -5.6648096e+001  5.0448291e-001  5.2340808e-001
 -5.6584141e+001  4.9352547e-001  5.2365975e-001
 -5.6520186e+001  4.2942365e-001  5.2400052e-001
 -5.6456231e+001  4.0684061e-001  5.2374982e-001
 -5.6392277e+001  4.4530455e-001  5.2340808e-001
 -5.6328322e+001  4.4463829e-001  5.2365780e-001
 -5.6264367e+001  3.6528489e-001  5.2400052e-001
 -5.6200412e+001  3.2095345e-001  5.2375177e-001
 -5.6136457e+001  4.0440128e-001  5.2340808e-001
 -5.6072502e+001  5.3265375e-001  5.2365586e-001
 -5.6008547e+001  5.7410072e-001  5.2400052e-001
 -5.5944592e+001  5.4531182e-001  5.2375373e-001
 -5.5880637e+001  5.6202952e-001  5.2340809e-001
 -5.5816682e+001  6.4789812e-001  5.2365390e-001
 -5.5752727e+001  7.1017246e-001  5.2400052e-001
 -5.5688772e+001  6.8220067e-001  5.2375569e-001
 -5.5624817e+001  5.8937547e-001  5.2340809e-001
 -5.5560862e+001  4.8442120e-001  5.2365195e-001
 -5.5496907e+001  4.0418998e-001  5.2400052e-001
 -5.5432952e+001  3.8588815e-001  5.2375765e-001
 -5.5368997e+001  4.4702485e-001  5.2340809e-001
 -5.5305042e+001  5.4336203e-001  5.2364999e-001
 -5.5241087e+001  6.0736797e-001  5.2400052e-001
 -5.5177132e+001  6.2879725e-001  5.2375962e-001
 -5.5113177e+001  6.4484306e-001  5.2340810e-001
 -5.5049222e+001  6.6069093e-001  5.2364802e-001
 -5.4985267e+001  6.4187551e-001  5.2400052e-001
 -5.4921312e+001  5.8372147e-001  5.2376159e-001
 -5.4857357e+001  5.2646174e-001  5.2340810e-001
 -5.4793402e+001  4.9196355e-001  5.2364605e-001
 -5.4729447e+001  4.5824621e-001  5.2400053e-001
 -5.4665492e+001  4.1224231e-001  5.2376357e-001
 -5.4601538e+001  3.8629412e-001  5.2340811e-001
 -5.4537583e+001  4.2252655e-001  5.2364408e-001
 -5.4473628e+001  5.2240205e-001  5.2400053e-001
 -5.4409673e+001  6.3845602e-001  5.2376555e-001
 -5.4345718e+001  7.0364873e-001  5.2340811e-001
 -5.4281763e+001  6.7980405e-001  5.2364210e-001
 -5.4217808e+001  5.9559674e-001  5.2400053e-001
 -5.4153853e+001  5.2182091e-001  5.2376754e-001
 -5.4089898e+001  4.9364365e-001  5.2340812e-001
 -5.4025943e+001  4.8467030e-001  5.2364011e-001
 -5.3961988e+001  4.7545485e-001  5.2400053e-001
 -5.3898033e+001  4.9948456e-001  5.2376953e-001
 -5.3834078e+001  5.7763105e-001  5.2340812e-001
 -5.3770123e+001  6.5089495e-001  5.2363812e-001
 -5.3706168e+001  6.4083697e-001  5.2400053e-001
 -5.3642213e+001  5.5221917e-001  5.2377153e-001
 -5.3578258e+001  4.5764042e-001  5.2340813e-001
 -5.3514303e+001  4.0175547e-001  5.2363613e-001
 -5.3450348e+001  3.7794636e-001  5.2400053e-001
 -5.3386393e+001  3.7760866e-001  5.2377354e-001
 -5.3322438e+001  3.9965247e-001  5.2340813e-001
 -5.3258483e+001  4.2621381e-001  5.2363413e-001
 -5.3194528e+001  4.4615340e-001  5.2400054e-001
 -5.3130573e+001  4.8275274e-001  5.2377555e-001
 -5.3066618e+001  5.4185362e-001  5.2340814e-001
 -5.3002663e+001  5.6601925e-001  5.2363212e-001
 -5.2938708e+001  5.1260427e-001  5.2400054e-001
 -5.2874754e+001  4.4151767e-001  5.2377757e-001
 -5.2810799e+001  4.3480104e-001  5.2340815e-001
 -5.2746844e+001  4.6060099e-001  5.2363011e-001
 -5.2682889e+001  4.2751650e-001  5.2400054e-001
 -5.2618934e+001  3.5417341e-001  5.2377960e-001
 -5.2554979e+001  3.5309950e-001  5.2340815e-001
 -5.2491024e+001  4.3977626e-001  5.2362809e-001
 -5.2427069e+001  4.9706389e-001  5.2400054e-001
 -5.2363114e+001  4.6329817e-001  5.2378163e-001
 -5.2299159e+001  4.2030753e-001  5.2340816e-001
 -5.2235204e+001  4.4055735e-001  5.2362606e-001
 -5.2171249e+001  4.7839436e-001  5.2400055e-001
 -5.2107294e+001  4.8692411e-001  5.2378367e-001
 -5.2043339e+001  5.1647434e-001  5.2340817e-001
 -5.1979384e+001  5.9937337e-001  5.2362403e-001
 -5.1915429e+001  6.4819425e-001  5.2400055e-001
 -5.1851474e+001  5.8419669e-001  5.2378571e-001
 -5.1787519e+001  4.7770163e-001  5.2340818e-001
 -5.1723564e+001  4.4130069e-001  5.2362199e-001
 -5.1659609e+001  4.6140293e-001  5.2400055e-001
 -5.1595654e+001  4.6139650e-001  5.2378776e-001
 -5.1531699e+001  4.5933530e-001  5.2340818e-001
 -5.1467744e+001  5.1755859e-001  5.2361995e-001
 -5.1403789e+001  5.8789344e-001  5.2400056e-001
 -5.1339834e+001  5.6606159e-001  5.2378983e-001
 -5.1275879e+001  4.7757439e-001  5.2340819e-001
 -5.1211924e+001  4.5200325e-001  5.2361789e-001
 -5.1147970e+001  5.1309683e-001  5.2400056e-001
 -5.1084015e+001  5.5045847e-001  5.2379189e-001
 -5.1020060e+001  5.2045984e-001  5.2340820e-001
 -5.0956105e+001  5.1926782e-001  5.2361583e-001
 -5.0892150e+001  6.0341928e-001  5.2400056e-001
 -5.0828195e+001  6.7666718e-001  5.2379397e-001
 -5.0764240e+001  6.3450964e-001  5.2340821e-001
 -5.0700285e+001  5.1619382e-001  5.2361376e-001
 -5.0636330e+001  4.3220764e-001  5.2400056e-001
 -5.0572375e+001  4.2259948e-001  5.2379605e-001
 -5.0508420e+001  4.6088335e-001  5.2340822e-001
 -5.0444465e+001  5.2436447e-001  5.2361169e-001
 -5.0380510e+001  5.8272394e-001  5.2400057e-001
 -5.0316555e+001  5.7527479e-001  5.2379815e-001
 -5.0252600e+001  4.7691509e-001  5.2340823e-001
 -5.0188645e+001  3.5058592e-001  5.2360960e-001
 -5.0124690e+001  2.7923219e-001  5.2400057e-001
 -5.0060735e+001  2.8344756e-001  5.2380025e-001
 -4.9996780e+001  3.4512390e-001  5.2340824e-001
 -4.9932825e+001  4.5402619e-001  5.2360751e-001
 -4.9868870e+001  5.7862788e-001  5.2400058e-001
 -4.9804915e+001  6.4996896e-001  5.2380236e-001
 -4.9740960e+001  6.3892560e-001  5.2340825e-001
 -4.9677005e+001  6.0232077e-001  5.2360541e-001
 -4.9613050e+001  5.9323436e-001  5.2400058e-001
 -4.9549095e+001  5.7810825e-001  5.2380448e-001
 -4.9485140e+001  5.1085210e-001  5.2340826e-001
 -4.9421186e+001  4.3667177e-001  5.2360330e-001
 -4.9357231e+001  4.3670133e-001  5.2400058e-001
 -4.9293276e+001  5.0223002e-001  5.2380661e-001
 -4.9229321e+001  5.4906090e-001  5.2340826e-001
 -4.9165366e+001  5.3965986e-001  5.2360118e-001
 -4.9101411e+001  5.1538342e-001  5.2400059e-001
 -4.9037456e+001  5.1953547e-001  5.2380875e-001
 -4.8973501e+001  5.5682516e-001  5.2340828e-001
 -4.8909546e+001  6.1701069e-001  5.2359905e-001
 -4.8845591e+001  6.7320526e-001  5.2400059e-001
 -4.8781636e+001  6.6968223e-001  5.2381089e-001
 -4.8717681e+001  5.7799085e-001  5.2340829e-001
 -4.8653726e+001  4.5602873e-001  5.2359691e-001
 -4.8589771e+001  3.9033573e-001  5.2400059e-001
 -4.8525816e+001  3.9390471e-001  5.2381305e-001
 -4.8461861e+001  4.2062367e-001  5.2340830e-001
 -4.8397906e+001  4.5085758e-001  5.2359476e-001
 -4.8333951e+001  4.8080461e-001  5.2400060e-001
 -4.8269996e+001  4.5511708e-001  5.2381522e-001
 -4.8206041e+001  3.2217646e-001  5.2340831e-001
 -4.8142086e+001  1.6046566e-001  5.2359260e-001
 -4.8078131e+001  1.3397331e-001  5.2400060e-001
 -4.8014176e+001  2.8457380e-001  5.2381740e-001
 -4.7950221e+001  4.6553525e-001  5.2340832e-001
 -4.7886266e+001  5.3004938e-001  5.2359044e-001
 -4.7822311e+001  5.0108202e-001  5.2400061e-001
 -4.7758356e+001  4.9536976e-001  5.2381959e-001
 -4.7694402e+001  5.5255182e-001  5.2340833e-001
 -4.7630447e+001  6.1291987e-001  5.2358826e-001
 -4.7566492e+001  6.1727006e-001  5.2400061e-001
 -4.7502537e+001  5.6068114e-001  5.2382179e-001
 -4.7438582e+001  4.7590113e-001  5.2340834e-001
 -4.7374627e+001  4.1601188e-001  5.2358607e-001
 -4.7310672e+001  4.2707549e-001  5.2400061e-001
 -4.7246717e+001  4.9261922e-001  5.2382400e-001
 -4.7182762e+001  5.3076862e-001  5.2340835e-001
 -4.7118807e+001  4.8616790e-001  5.2358386e-001
 -4.7054852e+001  3.9765698e-001  5.2400062e-001
 -4.6990897e+001  3.3903015e-001  5.2382622e-001
 -4.6926942e+001  3.2727243e-001  5.2340836e-001
 -4.6862987e+001  3.3397889e-001  5.2358165e-001
 -4.6799032e+001  3.5595974e-001  5.2400062e-001
 -4.6735077e+001  4.1888974e-001  5.2382845e-001
 -4.6671122e+001  5.2155266e-001  5.2340837e-001
 -4.6607167e+001  6.1872617e-001  5.2357943e-001
 -4.6543212e+001  6.5801171e-001  5.2400062e-001
 -4.6479257e+001  6.1832931e-001  5.2383070e-001
 -4.6415302e+001  5.3523186e-001  5.2340838e-001
 -4.6351347e+001  4.9992788e-001  5.2357719e-001
 -4.6287392e+001  5.8383485e-001  5.2400063e-001
 -4.6223437e+001  7.3034399e-001  5.2383296e-001
 -4.6159482e+001  7.7615145e-001  5.2340840e-001
 -4.6095527e+001  6.3752240e-001  5.2357495e-001
 -4.6031572e+001  4.3278402e-001  5.2400064e-001
 -4.5967618e+001  3.5205582e-001  5.2383523e-001
 -4.5903663e+001  4.3651813e-001  5.2340842e-001
 -4.5839708e+001  5.5974961e-001  5.2357269e-001
 -4.5775753e+001  6.0338227e-001  5.2400064e-001
 -4.5711798e+001  5.6601850e-001  5.2383752e-001
 -4.5647843e+001  5.0439254e-001  5.2340843e-001
 -4.5583888e+001  4.5797462e-001  5.2357042e-001
 -4.5519933e+001  4.5432348e-001  5.2400065e-001
 -4.5455978e+001  5.1341977e-001  5.2383982e-001
 -4.5392023e+001  6.0723075e-001  5.2340845e-001
 -4.5328068e+001  6.6341624e-001  5.2356814e-001
 -4.5264113e+001  6.4147630e-001  5.2400066e-001
 -4.5200158e+001  5.7129867e-001  5.2384213e-001
 -4.5136203e+001  5.0141616e-001  5.2340847e-001
 -4.5072248e+001  4.5238660e-001  5.2356584e-001
 -4.5008293e+001  4.3657114e-001  5.2400067e-001
 -4.4944338e+001  4.7107923e-001  5.2384447e-001
 -4.4880383e+001  5.3922430e-001  5.2340849e-001
 -4.4816428e+001  5.8080306e-001  5.2356354e-001
 -4.4752473e+001  5.5615319e-001  5.2400069e-001
 -4.4688518e+001  4.9134251e-001  5.2384681e-001
 -4.4624563e+001  4.3523013e-001  5.2340851e-001
 -4.4560608e+001  4.0544900e-001  5.2356122e-001
 -4.4496653e+001  4.0169289e-001  5.2400070e-001
 -4.4432698e+001  4.3083961e-001  5.2384918e-001
 -4.4368743e+001  4.8007167e-001  5.2340854e-001
 -4.4304788e+001  5.0039039e-001  5.2355889e-001
 -4.4240834e+001  4.6536391e-001  5.2400072e-001
 -4.4176879e+001  4.2367204e-001  5.2385155e-001
 -4.4112924e+001  4.4296265e-001  5.2340856e-001
 -4.4048969e+001  5.1333016e-001  5.2355655e-001
 -4.3985014e+001  5.5741821e-001  5.2400073e-001
 -4.3921059e+001  5.3783224e-001  5.2385395e-001
 -4.3857104e+001  5.0872503e-001  5.2340859e-001
 -4.3793149e+001  5.4574397e-001  5.2355419e-001
 -4.3729194e+001  6.5459921e-001  5.2400075e-001
 -4.3665239e+001  7.6362074e-001  5.2385636e-001
 -4.3601284e+001  7.8808543e-001  5.2340862e-001
 -4.3537329e+001  6.9622888e-001  5.2355182e-001
 -4.3473374e+001  5.3545449e-001  5.2400077e-001
 -4.3409419e+001  4.0526379e-001  5.2385879e-001
 -4.3345464e+001  3.8409432e-001  5.2340865e-001
 -4.3281509e+001  4.6383400e-001  5.2354944e-001
 -4.3217554e+001  5.6215676e-001  5.2400079e-001
 -4.3153599e+001  6.0738571e-001  5.2386124e-001
 -4.3089644e+001  6.0143275e-001  5.2340869e-001
 -4.3025689e+001  5.9123612e-001  5.2354704e-001
 -4.2961734e+001  5.9549912e-001  5.2400082e-001
 -4.2897779e+001  5.8657893e-001  5.2386370e-001
 -4.2833824e+001  5.4578591e-001  5.2340872e-001
 -4.2769869e+001  5.0594561e-001  5.2354462e-001
 -4.2705914e+001  5.1250189e-001  5.2400084e-001
 -4.2641959e+001  5.5395521e-001  5.2386619e-001
 -4.2578004e+001  5.6627929e-001  5.2340876e-001
 -4.2514049e+001  5.1618267e-001  5.2354220e-001
 -4.2450095e+001  4.4924764e-001  5.2400087e-001
 -4.2386140e+001  4.3185650e-001  5.2386869e-001
 -4.2322185e+001  4.6829814e-001  5.2340880e-001
 -4.2258230e+001  5.0773002e-001  5.2353975e-001
 -4.2194275e+001  5.1750205e-001  5.2400090e-001
 -4.2130320e+001  5.0833586e-001  5.2387121e-001
 -4.2066365e+001  4.9136953e-001  5.2340884e-001
 -4.2002410e+001  4.5771862e-001  5.2353729e-001
 -4.1938455e+001  4.1376161e-001  5.2400093e-001
 -4.1874500e+001  3.9598319e-001  5.2387375e-001
 -4.1810545e+001  4.2768488e-001  5.2340888e-001
 -4.1746590e+001  4.8908729e-001  5.2353481e-001
 -4.1682635e+001  5.4740301e-001  5.2400096e-001
 -4.1618680e+001  5.8510059e-001  5.2387632e-001
 -4.1554725e+001  5.8181650e-001  5.2340893e-001
 -4.1490770e+001  5.1287902e-001  5.2353232e-001
 -4.1426815e+001  4.0296044e-001  5.2400100e-001
 -4.1362860e+001  3.4199904e-001  5.2387890e-001
 -4.1298905e+001  3.9191012e-001  5.2340897e-001
 -4.1234950e+001  4.9581847e-001  5.2352981e-001
 -4.1170995e+001  5.3642713e-001  5.2400103e-001
 -4.1107040e+001  4.7967406e-001  5.2388150e-001
 -4.1043085e+001  4.0617298e-001  5.2340902e-001
 -4.0979130e+001  3.9564313e-001  5.2352729e-001
 -4.0915175e+001  4.3582042e-001  5.2400107e-001
 -4.0851220e+001  4.6757446e-001  5.2388412e-001
 -4.0787265e+001  4.7341040e-001  5.2340907e-001
 -4.0723311e+001  4.8279840e-001  5.2352475e-001
 -4.0659356e+001  5.1225567e-001  5.2400111e-001
 -4.0595401e+001  5.3710210e-001  5.2388677e-001
 -4.0531446e+001  5.2422069e-001  5.2340913e-001
 -4.0467491e+001  4.7734648e-001  5.2352219e-001
 -4.0403536e+001  4.4352080e-001  5.2400115e-001
 -4.0339581e+001  4.6711899e-001  5.2388944e-001
 -4.0275626e+001  5.3036747e-001  5.2340918e-001
 -4.0211671e+001  5.5664639e-001  5.2351961e-001
 -4.0147716e+001  4.9665744e-001  5.2400120e-001
 -4.0083761e+001  3.9478208e-001  5.2389213e-001
 -4.0019806e+001  3.3354084e-001  5.2340924e-001
 -3.9955851e+001  3.2859959e-001  5.2351701e-001
 -3.9891896e+001  3.3487131e-001  5.2400124e-001
 -3.9827941e+001  3.5010942e-001  5.2389484e-001
 -3.9763986e+001  4.3084537e-001  5.2340930e-001
 -3.9700031e+001  5.7526418e-001  5.2351439e-001
 -3.9636076e+001  6.7081082e-001  5.2400129e-001
 -3.9572121e+001  6.2579008e-001  5.2389758e-001
 -3.9508166e+001  5.0031043e-001  5.2340937e-001
 -3.9444211e+001  4.2831241e-001  5.2351176e-001
 -3.9380256e+001  4.4325303e-001  5.2400134e-001
 -3.9316301e+001  4.6785677e-001  5.2390034e-001
 -3.9252346e+001  4.6157242e-001  5.2340943e-001
 -3.9188391e+001  4.7909982e-001  5.2350910e-001
 -3.9124436e+001  5.6026867e-001  5.2400140e-001
 -3.9060481e+001  6.4548659e-001  5.2390313e-001
 -3.8996527e+001  6.4847323e-001  5.2340950e-001
 -3.8932572e+001  5.6210935e-001  5.2350642e-001
 -3.8868617e+001  4.5027300e-001  5.2400145e-001
 -3.8804662e+001  3.7346409e-001  5.2390594e-001
 -3.8740707e+001  3.5890057e-001  5.2340957e-001
 -3.8676752e+001  4.0737077e-001  5.2350373e-001
 -3.8612797e+001  4.8747666e-001  5.2400151e-001
 -3.8548842e+001  5.4595909e-001  5.2390878e-001
 -3.8484887e+001  5.5749316e-001  5.2340964e-001
 -3.8420932e+001  5.4580398e-001  5.2350101e-001
 -3.8356977e+001  5.3435167e-001  5.2400157e-001
 -3.8293022e+001  5.0795508e-001  5.2391165e-001
 -3.8229067e+001  4.5180954e-001  5.2340972e-001
 -3.8165112e+001  3.9392402e-001  5.2349827e-001
 -3.8101157e+001  3.7187134e-001  5.2400164e-001
 -3.8037202e+001  3.8726820e-001  5.2391454e-001
 -3.7973247e+001  4.2871636e-001  5.2340980e-001
 -3.7909292e+001  5.0291288e-001  5.2349551e-001
 -3.7845337e+001  5.9740087e-001  5.2400170e-001
 -3.7781382e+001  6.5164582e-001  5.2391746e-001
 -3.7717427e+001  6.2576168e-001  5.2340988e-001
 -3.7653472e+001  5.6649269e-001  5.2349273e-001
 -3.7589517e+001  5.3799873e-001  5.2400177e-001
 -3.7525562e+001  5.1979935e-001  5.2392041e-001
 -3.7461607e+001  4.5875356e-001  5.2340996e-001
 -3.7397652e+001  3.9601601e-001  5.2348992e-001
 -3.7333697e+001  4.2890313e-001  5.2400185e-001
 -3.7269743e+001  5.4222908e-001  5.2392338e-001
 -3.7205788e+001  6.0126073e-001  5.2341005e-001
 -3.7141833e+001  5.5050789e-001  5.2348709e-001
 -3.7077878e+001  4.9782265e-001  5.2400192e-001
 -3.7013923e+001  5.3149482e-001  5.2392639e-001
 -3.6949968e+001  5.6972100e-001  5.2341014e-001
 -3.6886013e+001  5.0156868e-001  5.2348424e-001
 -3.6822058e+001  3.8966096e-001  5.2400200e-001
 -3.6758103e+001  3.9293452e-001  5.2392943e-001
 -3.6694148e+001  5.2863990e-001  5.2341023e-001
 -3.6630193e+001  6.4912537e-001  5.2348136e-001
 -3.6566238e+001  6.4605523e-001  5.2400208e-001
 -3.6502283e+001  5.4958163e-001  5.2393249e-001
 -3.6438328e+001  4.2037826e-001  5.2341032e-001
 -3.6374373e+001  2.8013520e-001  5.2347845e-001
 -3.6310418e+001  1.8486495e-001  5.2400216e-001
 -3.6246463e+001  2.3024890e-001  5.2393558e-001
 -3.6182508e+001  4.0340825e-001  5.2341041e-001
 -3.6118553e+001  5.3413634e-001  5.2347552e-001
 -3.6054598e+001  4.9451937e-001  5.2400224e-001
 -3.5990643e+001  3.7488114e-001  5.2393870e-001
 -3.5926688e+001  3.5555137e-001  5.2341050e-001
 -3.5862733e+001  4.5608424e-001  5.2347255e-001
 -3.5798778e+001  5.3189112e-001  5.2400231e-001
 -3.5734823e+001  5.0139712e-001  5.2394184e-001
 -3.5670868e+001  4.5142100e-001  5.2341057e-001
 -3.5606913e+001  4.8804074e-001  5.2346954e-001
 -3.5542959e+001  5.8145642e-001  5.2400237e-001
 -3.5479004e+001  6.1810636e-001  5.2394499e-001
 -3.5415049e+001  5.5179208e-001  5.2341063e-001
 -3.5351094e+001  4.4604969e-001  5.2346649e-001
 -3.5287139e+001  3.9180357e-001  5.2400242e-001
 -3.5223184e+001  4.2624629e-001  5.2394815e-001
 -3.5159229e+001  5.2189934e-001  5.2341067e-001
 -3.5095274e+001  6.2100167e-001  5.2346338e-001
 -3.5031319e+001  6.7503188e-001  5.2400243e-001
 -3.4967364e+001  6.6600824e-001  5.2395131e-001
 -3.4903409e+001  6.0271703e-001  5.2341067e-001
 -3.4839454e+001  5.0978812e-001  5.2346020e-001
 -3.4775499e+001  4.2609252e-001  5.2400242e-001
 -3.4711544e+001  3.9404819e-001  5.2395446e-001
 -3.4647589e+001  4.2746252e-001  5.2341063e-001
 -3.4583634e+001  4.9820722e-001  5.2345696e-001
 -3.4519679e+001  5.6992733e-001  5.2400236e-001
 -3.4455724e+001  6.2554160e-001  5.2395760e-001
 -3.4391769e+001  6.4278609e-001  5.2341054e-001
 -3.4327814e+001  5.8320705e-001  5.2345363e-001
 -3.4263859e+001  4.5823940e-001  5.2400224e-001
 -3.4199904e+001  3.7584859e-001  5.2396071e-001
 -3.4135949e+001  4.4173987e-001  5.2341038e-001
 -3.4071994e+001  6.1311412e-001  5.2345020e-001
 -3.4008039e+001  7.2875661e-001  5.2400206e-001
 -3.3944084e+001  7.0171602e-001  5.2396376e-001
 -3.3880129e+001  6.0447733e-001  5.2341013e-001
 -3.3816175e+001  5.3394372e-001  5.2344664e-001
 -3.3752220e+001  4.8021805e-001  5.2400176e-001
 -3.3688265e+001  3.9325454e-001  5.2396670e-001
 -3.3624310e+001  3.0628267e-001  5.2340970e-001
 -3.3560355e+001  2.9842798e-001  5.2344286e-001
 -3.3496400e+001  3.6698660e-001  5.2400124e-001
 -3.3432445e+001  4.2641661e-001  5.2396941e-001
 -3.3368490e+001  4.2760351e-001  5.2340899e-001
 -3.3304535e+001  4.0398939e-001  5.2343873e-001
 -3.3240580e+001  3.9818084e-001  5.2400036e-001
 -3.3176625e+001  4.1099872e-001  5.2397173e-001
 -3.3112670e+001  4.3530871e-001  5.2340780e-001
 -3.3048715e+001  4.8198231e-001  5.2343409e-001
 -3.2984760e+001  5.5038845e-001  5.2399898e-001
 -3.2920805e+001  6.1124008e-001  5.2397356e-001
 -3.2856850e+001  6.3327854e-001  5.2340610e-001
 -3.2792895e+001  6.0281915e-001  5.2342895e-001
 -3.2728940e+001  5.2455989e-001  5.2399718e-001
 -3.2664985e+001  4.3773058e-001  5.2397502e-001
 -3.2601030e+001  4.1261857e-001  5.2340408e-001
 -3.2537075e+001  4.7447921e-001  5.2342358e-001
 -3.2473120e+001  5.4112107e-001  5.2399523e-001
 -3.2409165e+001  5.0683264e-001  5.2397638e-001
 -3.2345210e+001  3.9447593e-001  5.2340196e-001
 -3.2281255e+001  3.4704022e-001  5.2341814e-001
 -3.2217300e+001  4.4038899e-001  5.2399324e-001
 -3.2153345e+001  5.7646613e-001  5.2397760e-001
 -3.2089391e+001  6.1019744e-001  5.2339963e-001
 -3.2025436e+001  5.2656456e-001  5.2341250e-001
 -3.1961481e+001  4.3288996e-001  5.2399099e-001
 -3.1897526e+001  4.1112779e-001  5.2397842e-001
 -3.1833571e+001  4.4078840e-001  5.2339684e-001
 -3.1769616e+001  4.5879954e-001  5.2340649e-001
 -3.1705661e+001  4.4374576e-001  5.2398837e-001
 -3.1641706e+001  4.2610816e-001  5.2397874e-001
 -3.1577751e+001  4.3533848e-001  5.2339357e-001
 -3.1513796e+001  4.5290450e-001  5.2340013e-001
 -3.1449841e+001  4.3187860e-001  5.2398550e-001
 -3.1385886e+001  3.7197910e-001  5.2397899e-001
 -3.1321931e+001  3.4699894e-001  5.2339016e-001
 -3.1257976e+001  4.1701575e-001  5.2339260e-001
 -3.1194021e+001  5.3352347e-001  5.2398226e-001
 -3.1130066e+001  5.9219224e-001  5.2398621e-001
 -3.1066111e+001  5.7173080e-001  5.2338801e-001
 -3.1002156e+001  5.4635620e-001  5.2328604e-001
 -3.0938201e+001  5.5649780e-001  5.2355835e-001
 -3.0874246e+001  5.5685842e-001  5.2297987e-001
 -3.0810291e+001  5.1946032e-001  5.2168908e-001
 -3.0746336e+001  4.9216722e-001  5.2112156e-001
 -3.0682381e+001  5.0129016e-001  5.2142858e-001
 -3.0618426e+001  4.8609752e-001  5.2135866e-001
 -3.0554471e+001  4.0662892e-001  5.2075494e-001
 -3.0490516e+001  3.4065174e-001  5.2074034e-001
 -3.0426561e+001  3.7989702e-001  5.2133891e-001
 -3.0362606e+001  4.8490073e-001  5.2135531e-001
 -3.0298652e+001  5.4124506e-001  5.2074947e-001
 -3.0234697e+001  5.2123635e-001  5.2072474e-001
 -3.0170742e+001  4.9048118e-001  5.2132660e-001
 -3.0106787e+001  4.8139973e-001  5.2134709e-001
 -3.0042832e+001  4.6517222e-001  5.2073673e-001
 -2.9978877e+001  4.4244451e-001  5.2071018e-001
 -2.9914922e+001  4.6192233e-001  5.2132292e-001
 -2.9850967e+001  5.3399425e-001  5.2133154e-001
 -2.9787012e+001  6.0310885e-001  5.2058904e-001
 -2.9723057e+001  6.2327855e-001  5.2020310e-001
 -2.9659102e+001  6.0532031e-001  5.2022601e-001
 -2.9595147e+001  5.8541683e-001  5.1960185e-001
 -2.9531192e+001  5.9330402e-001  5.1849809e-001
 -2.9467237e+001  6.3616828e-001  5.1823988e-001
 -2.9403282e+001  6.6493368e-001  5.1880710e-001
 -2.9339327e+001  5.9495824e-001  5.1883539e-001
 -2.9275372e+001  4.3235780e-001  5.1820613e-001
 -2.9211417e+001  3.3165590e-001  5.1816899e-001
 -2.9147462e+001  4.2070934e-001  5.1879455e-001
 -2.9083507e+001  6.0020443e-001  5.1882312e-001
 -2.9019552e+001  6.4639325e-001  5.1818461e-001
 -2.8955597e+001  5.0577161e-001  5.1814335e-001
 -2.8891642e+001  3.4964153e-001  5.1877289e-001
 -2.8827687e+001  3.2286674e-001  5.1880813e-001
 -2.8763732e+001  3.8644880e-001  5.1817175e-001
 -2.8699777e+001  4.5053806e-001  5.1810166e-001
 -2.8635822e+001  5.1088945e-001  5.1858617e-001
 -2.8571868e+001  5.7225266e-001  5.1825054e-001
 -2.8507913e+001  5.7078824e-001  5.1702724e-001
 -2.8443958e+001  4.8478957e-001  5.1637667e-001
 -2.8380003e+001  4.2310715e-001  5.1659848e-001
 -2.8316048e+001  4.8386887e-001  5.1646726e-001
 -2.8252093e+001  5.9651529e-001  5.1578575e-001
 -2.8188138e+001  6.2140885e-001  5.1572819e-001
 -2.8124183e+001  5.5221469e-001  5.1636566e-001
 -2.8060228e+001  4.9891564e-001  5.1641644e-001
 -2.7996273e+001  5.0258555e-001  5.1576542e-001
 -2.7932318e+001  4.9017817e-001  5.1569754e-001
 -2.7868363e+001  4.1484265e-001  5.1633616e-001
 -2.7804408e+001  3.3726077e-001  5.1639152e-001
 -2.7740453e+001  3.4025252e-001  5.1573838e-001
 -2.7676498e+001  4.2922371e-001  5.1567134e-001
 -2.7612543e+001  5.4286967e-001  5.1628795e-001
 -2.7548588e+001  6.2233743e-001  5.1619709e-001
 -2.7484633e+001  6.5437822e-001  5.1517325e-001
 -2.7420678e+001  6.6711836e-001  5.1455106e-001
 -2.7356723e+001  6.8407225e-001  5.1464769e-001
 -2.7292768e+001  6.7863359e-001  5.1434040e-001
 -2.7228813e+001  6.0284776e-001  5.1352533e-001
 -2.7164858e+001  4.7011166e-001  5.1341954e-001
 -2.7100903e+001  3.5929104e-001  5.1407188e-001
 -2.7036948e+001  3.1339876e-001  5.1413688e-001
 -2.6972993e+001  2.9488444e-001  5.1346882e-001
 -2.6909038e+001  2.7803241e-001  5.1338579e-001
 -2.6845084e+001  3.1185306e-001  5.1403775e-001
 -2.6781129e+001  4.2554046e-001  5.1410438e-001
 -2.6717174e+001  5.3775333e-001  5.1343334e-001
 -2.6653219e+001  5.5054450e-001  5.1335082e-001
 -2.6589264e+001  4.9312733e-001  5.1398852e-001
 -2.6525309e+001  4.7860120e-001  5.1393530e-001
 -2.6461354e+001  5.3785686e-001  5.1294046e-001
 -2.6397399e+001  5.8501102e-001  5.1235531e-001
 -2.6333444e+001  5.4442130e-001  5.1250298e-001
 -2.6269489e+001  4.3812811e-001  5.1221961e-001
 -2.6205534e+001  3.4506747e-001  5.1138302e-001
 -2.6141579e+001  3.3037773e-001  5.1125741e-001
 -2.6077624e+001  4.0798027e-001  5.1192450e-001
 -2.6013669e+001  5.2086986e-001  5.1200215e-001
 -2.5949714e+001  5.7391210e-001  5.1131458e-001
 -2.5885759e+001  5.3781204e-001  5.1121509e-001
 -2.5821804e+001  4.9502163e-001  5.1188266e-001
 -2.5757849e+001  5.2655060e-001  5.1196328e-001
 -2.5693894e+001  5.9294261e-001  5.1127547e-001
 -2.5629939e+001  6.0391160e-001  5.1116496e-001
 -2.5565984e+001  5.6517826e-001  5.1176202e-001
 -2.5502029e+001  5.5414812e-001  5.1161594e-001
 -2.5438074e+001  5.7471501e-001  5.1050922e-001
 -2.5374119e+001  5.5638634e-001  5.0991959e-001
 -2.5310164e+001  4.9909278e-001  5.1021903e-001
 -2.5246209e+001  4.9226529e-001  5.1012106e-001
 -2.5182254e+001  5.5706379e-001  5.0937090e-001
 -2.5118300e+001  5.8669177e-001  5.0925223e-001
 -2.5054345e+001  5.0256878e-001  5.0993189e-001
 -2.4990390e+001  3.7482149e-001  5.1002828e-001
 -2.4926435e+001  3.1807649e-001  5.0932380e-001
 -2.4862480e+001  3.4481530e-001  5.0919874e-001
 -2.4798525e+001  3.9731600e-001  5.0988227e-001
 -2.4734570e+001  4.5946131e-001  5.0998799e-001
 -2.4670615e+001  5.4773566e-001  5.0925369e-001
 -2.4606660e+001  6.3190442e-001  5.0900108e-001
 -2.4542705e+001  6.5720330e-001  5.0940783e-001
 -2.4478750e+001  6.3406985e-001  5.0910732e-001
 -2.4414795e+001  6.2677726e-001  5.0798935e-001
 -2.4350840e+001  6.4917879e-001  5.0759117e-001
 -2.4286885e+001  6.4121088e-001  5.0818528e-001
 -2.4222930e+001  5.6687620e-001  5.0828469e-001
 -2.4158975e+001  4.7572258e-001  5.0756020e-001
 -2.4095020e+001  4.3286420e-001  5.0741384e-001
 -2.4031065e+001  4.3259565e-001  5.0811606e-001
 -2.3967110e+001  4.2943238e-001  5.0823786e-001
 -2.3903155e+001  4.2882224e-001  5.0750569e-001
 -2.3839200e+001  4.8410897e-001  5.0735359e-001
 -2.3775245e+001  5.9653682e-001  5.0803254e-001
 -2.3711290e+001  6.7848928e-001  5.0803668e-001
 -2.3647335e+001  6.5364046e-001  5.0703362e-001
 -2.3583380e+001  5.5257516e-001  5.0651412e-001
 -2.3519425e+001  4.6204667e-001  5.0689517e-001
 -2.3455470e+001  4.1662079e-001  5.0682751e-001
 -2.3391516e+001  4.0547419e-001  5.0601300e-001
 -2.3327561e+001  4.5092899e-001  5.0583876e-001
 -2.3263606e+001  5.7644899e-001  5.0655555e-001
 -2.3199651e+001  6.9803118e-001  5.0669285e-001
 -2.3135696e+001  6.7235092e-001  5.0594441e-001
 -2.3071741e+001  5.0041404e-001  5.0577414e-001
 -2.3007786e+001  3.6749351e-001  5.0649542e-001
 -2.2943831e+001  4.0098015e-001  5.0662200e-001
 -2.2879876e+001  4.9502672e-001  5.0578477e-001
 -2.2815921e+001  4.8792427e-001  5.0541142e-001
 -2.2751966e+001  4.1974430e-001  5.0584823e-001
 -2.2688011e+001  4.5507794e-001  5.0571091e-001
 -2.2624056e+001  5.9618102e-001  5.0476200e-001
 -2.2560101e+001  6.5543372e-001  5.0450394e-001
 -2.2496146e+001  5.3460759e-001  5.0522331e-001
 -2.2432191e+001  3.7094357e-001  5.0537736e-001
 -2.2368236e+001  3.3877447e-001  5.0460819e-001
 -2.2304281e+001  4.2770281e-001  5.0441874e-001
 -2.2240326e+001  5.0446624e-001  5.0515919e-001
 -2.2176371e+001  5.0858908e-001  5.0531602e-001
 -2.2112416e+001  4.8860666e-001  5.0450996e-001
 -2.2048461e+001  4.9023422e-001  5.0421438e-001
 -2.1984506e+001  5.0262902e-001  5.0477211e-001
 -2.1920551e+001  5.1018292e-001  5.0470524e-001
 -2.1856596e+001  5.2839065e-001  5.0372833e-001
 -2.1792641e+001  5.6831929e-001  5.0342073e-001
 -2.1728686e+001  6.0176478e-001  5.0414216e-001
 -2.1664732e+001  5.9112573e-001  5.0431162e-001
 -2.1600777e+001  5.4910920e-001  5.0352017e-001
 -2.1536822e+001  5.3858695e-001  5.0330871e-001
 -2.1472867e+001  5.8646832e-001  5.0406942e-001
 -2.1408912e+001  6.2129925e-001  5.0424670e-001
 -2.1344957e+001  5.5850414e-001  5.0342593e-001
 -2.1281002e+001  4.4692532e-001  5.0313817e-001
 -2.1217047e+001  4.3802430e-001  5.0377612e-001
 -2.1153092e+001  5.6883855e-001  5.0380414e-001
 -2.1089137e+001  6.7936525e-001  5.0286664e-001
 -2.1025182e+001  6.3243326e-001  5.0257046e-001
 -2.0961227e+001  5.1938998e-001  5.0332348e-001
 -2.0897272e+001  5.1701149e-001  5.0351462e-001
 -2.0833317e+001  6.1279690e-001  5.0269969e-001
 -2.0769362e+001  6.4044247e-001  5.0246533e-001
 -2.0705407e+001  5.5768489e-001  5.0324638e-001
 -2.0641452e+001  5.0138482e-001  5.0344126e-001
 -2.0577497e+001  5.4494672e-001  5.0259547e-001
 -2.0513542e+001  5.8161399e-001  5.0230099e-001
 -2.0449587e+001  5.1499089e-001  5.0301257e-001
 -2.0385632e+001  4.1203030e-001  5.0314483e-001
 -2.0321677e+001  3.7639225e-001  5.0226572e-001
 -2.0257722e+001  3.9339779e-001  5.0199657e-001
 -2.0193767e+001  3.9902585e-001  5.0278785e-001
 -2.0129812e+001  4.0269457e-001  5.0300189e-001
 -2.0065857e+001  4.4196744e-001  5.0216343e-001
 -2.0001902e+001  4.9622700e-001  5.0190527e-001
 -1.9937948e+001  5.3801984e-001  5.0270684e-001
 -1.9873993e+001  5.9519095e-001  5.0292866e-001
 -1.9810038e+001  6.6945119e-001  5.0208420e-001
 -1.9746083e+001  6.6715224e-001  5.0182045e-001
 -1.9682128e+001  5.1860905e-001  5.0263151e-001
 -1.9618173e+001  3.1313844e-001  5.0286191e-001
 -1.9554218e+001  2.0806808e-001  5.0200839e-001
 -1.9490263e+001  2.3888067e-001  5.0173372e-001
 -1.9426308e+001  3.1836997e-001  5.0254940e-001
 -1.9362353e+001  3.9092182e-001  5.0278525e-001
 -1.9298398e+001  4.7607662e-001  5.0192492e-001
 -1.9234443e+001  5.6571298e-001  5.0165769e-001
 -1.9170488e+001  5.8927497e-001  5.0252647e-001
 -1.9106533e+001  5.1690182e-001  5.0284729e-001
 -1.9042578e+001  4.2636994e-001  5.0206210e-001
 -1.8978623e+001  4.2146536e-001  5.0183414e-001
 -1.8914668e+001  5.1125796e-001  5.0269536e-001
 -1.8850713e+001  5.9892409e-001  5.0295511e-001
 -1.8786758e+001  5.8577256e-001  5.0207595e-001
 -1.8722803e+001  4.7701087e-001  5.0177370e-001
 -1.8658848e+001  3.7511940e-001  5.0261690e-001
 -1.8594893e+001  3.6003164e-001  5.0291116e-001
 -1.8530938e+001  3.9965042e-001  5.0211570e-001
 -1.8466983e+001  4.1533620e-001  5.0195772e-001
 -1.8403028e+001  4.0707615e-001  5.0297172e-001
 -1.8339073e+001  4.3936248e-001  5.0336392e-001
 -1.8275118e+001  5.1199279e-001  5.0252312e-001
 -1.8211163e+001  5.4468884e-001  5.0221548e-001
 -1.8147209e+001  5.1469488e-001  5.0306922e-001
 -1.8083254e+001  5.0562060e-001  5.0334611e-001
 -1.8019299e+001  5.6391959e-001  5.0245911e-001
 -1.7955344e+001  6.0238646e-001  5.0221423e-001
 -1.7891389e+001  5.2952118e-001  5.0326004e-001
 -1.7827434e+001  4.0333618e-001  5.0379191e-001
 -1.7763479e+001  3.6117508e-001  5.0309613e-001
 -1.7699524e+001  4.3851608e-001  5.0288702e-001
 -1.7635569e+001  5.4379870e-001  5.0380350e-001
 -1.7571614e+001  5.8541667e-001  5.0409911e-001
 -1.7507659e+001  5.4628111e-001  5.0316550e-001
 -1.7443704e+001  4.5366861e-001  5.0283562e-001
 -1.7379749e+001  3.5260004e-001  5.0381619e-001
 -1.7315794e+001  3.0731100e-001  5.0434013e-001
 -1.7251839e+001  3.6550004e-001  5.0371451e-001
 -1.7187884e+001  5.0160271e-001  5.0365462e-001
 -1.7123929e+001  6.1826751e-001  5.0473485e-001
 -1.7059974e+001  6.1294514e-001  5.0511073e-001
 -1.6996019e+001  4.5821492e-001  5.0416067e-001
 -1.6932064e+001  2.5137838e-001  5.0379414e-001
 -1.6868109e+001  1.6966392e-001  5.0474965e-001
 -1.6804154e+001  3.0485885e-001  5.0522476e-001
 -1.6740199e+001  5.3335401e-001  5.0456079e-001
 -1.6676244e+001  6.3026387e-001  5.0457883e-001
 -1.6612289e+001  5.3326455e-001  5.0584001e-001
 -1.6548334e+001  4.0449980e-001  5.0634190e-001
 -1.6484379e+001  4.0126155e-001  5.0539570e-001
 -1.6420425e+001  4.9114087e-001  5.0501717e-001
 -1.6356470e+001  5.5029973e-001  5.0600147e-001
 -1.6292515e+001  5.3851063e-001  5.0646060e-001
 -1.6228560e+001  4.9451905e-001  5.0572966e-001
 -1.6164605e+001  4.4683865e-001  5.0577394e-001
 -1.6100650e+001  4.1908131e-001  5.0718343e-001
 -1.6036695e+001  4.4949586e-001  5.0779042e-001
 -1.5972740e+001  5.2020827e-001  5.0683765e-001
 -1.5908785e+001  5.4003728e-001  5.0644501e-001
 -1.5844830e+001  4.7871988e-001  5.0744039e-001
 -1.5780875e+001  4.3465906e-001  5.0799221e-001
 -1.5716920e+001  4.7856923e-001  5.0760521e-001
 -1.5652965e+001  5.2240783e-001  5.0730648e-001
 -1.5589010e+001  4.5754009e-001  5.0416949e-001
 -1.5525055e+001  3.3859176e-001  4.9200237e-001
 -1.5461100e+001  2.9907207e-001  4.7133011e-001
 -1.5397145e+001  3.5322732e-001  4.5327534e-001
 -1.5333190e+001  4.1851597e-001  4.4844403e-001
 -1.5269235e+001  4.7510217e-001  4.5559707e-001
 -1.5205280e+001  5.5622298e-001  4.6575575e-001
 -1.5141325e+001  6.2430594e-001  4.7360601e-001
 -1.5077370e+001  6.0783699e-001  4.7912519e-001
 -1.5013415e+001  5.3641474e-001  4.8068658e-001
 -1.4949460e+001  4.9829454e-001  4.7387168e-001
 -1.4885505e+001  4.8709420e-001  4.5844722e-001
 -1.4821550e+001  4.3254082e-001  4.4194268e-001
 -1.4757595e+001  3.6196984e-001  4.3372771e-001
 -1.4693641e+001  3.7803619e-001  4.3691373e-001
 -1.4629686e+001  4.7875847e-001  4.4703485e-001
 -1.4565731e+001  5.4825784e-001  4.5732461e-001
 -1.4501776e+001  5.3450178e-001  4.6368205e-001
 -1.4437821e+001  4.9505159e-001  4.6460498e-001
 -1.4373866e+001  4.5728904e-001  4.5877715e-001
 -1.4309911e+001  3.8216128e-001  4.4617595e-001
 -1.4245956e+001  2.9349692e-001  4.3190306e-001
 -1.4182001e+001  2.9741822e-001  4.2479177e-001
 -1.4118046e+001  4.2257639e-001  4.2910679e-001
 -1.4054091e+001  5.6052684e-001  4.3990012e-001
 -1.3990136e+001  6.1477073e-001  4.4912070e-001
 -1.3926181e+001  6.0722931e-001  4.5331895e-001
 -1.3862226e+001  5.9489911e-001  4.5232118e-001
 -1.3798271e+001  5.7658240e-001  4.4490104e-001
 -1.3734316e+001  5.2724966e-001  4.3192975e-001
 -1.3670361e+001  4.5260580e-001  4.2096192e-001
 -1.3606406e+001  3.8325482e-001  4.2037613e-001
 -1.3542451e+001  3.6887671e-001  4.2938838e-001
 -1.3478496e+001  4.5860804e-001  4.3953070e-001
 -1.3414541e+001  6.0869491e-001  4.4485783e-001
 -1.3350586e+001  6.5595106e-001  4.4481622e-001
 -1.3286631e+001  5.0571794e-001  4.3913131e-001
 -1.3222676e+001  3.0609812e-001  4.2808186e-001
 -1.3158721e+001  2.8053256e-001  4.1777014e-001
 -1.3094766e+001  4.1198601e-001  4.1675334e-001
 -1.3030811e+001  4.7562784e-001  4.2547905e-001
 -1.2966857e+001  3.8491460e-001  4.3535201e-001
 -1.2902902e+001  2.9917073e-001  4.3930630e-001
 -1.2838947e+001  3.4559216e-001  4.3719602e-001
 -1.2774992e+001  4.4118541e-001  4.3084144e-001
 -1.2711037e+001  4.7334889e-001  4.2171547e-001
 -1.2647082e+001  4.7087212e-001  4.1484564e-001
 -1.2583127e+001  4.9022982e-001  4.1673841e-001
 -1.2519172e+001  4.9510991e-001  4.2629001e-001
 -1.2455217e+001  4.6292840e-001  4.3420561e-001
 -1.2391262e+001  4.6500322e-001  4.3403683e-001
 -1.2327307e+001  5.2370676e-001  4.2811308e-001
 -1.2263352e+001  5.2698944e-001  4.2134564e-001
 -1.2199397e+001  4.0955278e-001  4.1614839e-001
 -1.2135442e+001  2.9255061e-001  4.1507337e-001
 -1.2071487e+001  3.1035814e-001  4.2054487e-001
 -1.2007532e+001  4.0889665e-001  4.2882627e-001
 -1.1943577e+001  4.4789789e-001  4.3128513e-001
 -1.1879622e+001  4.0245453e-001  4.2519510e-001
 -1.1815667e+001  3.3404092e-001  4.1740103e-001
 -1.1751712e+001  2.6296798e-001  4.1469046e-001
 -1.1687757e+001  2.0621857e-001  4.1666880e-001
 -1.1623802e+001  2.4171868e-001  4.2023736e-001
 -1.1559847e+001  3.8093361e-001  4.2403552e-001
 -1.1495892e+001  4.6301316e-001  4.2570120e-001
 -1.1431937e+001  3.4367997e-001  4.2198453e-001
 -1.1367982e+001  1.2970065e-001  4.1511923e-001
 -1.1304027e+001  5.7946059e-002  4.1251083e-001
 -1.1240073e+001  1.8110373e-001  4.1664331e-001
 -1.1176118e+001  3.3868974e-001  4.2143721e-001
 -1.1112163e+001  4.1704976e-001  4.2152408e-001
 -1.1048208e+001  4.6713866e-001  4.1867134e-001
 -1.0984253e+001  5.4964318e-001  4.1625958e-001
 -1.0920298e+001  6.1583479e-001  4.1435399e-001
 -1.0856343e+001  5.9480760e-001  4.1335109e-001
 -1.0792388e+001  5.0116531e-001  4.1542620e-001
 -1.0728433e+001  4.0970255e-001  4.1895241e-001
 -1.0664478e+001  3.7817216e-001  4.1845261e-001
 -1.0600523e+001  4.1007931e-001  4.1350000e-001
 -1.0536568e+001  4.5352999e-001  4.1061361e-001
 -1.0472613e+001  4.4936216e-001  4.1293828e-001
 -1.0408658e+001  4.1501064e-001  4.1544447e-001
 -1.0344703e+001  4.3506418e-001  4.1404609e-001
 -1.0280748e+001  5.2039391e-001  4.1181851e-001
 -1.0216793e+001  5.5063410e-001  4.1193307e-001
 -1.0152838e+001  4.4355261e-001  4.1197637e-001
 -1.0088883e+001  3.1192554e-001  4.0998760e-001
 -1.0024928e+001  3.3286868e-001  4.0897666e-001
 -9.9609733e+000  5.0222855e-001  4.1060742e-001
 -9.8970183e+000  6.4242765e-001  4.1115813e-001
 -9.8330633e+000  6.3500816e-001  4.0843844e-001
 -9.7691084e+000  5.2786107e-001  4.0614420e-001
 -9.7051534e+000  4.1923468e-001  4.0692100e-001
 -9.6411984e+000  3.5041481e-001  4.0770043e-001
 -9.5772435e+000  3.2425175e-001  4.0610459e-001
 -9.5132885e+000  3.3193452e-001  4.0471598e-001
 -9.4493335e+000  3.4224300e-001  4.0501876e-001
 -9.3853786e+000  3.3627663e-001  4.0416728e-001
 -9.3214236e+000  3.5432851e-001  4.0156484e-001
 -9.2574687e+000  4.3876495e-001  4.0109950e-001
 -9.1935137e+000  5.4068426e-001  4.0310507e-001
 -9.1295587e+000  5.6045054e-001  4.0233302e-001
 -9.0656038e+000  4.7314185e-001  3.9786727e-001
 -9.0016488e+000  3.4066628e-001  3.9605455e-001
 -8.9376938e+000  2.1610891e-001  3.9903370e-001
 -8.8737389e+000  1.1923893e-001  4.0000642e-001
 -8.8097839e+000  9.2180150e-002  3.9540638e-001
 -8.7458290e+000  1.8203573e-001  3.9178108e-001
 -8.6818740e+000  3.5563411e-001  3.9392728e-001
 -8.6179190e+000  5.0567129e-001  3.9607128e-001
 -8.5539641e+000  5.5482026e-001  3.9262890e-001
 -8.4900091e+000  5.0621068e-001  3.8837045e-001
 -8.4260541e+000  4.0854677e-001  3.8918781e-001
 -8.3620992e+000  3.3002526e-001  3.9129821e-001
 -8.2981442e+000  3.3735130e-001  3.8890394e-001
 -8.2341892e+000  4.2621699e-001  3.8498922e-001
 -8.1702343e+000  4.9735778e-001  3.8501155e-001
 -8.1062793e+000  4.7486531e-001  3.8654419e-001
 -8.0423244e+000  4.1362845e-001  3.8458684e-001
 -7.9783694e+000  4.0597856e-001  3.8125097e-001
 -7.9144144e+000  4.2692634e-001  3.8107569e-001
 -7.8504595e+000  3.8479665e-001  3.8207857e-001
 -7.7865045e+000  2.9671480e-001  3.8013363e-001
 -7.7225495e+000  2.8304006e-001  3.7723226e-001
 -7.6585946e+000  3.8372193e-001  3.7716909e-001
 -7.5946396e+000  5.0012177e-001  3.7786319e-001
 -7.5306847e+000  5.3970104e-001  3.7577156e-001
 -7.4667297e+000  5.1537586e-001  3.7311070e-001
 -7.4027747e+000  4.7848443e-001  3.7324489e-001
 -7.3388198e+000  4.4693320e-001  3.7380202e-001
 -7.2748648e+000  4.2626604e-001  3.7153628e-001
 -7.2109098e+000  4.2325681e-001  3.6897967e-001
 -7.1469549e+000  4.1959334e-001  3.6930639e-001
 -7.0829999e+000  3.9967670e-001  3.6982831e-001
 -7.0190449e+000  4.0300598e-001  3.6740797e-001
 -6.9550900e+000  4.7000186e-001  3.6488450e-001
 -6.8911350e+000  5.4467964e-001  3.6538967e-001
 -6.8271801e+000  5.2821974e-001  3.6594854e-001
 -6.7632251e+000  4.3228631e-001  3.6342571e-001
 -6.6992701e+000  3.7867480e-001  3.6094049e-001
 -6.6353152e+000  4.3153614e-001  3.6167072e-001
 -6.5713602e+000  5.2227539e-001  3.6239128e-001
 -6.5074052e+000  5.5662346e-001  3.5991193e-001
 -6.4434503e+000  5.0891023e-001  3.5761303e-001
 -6.3794953e+000  4.0030026e-001  3.5877760e-001
 -6.3155404e+000  2.7701826e-001  3.5996301e-001
 -6.2515854e+000  2.2433372e-001  3.5789514e-001
 -6.1876304e+000  3.0633098e-001  3.5621035e-001
 -6.1236755e+000  4.6662935e-001  3.5834458e-001
 -6.0597205e+000  5.6992402e-001  3.6066614e-001
 -5.9957655e+000  5.5887748e-001  3.5980370e-001
 -5.9318106e+000  4.9465780e-001  3.5965692e-001
 -5.8678556e+000  4.4189821e-001  3.6385813e-001
 -5.8039006e+000  4.0308596e-001  3.6860973e-001
 -5.7399457e+000  3.7019878e-001  3.7043589e-001
 -5.6759907e+000  3.4922113e-001  3.7351297e-001
 -5.6120358e+000  3.2888909e-001  3.8170723e-001
 -5.5480808e+000  3.0954118e-001  3.9106695e-001
 -5.4841258e+000  3.4610329e-001  3.9799776e-001
 -5.4201709e+000  4.6068602e-001  4.0695964e-001
 -5.3562159e+000  5.4200906e-001  4.2207396e-001
 -5.2922609e+000  4.6570745e-001  4.3922118e-001
 -5.2283060e+000  2.9626536e-001  4.5464847e-001
 -5.1643510e+000  2.1497203e-001  4.7308017e-001
 -5.1003961e+000  2.5275262e-001  4.9887882e-001
 -5.0364411e+000  2.6905891e-001  5.2769795e-001
 -4.9724861e+000  2.0904345e-001  5.5553861e-001
 -4.9085312e+000  1.8543760e-001  5.8732407e-001
 -4.8445762e+000  2.5696871e-001  6.2759357e-001
 -4.7806212e+000  3.2662547e-001  6.7165738e-001
 -4.7166663e+000  3.4455047e-001  7.1512868e-001
 -4.6527113e+000  4.1988098e-001  7.6302016e-001
 -4.5887563e+000  6.1442606e-001  8.1994703e-001
 -4.5248014e+000  7.9699156e-001  8.8074051e-001
 -4.4608464e+000  8.4236874e-001  9.4051041e-001
 -4.3968915e+000  8.3133947e-001  1.0043395e+000
 -4.3329365e+000  9.0505823e-001  1.0769459e+000
 -4.2689815e+000  1.0412365e+000  1.1526569e+000
 -4.2050266e+000  1.1262844e+000  1.2260314e+000
 -4.1410716e+000  1.1511525e+000  1.3022523e+000
 -4.0771166e+000  1.1862214e+000  1.3862587e+000
 -4.0131617e+000  1.2399249e+000  1.4720514e+000
 -3.9492067e+000  1.2821486e+000  1.5539374e+000
 -3.8852518e+000  1.3433928e+000  1.6376801e+000
 -3.8212968e+000  1.4633342e+000  1.7290005e+000
 -3.7573418e+000  1.5987638e+000  1.8220948e+000
 -3.6933869e+000  1.6962002e+000  1.9115699e+000
 -3.6294319e+000  1.7949405e+000  2.0044737e+000
 -3.5654769e+000  1.9503702e+000  2.1081100e+000
 -3.5015220e+000  2.1199826e+000  2.2176529e+000
 -3.4375670e+000  2.2328528e+000  2.3288540e+000
 -3.3736120e+000  2.3074190e+000  2.4510977e+000
 -3.3096571e+000  2.3956884e+000  2.5944684e+000
 -3.2457021e+000  2.4777034e+000  2.7563451e+000
 -3.1817472e+000  2.5156021e+000  2.9349905e+000
 -3.1177922e+000  2.5446228e+000  3.1437871e+000
 -3.0538372e+000  2.6094685e+000  3.3974057e+000
 -2.9898823e+000  2.6822143e+000  3.6970792e+000
 -2.9259273e+000  2.7400318e+000  4.0449621e+000
 -2.8619723e+000  2.8405855e+000  4.4593853e+000
 -2.7980174e+000  3.0204715e+000  4.9594631e+000
 -2.7340624e+000  3.2167887e+000  5.5480964e+000
 -2.6701075e+000  3.4054875e+000  6.2263555e+000
 -2.6061525e+000  3.7280552e+000  7.0090283e+000
 -2.5421975e+000  4.3887203e+000  7.9065523e+000
 -2.4782426e+000  5.5654463e+000  8.9047497e+000
 -2.4142876e+000  7.5270489e+000  9.9793936e+000
 -2.3503326e+000  1.0581179e+001  1.1113660e+001
 -2.2863777e+000  1.4572178e+001  1.2280226e+001
 -2.2224227e+000  1.8508396e+001  1.3422118e+001
 -2.1584677e+000  2.1046669e+001  1.4473694e+001
 -2.0945128e+000  2.1489397e+001  1.5386986e+001
 -2.0305578e+000  2.0220204e+001  1.6119991e+001
 -1.9666029e+000  1.8224969e+001  1.6622717e+001
 -1.9026479e+000  1.6376560e+001  1.6865131e+001
 -1.8386929e+000  1.5107920e+001  1.6865947e+001
 -1.7747380e+000  1.4430919e+001  1.6671019e+001
 -1.7107830e+000  1.4084458e+001  1.6321670e+001
 -1.6468280e+000  1.3776514e+001  1.5867520e+001
 -1.5828731e+000  1.3401127e+001  1.5383511e+001
 -1.5189181e+000  1.3023287e+001  1.4936347e+001
 -1.4549632e+000  1.2715577e+001  1.4547512e+001
 -1.3910082e+000  1.2513449e+001  1.4216083e+001
 -1.3270532e+000  1.2458579e+001  1.3953259e+001
 -1.2630983e+000  1.2524251e+001  1.3759675e+001
 -1.1991433e+000  1.2539338e+001  1.3595836e+001
 -1.1351883e+000  1.2353850e+001  1.3420527e+001
 -1.0712334e+000  1.2049816e+001  1.3241612e+001
 -1.0072784e+000  1.1830117e+001  1.3091095e+001
 -9.4332345e-001  1.1748688e+001  1.2974371e+001
 -8.7936849e-001  1.1721759e+001  1.2882932e+001
 -8.1541352e-001  1.1726163e+001  1.2820207e+001
 -7.5145856e-001  1.1763933e+001  1.2763428e+001
 -6.8750360e-001  1.1705002e+001  1.2644753e+001
 -6.2354863e-001  1.1431667e+001  1.2434712e+001
 -5.5959367e-001  1.1072716e+001  1.2175227e+001
 -4.9563871e-001  1.0764786e+001  1.1804515e+001
 -4.3168374e-001  1.0213970e+001  1.0996248e+001
 -3.6772878e-001  8.9169129e+000  9.3808079e+000
 -3.0377382e-001  6.9344227e+000  7.0271230e+000
 -2.3981885e-001  5.0713666e+000  4.5910916e+000
 -1.7586389e-001  4.0848772e+000  2.8550128e+000
 -1.1190893e-001  3.9766710e+000  2.1175973e+000
 -4.7953964e-002  4.2122651e+000  2.0544970e+000
  1.6000999e-002  4.3380158e+000  2.1185318e+000
  7.9955962e-002  4.2122651e+000  2.0544970e+000
  1.4391093e-001  3.9766710e+000  2.1175973e+000
  2.0786589e-001  4.0848772e+000  2.8550128e+000
  2.7182085e-001  5.0713666e+000  4.5910916e+000
  3.3577581e-001  6.9344227e+000  7.0271230e+000
  3.9973078e-001  8.9169129e+000  9.3808079e+000
  4.6368574e-001  1.0213970e+001  1.0996248e+001
  5.2764070e-001  1.0764786e+001  1.1804515e+001
  5.9159567e-001  1.1072716e+001  1.2175227e+001
  6.5555063e-001  1.1431667e+001  1.2434712e+001
  7.1950559e-001  1.1705002e+001  1.2644753e+001
  7.8346056e-001  1.1763933e+001  1.2763428e+001
  8.4741552e-001  1.1726163e+001  1.2820207e+001
  9.1137048e-001  1.1721759e+001  1.2882932e+001
  9.7532545e-001  1.1748688e+001  1.2974371e+001
  1.0392804e+000  1.1830117e+001  1.3091095e+001
  1.1032354e+000  1.2049816e+001  1.3241612e+001
  1.1671903e+000  1.2353850e+001  1.3420527e+001
  1.2311453e+000  1.2539338e+001  1.3595836e+001
  1.2951003e+000  1.2524251e+001  1.3759675e+001
  1.3590552e+000  1.2458579e+001  1.3953259e+001
  1.4230102e+000  1.2513449e+001  1.4216083e+001
  1.4869652e+000  1.2715577e+001  1.4547512e+001
  1.5509201e+000  1.3023287e+001  1.4936347e+001
  1.6148751e+000  1.3401127e+001  1.5383511e+001
  1.6788300e+000  1.3776514e+001  1.5867520e+001
  1.7427850e+000  1.4084458e+001  1.6321670e+001
  1.8067400e+000  1.4430919e+001  1.6671019e+001
  1.8706949e+000  1.5107920e+001  1.6865947e+001
  1.9346499e+000  1.6376560e+001  1.6865131e+001
  1.9986049e+000  1.8224969e+001  1.6622717e+001
  2.0625598e+000  2.0220204e+001  1.6119991e+001
  2.1265148e+000  2.1489397e+001  1.5386986e+001
  2.1904697e+000  2.1046669e+001  1.4473694e+001
  2.2544247e+000  1.8508396e+001  1.3422118e+001
  2.3183797e+000  1.4572178e+001  1.2280226e+001
  2.3823346e+000  1.0581179e+001  1.1113660e+001
  2.4462896e+000  7.5270489e+000  9.9793936e+000
  2.5102446e+000  5.5654463e+000  8.9047497e+000
  2.5741995e+000  4.3887203e+000  7.9065523e+000
  2.6381545e+000  3.7280552e+000  7.0090283e+000
  2.7021095e+000  3.4054875e+000  6.2263555e+000
  2.7660644e+000  3.2167887e+000  5.5480964e+000
  2.8300194e+000  3.0204715e+000  4.9594631e+000
  2.8939743e+000  2.8405855e+000  4.4593853e+000
  2.9579293e+000  2.7400318e+000  4.0449621e+000
  3.0218843e+000  2.6822143e+000  3.6970792e+000
  3.0858392e+000  2.6094685e+000  3.3974057e+000
  3.1497942e+000  2.5446228e+000  3.1437871e+000
  3.2137492e+000  2.5156021e+000  2.9349905e+000
  3.2777041e+000  2.4777034e+000  2.7563451e+000
  3.3416591e+000  2.3956884e+000  2.5944684e+000
  3.4056140e+000  2.3074190e+000  2.4510977e+000
  3.4695690e+000  2.2328528e+000  2.3288540e+000
  3.5335240e+000  2.1199826e+000  2.2176529e+000
  3.5974789e+000  1.9503702e+000  2.1081100e+000
  3.6614339e+000  1.7949405e+000  2.0044737e+000
  3.7253889e+000  1.6962002e+000  1.9115699e+000
  3.7893438e+000  1.5987638e+000  1.8220948e+000
  3.8532988e+000  1.4633342e+000  1.7290005e+000
  3.9172538e+000  1.3433928e+000  1.6376801e+000
  3.9812087e+000  1.2821486e+000  1.5539374e+000
  4.0451637e+000  1.2399249e+000  1.4720514e+000
  4.1091186e+000  1.1862214e+000  1.3862587e+000
  4.1730736e+000  1.1511525e+000  1.3022523e+000
  4.2370286e+000  1.1262844e+000  1.2260314e+000
  4.3009835e+000  1.0412365e+000  1.1526569e+000
  4.3649385e+000  9.0505823e-001  1.0769459e+000
  4.4288935e+000  8.3133947e-001  1.0043395e+000
  4.4928484e+000  8.4236874e-001  9.4051041e-001
  4.5568034e+000  7.9699156e-001  8.8074051e-001
  4.6207583e+000  6.1442606e-001  8.1994703e-001
  4.6847133e+000  4.1988098e-001  7.6302016e-001
  4.7486683e+000  3.4455047e-001  7.1512868e-001
  4.8126232e+000  3.2662547e-001  6.7165738e-001
  4.8765782e+000  2.5696871e-001  6.2759357e-001
  4.9405332e+000  1.8543760e-001  5.8732407e-001
  5.0044881e+000  2.0904345e-001  5.5553861e-001
  5.0684431e+000  2.6905891e-001  5.2769795e-001
  5.1323981e+000  2.5275262e-001  4.9887882e-001
  5.1963530e+000  2.1497203e-001  4.7308017e-001
  5.2603080e+000  2.9626536e-001  4.5464847e-001
  5.3242629e+000  4.6570745e-001  4.3922118e-001
  5.3882179e+000  5.4200906e-001  4.2207396e-001
  5.4521729e+000  4.6068602e-001  4.0695964e-001
  5.5161278e+000  3.4610329e-001  3.9799776e-001
  5.5800828e+000  3.0954118e-001  3.9106695e-001
  5.6440378e+000  3.2888909e-001  3.8170723e-001
  5.7079927e+000  3.4922113e-001  3.7351297e-001
  5.7719477e+000  3.7019878e-001  3.7043589e-001
  5.8359026e+000  4.0308596e-001  3.6860973e-001
  5.8998576e+000  4.4189821e-001  3.6385813e-001
  5.9638126e+000  4.9465780e-001  3.5965692e-001
  6.0277675e+000  5.5887748e-001  3.5980370e-001
  6.0917225e+000  5.6992402e-001  3.6066614e-001
  6.1556775e+000  4.6662935e-001  3.5834458e-001
  6.2196324e+000  3.0633098e-001  3.5621035e-001
  6.2835874e+000  2.2433372e-001  3.5789514e-001
  6.3475424e+000  2.7701826e-001  3.5996301e-001
  6.4114973e+000  4.0030026e-001  3.5877760e-001
  6.4754523e+000  5.0891023e-001  3.5761303e-001
  6.5394072e+000  5.5662346e-001  3.5991193e-001
  6.6033622e+000  5.2227539e-001  3.6239128e-001
  6.6673172e+000  4.3153614e-001  3.6167072e-001
  6.7312721e+000  3.7867480e-001  3.6094049e-001
  6.7952271e+000  4.3228631e-001  3.6342571e-001
  6.8591821e+000  5.2821974e-001  3.6594854e-001
  6.9231370e+000  5.4467964e-001  3.6538967e-001
  6.9870920e+000  4.7000186e-001  3.6488450e-001
  7.0510469e+000  4.0300598e-001  3.6740797e-001
  7.1150019e+000  3.9967670e-001  3.6982831e-001
  7.1789569e+000  4.1959334e-001  3.6930639e-001
  7.2429118e+000  4.2325681e-001  3.6897967e-001
  7.3068668e+000  4.2626604e-001  3.7153628e-001
  7.3708218e+000  4.4693320e-001  3.7380202e-001
  7.4347767e+000  4.7848443e-001  3.7324489e-001
  7.4987317e+000  5.1537586e-001  3.7311070e-001
  7.5626867e+000  5.3970104e-001  3.7577156e-001
  7.6266416e+000  5.0012177e-001  3.7786319e-001
  7.6905966e+000  3.8372193e-001  3.7716909e-001
  7.7545515e+000  2.8304006e-001  3.7723226e-001
  7.8185065e+000  2.9671480e-001  3.8013363e-001
  7.8824615e+000  3.8479665e-001  3.8207857e-001
  7.9464164e+000  4.2692634e-001  3.8107569e-001
  8.0103714e+000  4.0597856e-001  3.8125097e-001
  8.0743264e+000  4.1362845e-001  3.8458684e-001
  8.1382813e+000  4.7486531e-001  3.8654419e-001
  8.2022363e+000  4.9735778e-001  3.8501155e-001
  8.2661912e+000  4.2621699e-001  3.8498922e-001
  8.3301462e+000  3.3735130e-001  3.8890394e-001
  8.3941012e+000  3.3002526e-001  3.9129821e-001
  8.4580561e+000  4.0854677e-001  3.8918781e-001
  8.5220111e+000  5.0621068e-001  3.8837045e-001
  8.5859661e+000  5.5482026e-001  3.9262890e-001
  8.6499210e+000  5.0567129e-001  3.9607128e-001
  8.7138760e+000  3.5563411e-001  3.9392728e-001
  8.7778310e+000  1.8203573e-001  3.9178108e-001
  8.8417859e+000  9.2180150e-002  3.9540638e-001
  8.9057409e+000  1.1923893e-001  4.0000642e-001
  8.9696958e+000  2.1610891e-001  3.9903370e-001
  9.0336508e+000  3.4066628e-001  3.9605455e-001
  9.0976058e+000  4.7314185e-001  3.9786727e-001
  9.1615607e+000  5.6045054e-001  4.0233302e-001
  9.2255157e+000  5.4068426e-001  4.0310507e-001
  9.2894707e+000  4.3876495e-001  4.0109950e-001
  9.3534256e+000  3.5432851e-001  4.0156484e-001
  9.4173806e+000  3.3627663e-001  4.0416728e-001
  9.4813355e+000  3.4224300e-001  4.0501876e-001
  9.5452905e+000  3.3193452e-001  4.0471598e-001
  9.6092455e+000  3.2425175e-001  4.0610459e-001
  9.6732004e+000  3.5041481e-001  4.0770043e-001
  9.7371554e+000  4.1923468e-001  4.0692100e-001
  9.8011104e+000  5.2786107e-001  4.0614420e-001
  9.8650653e+000  6.3500816e-001  4.0843844e-001
  9.9290203e+000  6.4242765e-001  4.1115813e-001
  9.9929753e+000  5.0222855e-001  4.1060742e-001
  1.0056930e+001  3.3286868e-001  4.0897666e-001
  1.0120885e+001  3.1192554e-001  4.0998760e-001
  1.0184840e+001  4.4355261e-001  4.1197637e-001
  1.0248795e+001  5.5063410e-001  4.1193307e-001
  1.0312750e+001  5.2039391e-001  4.1181851e-001
  1.0376705e+001  4.3506418e-001  4.1404609e-001
  1.0440660e+001  4.1501064e-001  4.1544447e-001
  1.0504615e+001  4.4936216e-001  4.1293828e-001
  1.0568570e+001  4.5352999e-001  4.1061361e-001
  1.0632525e+001  4.1007931e-001  4.1350000e-001
  1.0696480e+001  3.7817216e-001  4.1845261e-001
  1.0760435e+001  4.0970255e-001  4.1895241e-001
  1.0824390e+001  5.0116531e-001  4.1542620e-001
  1.0888345e+001  5.9480760e-001  4.1335109e-001
  1.0952300e+001  6.1583479e-001  4.1435399e-001
  1.1016255e+001  5.4964318e-001  4.1625958e-001
  1.1080210e+001  4.6713866e-001  4.1867134e-001
  1.1144165e+001  4.1704976e-001  4.2152408e-001
  1.1208120e+001  3.3868974e-001  4.2143721e-001
  1.1272075e+001  1.8110373e-001  4.1664331e-001
  1.1336029e+001  5.7946059e-002  4.1251083e-001
  1.1399984e+001  1.2970065e-001  4.1511923e-001
  1.1463939e+001  3.4367997e-001  4.2198453e-001
  1.1527894e+001  4.6301316e-001  4.2570120e-001
  1.1591849e+001  3.8093361e-001  4.2403552e-001
  1.1655804e+001  2.4171868e-001  4.2023736e-001
  1.1719759e+001  2.0621857e-001  4.1666880e-001
  1.1783714e+001  2.6296798e-001  4.1469046e-001
  1.1847669e+001  3.3404092e-001  4.1740103e-001
  1.1911624e+001  4.0245453e-001  4.2519510e-001
  1.1975579e+001  4.4789789e-001  4.3128513e-001
  1.2039534e+001  4.0889665e-001  4.2882627e-001
  1.2103489e+001  3.1035814e-001  4.2054487e-001
  1.2167444e+001  2.9255061e-001  4.1507337e-001
  1.2231399e+001  4.0955278e-001  4.1614839e-001
  1.2295354e+001  5.2698944e-001  4.2134564e-001
  1.2359309e+001  5.2370676e-001  4.2811308e-001
  1.2423264e+001  4.6500322e-001  4.3403683e-001
  1.2487219e+001  4.6292840e-001  4.3420561e-001
  1.2551174e+001  4.9510991e-001  4.2629001e-001
  1.2615129e+001  4.9022982e-001  4.1673841e-001
  1.2679084e+001  4.7087212e-001  4.1484564e-001
  1.2743039e+001  4.7334889e-001  4.2171547e-001
  1.2806994e+001  4.4118541e-001  4.3084144e-001
  1.2870949e+001  3.4559216e-001  4.3719602e-001
  1.2934904e+001  2.9917073e-001  4.3930630e-001
  1.2998859e+001  3.8491460e-001  4.3535201e-001
  1.3062813e+001  4.7562784e-001  4.2547905e-001
  1.3126768e+001  4.1198601e-001  4.1675334e-001
  1.3190723e+001  2.8053256e-001  4.1777014e-001
  1.3254678e+001  3.0609812e-001  4.2808186e-001
  1.3318633e+001  5.0571794e-001  4.3913131e-001
  1.3382588e+001  6.5595106e-001  4.4481622e-001
  1.3446543e+001  6.0869491e-001  4.4485783e-001
  1.3510498e+001  4.5860804e-001  4.3953070e-001
  1.3574453e+001  3.6887671e-001  4.2938838e-001
  1.3638408e+001  3.8325482e-001  4.2037613e-001
  1.3702363e+001  4.5260580e-001  4.2096192e-001
  1.3766318e+001  5.2724966e-001  4.3192975e-001
  1.3830273e+001  5.7658240e-001  4.4490104e-001
  1.3894228e+001  5.9489911e-001  4.5232118e-001
  1.3958183e+001  6.0722931e-001  4.5331895e-001
  1.4022138e+001  6.1477073e-001  4.4912070e-001
  1.4086093e+001  5.6052684e-001  4.3990012e-001
  1.4150048e+001  4.2257639e-001  4.2910679e-001
  1.4214003e+001  2.9741822e-001  4.2479177e-001
  1.4277958e+001  2.9349692e-001  4.3190306e-001
  1.4341913e+001  3.8216128e-001  4.4617595e-001
  1.4405868e+001  4.5728904e-001  4.5877715e-001
  1.4469823e+001  4.9505159e-001  4.6460498e-001
  1.4533778e+001  5.3450178e-001  4.6368205e-001
  1.4597733e+001  5.4825784e-001  4.5732461e-001
  1.4661688e+001  4.7875847e-001  4.4703485e-001
  1.4725643e+001  3.7803619e-001  4.3691373e-001
  1.4789597e+001  3.6196984e-001  4.3372771e-001
  1.4853552e+001  4.3254082e-001  4.4194268e-001
  1.4917507e+001  4.8709420e-001  4.5844722e-001
  1.4981462e+001  4.9829454e-001  4.7387168e-001
  1.5045417e+001  5.3641474e-001  4.8068658e-001
  1.5109372e+001  6.0783699e-001  4.7912519e-001
  1.5173327e+001  6.2430594e-001  4.7360601e-001
  1.5237282e+001  5.5622298e-001  4.6575575e-001
  1.5301237e+001  4.7510217e-001  4.5559707e-001
  1.5365192e+001  4.1851597e-001  4.4844403e-001
  1.5429147e+001  3.5322732e-001  4.5327534e-001
  1.5493102e+001  2.9907207e-001  4.7133011e-001
  1.5557057e+001  3.3859176e-001  4.9200237e-001
  1.5621012e+001  4.5754009e-001  5.0416949e-001
  1.5684967e+001  5.2240783e-001  5.0730648e-001
  1.5748922e+001  4.7856923e-001  5.0760521e-001
  1.5812877e+001  4.3465906e-001  5.0799221e-001
  1.5876832e+001  4.7871988e-001  5.0744039e-001
  1.5940787e+001  5.4003728e-001  5.0644501e-001
  1.6004742e+001  5.2020827e-001  5.0683765e-001
  1.6068697e+001  4.4949586e-001  5.0779042e-001
  1.6132652e+001  4.1908131e-001  5.0718343e-001
  1.6196607e+001  4.4683865e-001  5.0577394e-001
  1.6260562e+001  4.9451905e-001  5.0572966e-001
  1.6324517e+001  5.3851063e-001  5.0646060e-001
  1.6388472e+001  5.5029973e-001  5.0600147e-001
  1.6452427e+001  4.9114087e-001  5.0501717e-001
  1.6516381e+001  4.0126155e-001  5.0539570e-001
  1.6580336e+001  4.0449980e-001  5.0634190e-001
  1.6644291e+001  5.3326455e-001  5.0584001e-001
  1.6708246e+001  6.3026387e-001  5.0457883e-001
  1.6772201e+001  5.3335401e-001  5.0456079e-001
  1.6836156e+001  3.0485885e-001  5.0522476e-001
  1.6900111e+001  1.6966392e-001  5.0474965e-001
  1.6964066e+001  2.5137838e-001  5.0379414e-001
  1.7028021e+001  4.5821492e-001  5.0416067e-001
  1.7091976e+001  6.1294514e-001  5.0511073e-001
  1.7155931e+001  6.1826751e-001  5.0473485e-001
  1.7219886e+001  5.0160271e-001  5.0365462e-001
  1.7283841e+001  3.6550004e-001  5.0371451e-001
  1.7347796e+001  3.0731100e-001  5.0434013e-001
  1.7411751e+001  3.5260004e-001  5.0381619e-001
  1.7475706e+001  4.5366861e-001  5.0283562e-001
  1.7539661e+001  5.4628111e-001  5.0316550e-001
  1.7603616e+001  5.8541667e-001  5.0409911e-001
  1.7667571e+001  5.4379870e-001  5.0380350e-001
  1.7731526e+001  4.3851608e-001  5.0288702e-001
  1.7795481e+001  3.6117508e-001  5.0309613e-001
  1.7859436e+001  4.0333618e-001  5.0379191e-001
  1.7923391e+001  5.2952118e-001  5.0326004e-001
  1.7987346e+001  6.0238646e-001  5.0221423e-001
  1.8051301e+001  5.6391959e-001  5.0245911e-001
  1.8115256e+001  5.0562060e-001  5.0334611e-001
  1.8179211e+001  5.1469488e-001  5.0306922e-001
  1.8243165e+001  5.4468884e-001  5.0221548e-001
  1.8307120e+001  5.1199279e-001  5.0252312e-001
  1.8371075e+001  4.3936248e-001  5.0336392e-001
  1.8435030e+001  4.0707615e-001  5.0297172e-001
  1.8498985e+001  4.1533620e-001  5.0195772e-001
  1.8562940e+001  3.9965042e-001  5.0211570e-001
  1.8626895e+001  3.6003164e-001  5.0291116e-001
  1.8690850e+001  3.7511940e-001  5.0261690e-001
  1.8754805e+001  4.7701087e-001  5.0177370e-001
  1.8818760e+001  5.8577256e-001  5.0207595e-001
  1.8882715e+001  5.9892409e-001  5.0295511e-001
  1.8946670e+001  5.1125796e-001  5.0269536e-001
  1.9010625e+001  4.2146536e-001  5.0183414e-001
  1.9074580e+001  4.2636994e-001  5.0206210e-001
  1.9138535e+001  5.1690182e-001  5.0284729e-001
  1.9202490e+001  5.8927497e-001  5.0252647e-001
  1.9266445e+001  5.6571298e-001  5.0165769e-001
  1.9330400e+001  4.7607662e-001  5.0192492e-001
  1.9394355e+001  3.9092182e-001  5.0278525e-001
  1.9458310e+001  3.1836997e-001  5.0254940e-001
  1.9522265e+001  2.3888067e-001  5.0173372e-001
  1.9586220e+001  2.0806808e-001  5.0200839e-001
  1.9650175e+001  3.1313844e-001  5.0286191e-001
  1.9714130e+001  5.1860905e-001  5.0263151e-001
  1.9778085e+001  6.6715224e-001  5.0182045e-001
  1.9842040e+001  6.6945119e-001  5.0208420e-001
  1.9905995e+001  5.9519095e-001  5.0292866e-001
  1.9969950e+001  5.3801984e-001  5.0270684e-001
  2.0033904e+001  4.9622700e-001  5.0190527e-001
  2.0097859e+001  4.4196744e-001  5.0216343e-001
  2.0161814e+001  4.0269457e-001  5.0300189e-001
  2.0225769e+001  3.9902585e-001  5.0278785e-001
  2.0289724e+001  3.9339779e-001  5.0199657e-001
  2.0353679e+001  3.7639225e-001  5.0226572e-001
  2.0417634e+001  4.1203030e-001  5.0314483e-001
  2.0481589e+001  5.1499089e-001  5.0301257e-001
  2.0545544e+001  5.8161399e-001  5.0230099e-001
  2.0609499e+001  5.4494672e-001  5.0259547e-001
  2.0673454e+001  5.0138482e-001  5.0344126e-001
  2.0737409e+001  5.5768489e-001  5.0324638e-001
  2.0801364e+001  6.4044247e-001  5.0246533e-001
  2.0865319e+001  6.1279690e-001  5.0269969e-001
  2.0929274e+001  5.1701149e-001  5.0351462e-001
  2.0993229e+001  5.1938998e-001  5.0332348e-001
  2.1057184e+001  6.3243326e-001  5.0257046e-001
  2.1121139e+001  6.7936525e-001  5.0286664e-001
  2.1185094e+001  5.6883855e-001  5.0380414e-001
  2.1249049e+001  4.3802430e-001  5.0377612e-001
  2.1313004e+001  4.4692532e-001  5.0313817e-001
  2.1376959e+001  5.5850414e-001  5.0342593e-001
  2.1440914e+001  6.2129925e-001  5.0424670e-001
  2.1504869e+001  5.8646832e-001  5.0406942e-001
  2.1568824e+001  5.3858695e-001  5.0330871e-001
  2.1632779e+001  5.4910920e-001  5.0352017e-001
  2.1696734e+001  5.9112573e-001  5.0431162e-001
  2.1760688e+001  6.0176478e-001  5.0414216e-001
  2.1824643e+001  5.6831929e-001  5.0342073e-001
  2.1888598e+001  5.2839065e-001  5.0372833e-001
  2.1952553e+001  5.1018292e-001  5.0470524e-001
  2.2016508e+001  5.0262902e-001  5.0477211e-001
  2.2080463e+001  4.9023422e-001  5.0421438e-001
  2.2144418e+001  4.8860666e-001  5.0450996e-001
  2.2208373e+001  5.0858908e-001  5.0531602e-001
  2.2272328e+001  5.0446624e-001  5.0515919e-001
  2.2336283e+001  4.2770281e-001  5.0441874e-001
  2.2400238e+001  3.3877447e-001  5.0460819e-001
  2.2464193e+001  3.7094357e-001  5.0537736e-001
  2.2528148e+001  5.3460759e-001  5.0522331e-001
  2.2592103e+001  6.5543372e-001  5.0450394e-001
  2.2656058e+001  5.9618102e-001  5.0476200e-001
  2.2720013e+001  4.5507794e-001  5.0571091e-001
  2.2783968e+001  4.1974430e-001  5.0584823e-001
  2.2847923e+001  4.8792427e-001  5.0541142e-001
  2.2911878e+001  4.9502672e-001  5.0578477e-001
  2.2975833e+001  4.0098015e-001  5.0662200e-001
  2.3039788e+001  3.6749351e-001  5.0649542e-001
  2.3103743e+001  5.0041404e-001  5.0577414e-001
  2.3167698e+001  6.7235092e-001  5.0594441e-001
  2.3231653e+001  6.9803118e-001  5.0669285e-001
  2.3295608e+001  5.7644899e-001  5.0655555e-001
  2.3359563e+001  4.5092899e-001  5.0583876e-001
  2.3423518e+001  4.0547419e-001  5.0601300e-001
  2.3487472e+001  4.1662079e-001  5.0682751e-001
  2.3551427e+001  4.6204667e-001  5.0689517e-001
  2.3615382e+001  5.5257516e-001  5.0651412e-001
  2.3679337e+001  6.5364046e-001  5.0703362e-001
  2.3743292e+001  6.7848928e-001  5.0803668e-001
  2.3807247e+001  5.9653682e-001  5.0803254e-001
  2.3871202e+001  4.8410897e-001  5.0735359e-001
  2.3935157e+001  4.2882224e-001  5.0750569e-001
  2.3999112e+001  4.2943238e-001  5.0823786e-001
  2.4063067e+001  4.3259565e-001  5.0811606e-001
  2.4127022e+001  4.3286420e-001  5.0741384e-001
  2.4190977e+001  4.7572258e-001  5.0756020e-001
  2.4254932e+001  5.6687620e-001  5.0828469e-001
  2.4318887e+001  6.4121088e-001  5.0818528e-001
  2.4382842e+001  6.4917879e-001  5.0759117e-001
  2.4446797e+001  6.2677726e-001  5.0798935e-001
  2.4510752e+001  6.3406985e-001  5.0910732e-001
  2.4574707e+001  6.5720330e-001  5.0940783e-001
  2.4638662e+001  6.3190442e-001  5.0900108e-001
  2.4702617e+001  5.4773566e-001  5.0925369e-001
  2.4766572e+001  4.5946131e-001  5.0998799e-001
  2.4830527e+001  3.9731600e-001  5.0988227e-001
  2.4894482e+001  3.4481530e-001  5.0919874e-001
  2.4958437e+001  3.1807649e-001  5.0932380e-001
  2.5022392e+001  3.7482149e-001  5.1002828e-001
  2.5086347e+001  5.0256878e-001  5.0993189e-001
  2.5150302e+001  5.8669177e-001  5.0925223e-001
  2.5214256e+001  5.5706379e-001  5.0937090e-001
  2.5278211e+001  4.9226529e-001  5.1012106e-001
  2.5342166e+001  4.9909278e-001  5.1021903e-001
  2.5406121e+001  5.5638634e-001  5.0991959e-001
  2.5470076e+001  5.7471501e-001  5.1050922e-001
  2.5534031e+001  5.5414812e-001  5.1161594e-001
  2.5597986e+001  5.6517826e-001  5.1176202e-001
  2.5661941e+001  6.0391160e-001  5.1116496e-001
  2.5725896e+001  5.9294261e-001  5.1127547e-001
  2.5789851e+001  5.2655060e-001  5.1196328e-001
  2.5853806e+001  4.9502163e-001  5.1188266e-001
  2.5917761e+001  5.3781204e-001  5.1121509e-001
  2.5981716e+001  5.7391210e-001  5.1131458e-001
  2.6045671e+001  5.2086986e-001  5.1200215e-001
  2.6109626e+001  4.0798027e-001  5.1192450e-001
  2.6173581e+001  3.3037773e-001  5.1125741e-001
  2.6237536e+001  3.4506747e-001  5.1138302e-001
  2.6301491e+001  4.3812811e-001  5.1221961e-001
  2.6365446e+001  5.4442130e-001  5.1250298e-001
  2.6429401e+001  5.8501102e-001  5.1235531e-001
  2.6493356e+001  5.3785686e-001  5.1294046e-001
  2.6557311e+001  4.7860120e-001  5.1393530e-001
  2.6621266e+001  4.9312733e-001  5.1398852e-001
  2.6685221e+001  5.5054450e-001  5.1335082e-001
  2.6749176e+001  5.3775333e-001  5.1343334e-001
  2.6813131e+001  4.2554046e-001  5.1410438e-001
  2.6877086e+001  3.1185306e-001  5.1403775e-001
  2.6941040e+001  2.7803241e-001  5.1338579e-001
  2.7004995e+001  2.9488444e-001  5.1346882e-001
  2.7068950e+001  3.1339876e-001  5.1413688e-001
  2.7132905e+001  3.5929104e-001  5.1407188e-001
  2.7196860e+001  4.7011166e-001  5.1341954e-001
  2.7260815e+001  6.0284776e-001  5.1352533e-001
  2.7324770e+001  6.7863359e-001  5.1434040e-001
  2.7388725e+001  6.8407225e-001  5.1464769e-001
  2.7452680e+001  6.6711836e-001  5.1455106e-001
  2.7516635e+001  6.5437822e-001  5.1517325e-001
  2.7580590e+001  6.2233743e-001  5.1619709e-001
  2.7644545e+001  5.4286967e-001  5.1628795e-001
  2.7708500e+001  4.2922371e-001  5.1567134e-001
  2.7772455e+001  3.4025252e-001  5.1573838e-001
  2.7836410e+001  3.3726077e-001  5.1639152e-001
  2.7900365e+001  4.1484265e-001  5.1633616e-001
  2.7964320e+001  4.9017817e-001  5.1569754e-001
  2.8028275e+001  5.0258555e-001  5.1576542e-001
  2.8092230e+001  4.9891564e-001  5.1641644e-001
  2.8156185e+001  5.5221469e-001  5.1636566e-001
  2.8220140e+001  6.2140885e-001  5.1572819e-001
  2.8284095e+001  5.9651529e-001  5.1578575e-001
  2.8348050e+001  4.8386887e-001  5.1646726e-001
  2.8412005e+001  4.2310715e-001  5.1659848e-001
  2.8475960e+001  4.8478957e-001  5.1637667e-001
  2.8539915e+001  5.7078824e-001  5.1702724e-001
  2.8603870e+001  5.7225266e-001  5.1825054e-001
  2.8667824e+001  5.1088945e-001  5.1858617e-001
  2.8731779e+001  4.5053806e-001  5.1810166e-001
  2.8795734e+001  3.8644880e-001  5.1817175e-001
  2.8859689e+001  3.2286674e-001  5.1880813e-001
  2.8923644e+001  3.4964153e-001  5.1877289e-001
  2.8987599e+001  5.0577161e-001  5.1814335e-001
  2.9051554e+001  6.4639325e-001  5.1818461e-001
  2.9115509e+001  6.0020443e-001  5.1882312e-001
  2.9179464e+001  4.2070934e-001  5.1879455e-001
  2.9243419e+001  3.3165590e-001  5.1816899e-001
  2.9307374e+001  4.3235780e-001  5.1820613e-001
  2.9371329e+001  5.9495824e-001  5.1883539e-001
  2.9435284e+001  6.6493368e-001  5.1880710e-001
  2.9499239e+001  6.3616828e-001  5.1823988e-001
  2.9563194e+001  5.9330402e-001  5.1849809e-001
  2.9627149e+001  5.8541683e-001  5.1960185e-001
  2.9691104e+001  6.0532031e-001  5.2022601e-001
  2.9755059e+001  6.2327855e-001  5.2020310e-001
  2.9819014e+001  6.0310885e-001  5.2058904e-001
  2.9882969e+001  5.3399425e-001  5.2133154e-001
  2.9946924e+001  4.6192233e-001  5.2132292e-001
  3.0010879e+001  4.4244451e-001  5.2071018e-001
  3.0074834e+001  4.6517222e-001  5.2073673e-001
  3.0138789e+001  4.8139973e-001  5.2134709e-001
  3.0202744e+001  4.9048118e-001  5.2132660e-001
  3.0266699e+001  5.2123635e-001  5.2072474e-001
  3.0330654e+001  5.4124506e-001  5.2074947e-001
  3.0394608e+001  4.8490073e-001  5.2135531e-001
  3.0458563e+001  3.7989702e-001  5.2133891e-001
  3.0522518e+001  3.4065174e-001  5.2074034e-001
  3.0586473e+001  4.0662892e-001  5.2075494e-001
  3.0650428e+001  4.8609752e-001  5.2135866e-001
  3.0714383e+001  5.0129016e-001  5.2142858e-001
  3.0778338e+001  4.9216722e-001  5.2112156e-001
  3.0842293e+001  5.1946032e-001  5.2168908e-001
  3.0906248e+001  5.5685842e-001  5.2297987e-001
  3.0970203e+001  5.5649780e-001  5.2355835e-001
  3.1034158e+001  5.4635620e-001  5.2328604e-001
  3.1098113e+001  5.7173080e-001  5.2338801e-001
  3.1162068e+001  5.9219224e-001  5.2398621e-001
  3.1226023e+001  5.3352347e-001  5.2398226e-001
  3.1289978e+001  4.1701575e-001  5.2339260e-001
  3.1353933e+001  3.4699894e-001  5.2339016e-001
  3.1417888e+001  3.7197910e-001  5.2397899e-001
  3.1481843e+001  4.3187860e-001  5.2398550e-001
  3.1545798e+001  4.5290450e-001  5.2340013e-001
  3.1609753e+001  4.3533848e-001  5.2339357e-001
  3.1673708e+001  4.2610816e-001  5.2397874e-001
  3.1737663e+001  4.4374576e-001  5.2398837e-001
  3.1801618e+001  4.5879954e-001  5.2340649e-001
  3.1865573e+001  4.4078840e-001  5.2339684e-001
  3.1929528e+001  4.1112779e-001  5.2397842e-001
  3.1993483e+001  4.3288996e-001  5.2399099e-001
  3.2057438e+001  5.2656456e-001  5.2341250e-001
  3.2121393e+001  6.1019744e-001  5.2339963e-001
  3.2185347e+001  5.7646613e-001  5.2397760e-001
  3.2249302e+001  4.4038899e-001  5.2399324e-001
  3.2313257e+001  3.4704022e-001  5.2341814e-001
  3.2377212e+001  3.9447593e-001  5.2340196e-001
  3.2441167e+001  5.0683264e-001  5.2397638e-001
  3.2505122e+001  5.4112107e-001  5.2399523e-001
  3.2569077e+001  4.7447921e-001  5.2342358e-001
  3.2633032e+001  4.1261857e-001  5.2340408e-001
  3.2696987e+001  4.3773058e-001  5.2397502e-001
  3.2760942e+001  5.2455989e-001  5.2399718e-001
  3.2824897e+001  6.0281915e-001  5.2342895e-001
  3.2888852e+001  6.3327854e-001  5.2340610e-001
  3.2952807e+001  6.1124008e-001  5.2397356e-001
  3.3016762e+001  5.5038845e-001  5.2399898e-001
  3.3080717e+001  4.8198231e-001  5.2343409e-001
  3.3144672e+001  4.3530871e-001  5.2340780e-001
  3.3208627e+001  4.1099872e-001  5.2397173e-001
  3.3272582e+001  3.9818084e-001  5.2400036e-001
  3.3336537e+001  4.0398939e-001  5.2343873e-001
  3.3400492e+001  4.2760351e-001  5.2340899e-001
  3.3464447e+001  4.2641661e-001  5.2396941e-001
  3.3528402e+001  3.6698660e-001  5.2400124e-001
  3.3592357e+001  2.9842798e-001  5.2344286e-001
  3.3656312e+001  3.0628267e-001  5.2340970e-001
  3.3720267e+001  3.9325454e-001  5.2396670e-001
  3.3784222e+001  4.8021805e-001  5.2400176e-001
  3.3848177e+001  5.3394372e-001  5.2344664e-001
  3.3912131e+001  6.0447733e-001  5.2341013e-001
  3.3976086e+001  7.0171602e-001  5.2396376e-001
  3.4040041e+001  7.2875661e-001  5.2400206e-001
  3.4103996e+001  6.1311412e-001  5.2345020e-001
  3.4167951e+001  4.4173987e-001  5.2341038e-001
  3.4231906e+001  3.7584859e-001  5.2396071e-001
  3.4295861e+001  4.5823940e-001  5.2400224e-001
  3.4359816e+001  5.8320705e-001  5.2345363e-001
  3.4423771e+001  6.4278609e-001  5.2341054e-001
  3.4487726e+001  6.2554160e-001  5.2395760e-001
  3.4551681e+001  5.6992733e-001  5.2400236e-001
  3.4615636e+001  4.9820722e-001  5.2345696e-001
  3.4679591e+001  4.2746252e-001  5.2341063e-001
  3.4743546e+001  3.9404819e-001  5.2395446e-001
  3.4807501e+001  4.2609252e-001  5.2400242e-001
  3.4871456e+001  5.0978812e-001  5.2346020e-001
  3.4935411e+001  6.0271703e-001  5.2341067e-001
  3.4999366e+001  6.6600824e-001  5.2395131e-001
  3.5063321e+001  6.7503188e-001  5.2400243e-001
  3.5127276e+001  6.2100167e-001  5.2346338e-001
  3.5191231e+001  5.2189934e-001  5.2341067e-001
  3.5255186e+001  4.2624629e-001  5.2394815e-001
  3.5319141e+001  3.9180357e-001  5.2400242e-001
  3.5383096e+001  4.4604969e-001  5.2346649e-001
  3.5447051e+001  5.5179208e-001  5.2341063e-001
  3.5511006e+001  6.1810636e-001  5.2394499e-001
  3.5574961e+001  5.8145642e-001  5.2400237e-001
  3.5638915e+001  4.8804074e-001  5.2346954e-001
  3.5702870e+001  4.5142100e-001  5.2341057e-001
  3.5766825e+001  5.0139712e-001  5.2394184e-001
  3.5830780e+001  5.3189112e-001  5.2400231e-001
  3.5894735e+001  4.5608424e-001  5.2347255e-001
  3.5958690e+001  3.5555137e-001  5.2341050e-001
  3.6022645e+001  3.7488114e-001  5.2393870e-001
  3.6086600e+001  4.9451937e-001  5.2400224e-001
  3.6150555e+001  5.3413634e-001  5.2347552e-001
  3.6214510e+001  4.0340825e-001  5.2341041e-001
  3.6278465e+001  2.3024890e-001  5.2393558e-001
  3.6342420e+001  1.8486495e-001  5.2400216e-001
  3.6406375e+001  2.8013520e-001  5.2347845e-001
  3.6470330e+001  4.2037826e-001  5.2341032e-001
  3.6534285e+001  5.4958163e-001  5.2393249e-001
  3.6598240e+001  6.4605523e-001  5.2400208e-001
  3.6662195e+001  6.4912537e-001  5.2348136e-001
  3.6726150e+001  5.2863990e-001  5.2341023e-001
  3.6790105e+001  3.9293452e-001  5.2392943e-001
  3.6854060e+001  3.8966096e-001  5.2400200e-001
  3.6918015e+001  5.0156868e-001  5.2348424e-001
  3.6981970e+001  5.6972100e-001  5.2341014e-001
  3.7045925e+001  5.3149482e-001  5.2392639e-001
  3.7109880e+001  4.9782265e-001  5.2400192e-001
  3.7173835e+001  5.5050789e-001  5.2348709e-001
  3.7237790e+001  6.0126073e-001  5.2341005e-001
  3.7301745e+001  5.4222908e-001  5.2392338e-001
  3.7365699e+001  4.2890313e-001  5.2400185e-001
  3.7429654e+001  3.9601601e-001  5.2348992e-001
  3.7493609e+001  4.5875356e-001  5.2340996e-001
  3.7557564e+001  5.1979935e-001  5.2392041e-001
  3.7621519e+001  5.3799873e-001  5.2400177e-001
  3.7685474e+001  5.6649269e-001  5.2349273e-001
  3.7749429e+001  6.2576168e-001  5.2340988e-001
  3.7813384e+001  6.5164582e-001  5.2391746e-001
  3.7877339e+001  5.9740087e-001  5.2400170e-001
  3.7941294e+001  5.0291288e-001  5.2349551e-001
  3.8005249e+001  4.2871636e-001  5.2340980e-001
  3.8069204e+001  3.8726820e-001  5.2391454e-001
  3.8133159e+001  3.7187134e-001  5.2400164e-001
  3.8197114e+001  3.9392402e-001  5.2349827e-001
  3.8261069e+001  4.5180954e-001  5.2340972e-001
  3.8325024e+001  5.0795508e-001  5.2391165e-001
  3.8388979e+001  5.3435167e-001  5.2400157e-001
  3.8452934e+001  5.4580398e-001  5.2350101e-001
  3.8516889e+001  5.5749316e-001  5.2340964e-001
  3.8580844e+001  5.4595909e-001  5.2390878e-001
  3.8644799e+001  4.8747666e-001  5.2400151e-001
  3.8708754e+001  4.0737077e-001  5.2350373e-001
  3.8772709e+001  3.5890057e-001  5.2340957e-001
  3.8836664e+001  3.7346409e-001  5.2390594e-001
  3.8900619e+001  4.5027300e-001  5.2400145e-001
  3.8964574e+001  5.6210935e-001  5.2350642e-001
  3.9028529e+001  6.4847323e-001  5.2340950e-001
  3.9092483e+001  6.4548659e-001  5.2390313e-001
  3.9156438e+001  5.6026867e-001  5.2400140e-001
  3.9220393e+001  4.7909982e-001  5.2350910e-001
  3.9284348e+001  4.6157242e-001  5.2340943e-001
  3.9348303e+001  4.6785677e-001  5.2390034e-001
  3.9412258e+001  4.4325303e-001  5.2400134e-001
  3.9476213e+001  4.2831241e-001  5.2351176e-001
  3.9540168e+001  5.0031043e-001  5.2340937e-001
  3.9604123e+001  6.2579008e-001  5.2389758e-001
  3.9668078e+001  6.7081082e-001  5.2400129e-001
  3.9732033e+001  5.7526418e-001  5.2351439e-001
  3.9795988e+001  4.3084537e-001  5.2340930e-001
  3.9859943e+001  3.5010942e-001  5.2389484e-001
  3.9923898e+001  3.3487131e-001  5.2400124e-001
  3.9987853e+001  3.2859959e-001  5.2351701e-001
  4.0051808e+001  3.3354084e-001  5.2340924e-001
  4.0115763e+001  3.9478208e-001  5.2389213e-001
  4.0179718e+001  4.9665744e-001  5.2400120e-001
  4.0243673e+001  5.5664639e-001  5.2351961e-001
  4.0307628e+001  5.3036747e-001  5.2340918e-001
  4.0371583e+001  4.6711899e-001  5.2388944e-001
  4.0435538e+001  4.4352080e-001  5.2400115e-001
  4.0499493e+001  4.7734648e-001  5.2352219e-001
  4.0563448e+001  5.2422069e-001  5.2340913e-001
  4.0627403e+001  5.3710210e-001  5.2388677e-001
  4.0691358e+001  5.1225567e-001  5.2400111e-001
  4.0755313e+001  4.8279840e-001  5.2352475e-001
  4.0819267e+001  4.7341040e-001  5.2340907e-001
  4.0883222e+001  4.6757446e-001  5.2388412e-001
  4.0947177e+001  4.3582042e-001  5.2400107e-001
  4.1011132e+001  3.9564313e-001  5.2352729e-001
  4.1075087e+001  4.0617298e-001  5.2340902e-001
  4.1139042e+001  4.7967406e-001  5.2388150e-001
  4.1202997e+001  5.3642713e-001  5.2400103e-001
  4.1266952e+001  4.9581847e-001  5.2352981e-001
  4.1330907e+001  3.9191012e-001  5.2340897e-001
  4.1394862e+001  3.4199904e-001  5.2387890e-001
  4.1458817e+001  4.0296044e-001  5.2400100e-001
  4.1522772e+001  5.1287902e-001  5.2353232e-001
  4.1586727e+001  5.8181650e-001  5.2340893e-001
  4.1650682e+001  5.8510059e-001  5.2387632e-001
  4.1714637e+001  5.4740301e-001  5.2400096e-001
  4.1778592e+001  4.8908729e-001  5.2353481e-001
  4.1842547e+001  4.2768488e-001  5.2340888e-001
  4.1906502e+001  3.9598319e-001  5.2387375e-001
  4.1970457e+001  4.1376161e-001  5.2400093e-001
  4.2034412e+001  4.5771862e-001  5.2353729e-001
  4.2098367e+001  4.9136953e-001  5.2340884e-001
  4.2162322e+001  5.0833586e-001  5.2387121e-001
  4.2226277e+001  5.1750205e-001  5.2400090e-001
  4.2290232e+001  5.0773002e-001  5.2353975e-001
  4.2354187e+001  4.6829814e-001  5.2340880e-001
  4.2418142e+001  4.3185650e-001  5.2386869e-001
  4.2482097e+001  4.4924764e-001  5.2400087e-001
  4.2546051e+001  5.1618267e-001  5.2354220e-001
  4.2610006e+001  5.6627929e-001  5.2340876e-001
  4.2673961e+001  5.5395521e-001  5.2386619e-001
  4.2737916e+001  5.1250189e-001  5.2400084e-001
  4.2801871e+001  5.0594561e-001  5.2354462e-001
  4.2865826e+001  5.4578591e-001  5.2340872e-001
  4.2929781e+001  5.8657893e-001  5.2386370e-001
  4.2993736e+001  5.9549912e-001  5.2400082e-001
  4.3057691e+001  5.9123612e-001  5.2354704e-001
  4.3121646e+001  6.0143275e-001  5.2340869e-001
  4.3185601e+001  6.0738571e-001  5.2386124e-001
  4.3249556e+001  5.6215676e-001  5.2400079e-001
  4.3313511e+001  4.6383400e-001  5.2354944e-001
  4.3377466e+001  3.8409432e-001  5.2340865e-001
  4.3441421e+001  4.0526379e-001  5.2385879e-001
  4.3505376e+001  5.3545449e-001  5.2400077e-001
  4.3569331e+001  6.9622888e-001  5.2355182e-001
  4.3633286e+001  7.8808543e-001  5.2340862e-001
  4.3697241e+001  7.6362074e-001  5.2385636e-001
  4.3761196e+001  6.5459921e-001  5.2400075e-001
  4.3825151e+001  5.4574397e-001  5.2355419e-001
  4.3889106e+001  5.0872503e-001  5.2340859e-001
  4.3953061e+001  5.3783224e-001  5.2385395e-001
  4.4017016e+001  5.5741821e-001  5.2400073e-001
  4.4080971e+001  5.1333016e-001  5.2355655e-001
  4.4144926e+001  4.4296265e-001  5.2340856e-001
  4.4208881e+001  4.2367204e-001  5.2385155e-001
  4.4272836e+001  4.6536391e-001  5.2400072e-001
  4.4336790e+001  5.0039039e-001  5.2355889e-001
  4.4400745e+001  4.8007167e-001  5.2340854e-001
  4.4464700e+001  4.3083961e-001  5.2384918e-001
  4.4528655e+001  4.0169289e-001  5.2400070e-001
  4.4592610e+001  4.0544900e-001  5.2356122e-001
  4.4656565e+001  4.3523013e-001  5.2340851e-001
  4.4720520e+001  4.9134251e-001  5.2384681e-001
  4.4784475e+001  5.5615319e-001  5.2400069e-001
  4.4848430e+001  5.8080306e-001  5.2356354e-001
  4.4912385e+001  5.3922430e-001  5.2340849e-001
  4.4976340e+001  4.7107923e-001  5.2384447e-001
  4.5040295e+001  4.3657114e-001  5.2400067e-001
  4.5104250e+001  4.5238660e-001  5.2356584e-001
  4.5168205e+001  5.0141616e-001  5.2340847e-001
  4.5232160e+001  5.7129867e-001  5.2384213e-001
  4.5296115e+001  6.4147630e-001  5.2400066e-001
  4.5360070e+001  6.6341624e-001  5.2356814e-001
  4.5424025e+001  6.0723075e-001  5.2340845e-001
  4.5487980e+001  5.1341977e-001  5.2383982e-001
  4.5551935e+001  4.5432348e-001  5.2400065e-001
  4.5615890e+001  4.5797462e-001  5.2357042e-001
  4.5679845e+001  5.0439254e-001  5.2340843e-001
  4.5743800e+001  5.6601850e-001  5.2383752e-001
  4.5807755e+001  6.0338227e-001  5.2400064e-001
  4.5871710e+001  5.5974961e-001  5.2357269e-001
  4.5935665e+001  4.3651813e-001  5.2340842e-001
  4.5999620e+001  3.5205582e-001  5.2383523e-001
  4.6063574e+001  4.3278402e-001  5.2400064e-001
  4.6127529e+001  6.3752240e-001  5.2357495e-001
  4.6191484e+001  7.7615145e-001  5.2340840e-001
  4.6255439e+001  7.3034399e-001  5.2383296e-001
  4.6319394e+001  5.8383485e-001  5.2400063e-001
  4.6383349e+001  4.9992788e-001  5.2357719e-001
  4.6447304e+001  5.3523186e-001  5.2340838e-001
  4.6511259e+001  6.1832931e-001  5.2383070e-001
  4.6575214e+001  6.5801171e-001  5.2400062e-001
  4.6639169e+001  6.1872617e-001  5.2357943e-001
  4.6703124e+001  5.2155266e-001  5.2340837e-001
  4.6767079e+001  4.1888974e-001  5.2382845e-001
  4.6831034e+001  3.5595974e-001  5.2400062e-001
  4.6894989e+001  3.3397889e-001  5.2358165e-001
  4.6958944e+001  3.2727243e-001  5.2340836e-001
  4.7022899e+001  3.3903015e-001  5.2382622e-001
  4.7086854e+001  3.9765698e-001  5.2400062e-001
  4.7150809e+001  4.8616790e-001  5.2358386e-001
  4.7214764e+001  5.3076862e-001  5.2340835e-001
  4.7278719e+001  4.9261922e-001  5.2382400e-001
  4.7342674e+001  4.2707549e-001  5.2400061e-001
  4.7406629e+001  4.1601188e-001  5.2358607e-001
  4.7470584e+001  4.7590113e-001  5.2340834e-001
  4.7534539e+001  5.6068114e-001  5.2382179e-001
  4.7598494e+001  6.1727006e-001  5.2400061e-001
  4.7662449e+001  6.1291987e-001  5.2358826e-001
  4.7726404e+001  5.5255182e-001  5.2340833e-001
  4.7790358e+001  4.9536976e-001  5.2381959e-001
  4.7854313e+001  5.0108202e-001  5.2400061e-001
  4.7918268e+001  5.3004938e-001  5.2359044e-001
  4.7982223e+001  4.6553525e-001  5.2340832e-001
  4.8046178e+001  2.8457380e-001  5.2381740e-001
  4.8110133e+001  1.3397331e-001  5.2400060e-001
  4.8174088e+001  1.6046566e-001  5.2359260e-001
  4.8238043e+001  3.2217646e-001  5.2340831e-001
  4.8301998e+001  4.5511708e-001  5.2381522e-001
  4.8365953e+001  4.8080461e-001  5.2400060e-001
  4.8429908e+001  4.5085758e-001  5.2359476e-001
  4.8493863e+001  4.2062367e-001  5.2340830e-001
  4.8557818e+001  3.9390471e-001  5.2381305e-001
  4.8621773e+001  3.9033573e-001  5.2400059e-001
  4.8685728e+001  4.5602873e-001  5.2359691e-001
  4.8749683e+001  5.7799085e-001  5.2340829e-001
  4.8813638e+001  6.6968223e-001  5.2381089e-001
  4.8877593e+001  6.7320526e-001  5.2400059e-001
  4.8941548e+001  6.1701069e-001  5.2359905e-001
  4.9005503e+001  5.5682516e-001  5.2340828e-001
  4.9069458e+001  5.1953547e-001  5.2380875e-001
  4.9133413e+001  5.1538342e-001  5.2400059e-001
  4.9197368e+001  5.3965986e-001  5.2360118e-001
  4.9261323e+001  5.4906090e-001  5.2340826e-001
  4.9325278e+001  5.0223002e-001  5.2380661e-001
  4.9389233e+001  4.3670133e-001  5.2400058e-001
  4.9453188e+001  4.3667177e-001  5.2360330e-001
  4.9517142e+001  5.1085210e-001  5.2340826e-001
  4.9581097e+001  5.7810825e-001  5.2380448e-001
  4.9645052e+001  5.9323436e-001  5.2400058e-001
  4.9709007e+001  6.0232077e-001  5.2360541e-001
  4.9772962e+001  6.3892560e-001  5.2340825e-001
  4.9836917e+001  6.4996896e-001  5.2380236e-001
  4.9900872e+001  5.7862788e-001  5.2400058e-001
  4.9964827e+001  4.5402619e-001  5.2360751e-001
  5.0028782e+001  3.4512390e-001  5.2340824e-001
  5.0092737e+001  2.8344756e-001  5.2380025e-001
  5.0156692e+001  2.7923219e-001  5.2400057e-001
  5.0220647e+001  3.5058592e-001  5.2360960e-001
  5.0284602e+001  4.7691509e-001  5.2340823e-001
  5.0348557e+001  5.7527479e-001  5.2379815e-001
  5.0412512e+001  5.8272394e-001  5.2400057e-001
  5.0476467e+001  5.2436447e-001  5.2361169e-001
  5.0540422e+001  4.6088335e-001  5.2340822e-001
  5.0604377e+001  4.2259948e-001  5.2379605e-001
  5.0668332e+001  4.3220764e-001  5.2400056e-001
  5.0732287e+001  5.1619382e-001  5.2361376e-001
  5.0796242e+001  6.3450964e-001  5.2340821e-001
  5.0860197e+001  6.7666718e-001  5.2379397e-001
  5.0924152e+001  6.0341928e-001  5.2400056e-001
  5.0988107e+001  5.1926782e-001  5.2361583e-001
  5.1052062e+001  5.2045984e-001  5.2340820e-001
  5.1116017e+001  5.5045847e-001  5.2379189e-001
  5.1179972e+001  5.1309683e-001  5.2400056e-001
  5.1243926e+001  4.5200325e-001  5.2361789e-001
  5.1307881e+001  4.7757439e-001  5.2340819e-001
  5.1371836e+001  5.6606159e-001  5.2378983e-001
  5.1435791e+001  5.8789344e-001  5.2400056e-001
  5.1499746e+001  5.1755859e-001  5.2361995e-001
  5.1563701e+001  4.5933530e-001  5.2340818e-001
  5.1627656e+001  4.6139650e-001  5.2378776e-001
  5.1691611e+001  4.6140293e-001  5.2400055e-001
  5.1755566e+001  4.4130069e-001  5.2362199e-001
  5.1819521e+001  4.7770163e-001  5.2340818e-001
  5.1883476e+001  5.8419669e-001  5.2378571e-001
  5.1947431e+001  6.4819425e-001  5.2400055e-001
  5.2011386e+001  5.9937337e-001  5.2362403e-001
  5.2075341e+001  5.1647434e-001  5.2340817e-001
  5.2139296e+001  4.8692411e-001  5.2378367e-001
  5.2203251e+001  4.7839436e-001  5.2400055e-001
  5.2267206e+001  4.4055735e-001  5.2362606e-001
  5.2331161e+001  4.2030753e-001  5.2340816e-001
  5.2395116e+001  4.6329817e-001  5.2378163e-001
  5.2459071e+001  4.9706389e-001  5.2400054e-001
  5.2523026e+001  4.3977626e-001  5.2362809e-001
  5.2586981e+001  3.5309950e-001  5.2340815e-001
  5.2650936e+001  3.5417341e-001  5.2377960e-001
  5.2714891e+001  4.2751650e-001  5.2400054e-001
  5.2778846e+001  4.6060099e-001  5.2363011e-001
  5.2842801e+001  4.3480104e-001  5.2340815e-001
  5.2906756e+001  4.4151767e-001  5.2377757e-001
  5.2970710e+001  5.1260427e-001  5.2400054e-001
  5.3034665e+001  5.6601925e-001  5.2363212e-001
  5.3098620e+001  5.4185362e-001  5.2340814e-001
  5.3162575e+001  4.8275274e-001  5.2377555e-001
  5.3226530e+001  4.4615340e-001  5.2400054e-001
  5.3290485e+001  4.2621381e-001  5.2363413e-001
  5.3354440e+001  3.9965247e-001  5.2340813e-001
  5.3418395e+001  3.7760866e-001  5.2377354e-001
  5.3482350e+001  3.7794636e-001  5.2400053e-001
  5.3546305e+001  4.0175547e-001  5.2363613e-001
  5.3610260e+001  4.5764042e-001  5.2340813e-001
  5.3674215e+001  5.5221917e-001  5.2377153e-001
  5.3738170e+001  6.4083697e-001  5.2400053e-001
  5.3802125e+001  6.5089495e-001  5.2363812e-001
  5.3866080e+001  5.7763105e-001  5.2340812e-001
  5.3930035e+001  4.9948456e-001  5.2376953e-001
  5.3993990e+001  4.7545485e-001  5.2400053e-001
  5.4057945e+001  4.8467030e-001  5.2364011e-001
  5.4121900e+001  4.9364365e-001  5.2340812e-001
  5.4185855e+001  5.2182091e-001  5.2376754e-001
  5.4249810e+001  5.9559674e-001  5.2400053e-001
  5.4313765e+001  6.7980405e-001  5.2364210e-001
  5.4377720e+001  7.0364873e-001  5.2340811e-001
  5.4441675e+001  6.3845602e-001  5.2376555e-001
  5.4505630e+001  5.2240205e-001  5.2400053e-001
  5.4569585e+001  4.2252655e-001  5.2364408e-001
  5.4633540e+001  3.8629412e-001  5.2340811e-001
  5.4697494e+001  4.1224231e-001  5.2376357e-001
  5.4761449e+001  4.5824621e-001  5.2400053e-001
  5.4825404e+001  4.9196355e-001  5.2364605e-001
  5.4889359e+001  5.2646174e-001  5.2340810e-001
  5.4953314e+001  5.8372147e-001  5.2376159e-001
  5.5017269e+001  6.4187551e-001  5.2400052e-001
  5.5081224e+001  6.6069093e-001  5.2364802e-001
  5.5145179e+001  6.4484306e-001  5.2340810e-001
  5.5209134e+001  6.2879725e-001  5.2375962e-001
  5.5273089e+001  6.0736797e-001  5.2400052e-001
  5.5337044e+001  5.4336203e-001  5.2364999e-001
  5.5400999e+001  4.4702485e-001  5.2340809e-001
  5.5464954e+001  3.8588815e-001  5.2375765e-001
  5.5528909e+001  4.0418998e-001  5.2400052e-001
  5.5592864e+001  4.8442120e-001  5.2365195e-001
  5.5656819e+001  5.8937547e-001  5.2340809e-001
  5.5720774e+001  6.8220067e-001  5.2375569e-001
  5.5784729e+001  7.1017246e-001  5.2400052e-001
  5.5848684e+001  6.4789812e-001  5.2365390e-001
  5.5912639e+001  5.6202952e-001  5.2340809e-001
  5.5976594e+001  5.4531182e-001  5.2375373e-001
  5.6040549e+001  5.7410072e-001  5.2400052e-001
  5.6104504e+001  5.3265375e-001  5.2365586e-001
  5.6168459e+001  4.0440128e-001  5.2340808e-001
  5.6232414e+001  3.2095345e-001  5.2375177e-001
  5.6296369e+001  3.6528489e-001  5.2400052e-001
  5.6360324e+001  4.4463829e-001  5.2365780e-001
  5.6424279e+001  4.4530455e-001  5.2340808e-001
  5.6488233e+001  4.0684061e-001  5.2374982e-001
  5.6552188e+001  4.2942365e-001  5.2400052e-001
  5.6616143e+001  4.9352547e-001  5.2365975e-001
  5.6680098e+001  5.0448291e-001  5.2340808e-001
  5.6744053e+001  4.6183318e-001  5.2374788e-001
  5.6808008e+001  4.4887997e-001  5.2400052e-001
  5.6871963e+001  4.8409065e-001  5.2366169e-001
  5.6935918e+001  5.1439354e-001  5.2340807e-001
  5.6999873e+001  5.4145076e-001  5.2374593e-001
  5.7063828e+001  6.2139925e-001  5.2400052e-001
  5.7127783e+001  7.3222993e-001  5.2366363e-001
  5.7191738e+001  7.6956181e-001  5.2340807e-001
  5.7255693e+001  7.0303106e-001  5.2374399e-001
  5.7319648e+001  6.2367654e-001  5.2400052e-001
  5.7383603e+001  5.9634890e-001  5.2366556e-001
  5.7447558e+001  5.6954497e-001  5.2340807e-001
  5.7511513e+001  4.8723511e-001  5.2374206e-001
  5.7575468e+001  4.0054681e-001  5.2400052e-001
  5.7639423e+001  3.9502523e-001  5.2366749e-001
  5.7703378e+001  4.6308992e-001  5.2340807e-001
  5.7767333e+001  5.1562340e-001  5.2374013e-001
  5.7831288e+001  4.9001251e-001  5.2400052e-001
  5.7895243e+001  4.0190756e-001  5.2366942e-001
  5.7959198e+001  3.1539276e-001  5.2340806e-001
  5.8023153e+001  2.9262960e-001  5.2373820e-001
  5.8087108e+001  3.4800212e-001  5.2400052e-001
  5.8151063e+001  4.3154920e-001  5.2367135e-001
  5.8215017e+001  4.8077209e-001  5.2340806e-001
  5.8278972e+001  4.9081210e-001  5.2373627e-001
  5.8342927e+001  4.9719103e-001  5.2400052e-001
  5.8406882e+001  4.9996104e-001  5.2367327e-001
  5.8470837e+001  4.7033064e-001  5.2340806e-001
  5.8534792e+001  4.3464567e-001  5.2373435e-001
  5.8598747e+001  4.6721484e-001  5.2400052e-001
  5.8662702e+001  5.6889909e-001  5.2367519e-001
  5.8726657e+001  6.3300747e-001  5.2340806e-001
  5.8790612e+001  5.8331735e-001  5.2373242e-001
  5.8854567e+001  4.8050893e-001  5.2400052e-001
  5.8918522e+001  4.3189608e-001  5.2367711e-001
  5.8982477e+001  4.4926133e-001  5.2340806e-001
  5.9046432e+001  4.6211232e-001  5.2373051e-001
  5.9110387e+001  4.3180668e-001  5.2400052e-001
  5.9174342e+001  3.8433118e-001  5.2367902e-001
  5.9238297e+001  3.5373122e-001  5.2340806e-001
  5.9302252e+001  3.5377808e-001  5.2372859e-001
  5.9366207e+001  3.9099956e-001  5.2400052e-001
  5.9430162e+001  4.5397609e-001  5.2368094e-001
  5.9494117e+001  4.9975904e-001  5.2340805e-001
  5.9558072e+001  4.9279321e-001  5.2372668e-001
  5.9622027e+001  4.4751791e-001  5.2400052e-001
  5.9685982e+001  4.0276944e-001  5.2368285e-001
  5.9749937e+001  3.7625390e-001  5.2340805e-001
  5.9813892e+001  3.7497754e-001  5.2372476e-001
  5.9877847e+001  4.1648577e-001  5.2400052e-001
  5.9941801e+001  4.9419292e-001  5.2368476e-001
  6.0005756e+001  5.5075951e-001  5.2340805e-001
  6.0069711e+001  5.3835245e-001  5.2372285e-001
  6.0133666e+001  4.8558299e-001  5.2400052e-001
  6.0197621e+001  4.5605885e-001  5.2368667e-001
  6.0261576e+001  4.6144434e-001  5.2340805e-001
  6.0325531e+001  4.6658705e-001  5.2372094e-001
  6.0389486e+001  4.5929442e-001  5.2400052e-001
  6.0453441e+001  4.5757161e-001  5.2368858e-001
  6.0517396e+001  4.6438127e-001  5.2340805e-001
  6.0581351e+001  4.7479759e-001  5.2371904e-001
  6.0645306e+001  5.1201174e-001  5.2400052e-001
  6.0709261e+001  5.8925038e-001  5.2369048e-001
  6.0773216e+001  6.4823221e-001  5.2340805e-001
  6.0837171e+001  6.1490320e-001  5.2371713e-001
  6.0901126e+001  5.2016651e-001  5.2400052e-001
  6.0965081e+001  4.8304083e-001  5.2369239e-001
  6.1029036e+001  5.5237058e-001  5.2340805e-001
  6.1092991e+001  6.4054071e-001  5.2371522e-001
  6.1156946e+001  6.4575821e-001  5.2400052e-001
  6.1220901e+001  5.7086139e-001  5.2369429e-001
  6.1284856e+001  4.8314149e-001  5.2340805e-001
  6.1348811e+001  4.2529731e-001  5.2371332e-001
  6.1412766e+001  4.1739999e-001  5.2400052e-001
  6.1476721e+001  4.8288003e-001  5.2369620e-001
  6.1540676e+001  6.0198032e-001  5.2340805e-001
  6.1604631e+001  6.8267984e-001  5.2371142e-001
  6.1668585e+001  6.5307186e-001  5.2400052e-001
  6.1732540e+001  5.5978503e-001  5.2369810e-001
  6.1796495e+001  5.0801613e-001  5.2340805e-001
  6.1860450e+001  5.2286602e-001  5.2370951e-001
  6.1924405e+001  5.3968073e-001  5.2400052e-001
  6.1988360e+001  5.2010011e-001  5.2370000e-001
  6.2052315e+001  4.9934980e-001  5.2340805e-001
  6.2116270e+001  5.0853141e-001  5.2370761e-001
  6.2180225e+001  5.2157249e-001  5.2400052e-001
  6.2244180e+001  5.0581496e-001  5.2370191e-001
  6.2308135e+001  4.6926595e-001  5.2340805e-001
  6.2372090e+001  4.2814040e-001  5.2370571e-001
  6.2436045e+001  3.7561579e-001  5.2400052e-001
  6.2500000e+001  3.1577149e-001  5.2370381e-001
