  -6.2628337e+01  -8.5817127e-02  -6.9940180e-04
  -6.2564201e+01  -5.9022033e-02  -1.1565236e-06
  -6.2500066e+01  -9.7791660e-03   6.9940160e-04
  -6.2435930e+01   1.3828632e-02   3.4695946e-06
  -6.2371795e+01   6.5317769e-03  -6.9940102e-04
  -6.2307659e+01  -1.2837623e-02  -5.7827376e-06
  -6.2243524e+01  -4.8050340e-02   6.9940005e-04
  -6.2179388e+01  -1.0892226e-01   8.0960008e-06
  -6.2115253e+01  -1.6763484e-01  -6.9939868e-04
  -6.2051117e+01  -1.7861668e-01  -1.0409432e-05
  -6.1986982e+01  -1.3701972e-01   6.9939693e-04
  -6.1922846e+01  -8.0063582e-02   1.2723079e-05
  -6.1858711e+01  -3.3771463e-02  -6.9939478e-04
  -6.1794575e+01   6.6941629e-03  -1.5036991e-05
  -6.1730440e+01   4.4862100e-02   6.9939225e-04
  -6.1666304e+01   6.6946148e-02   1.7351214e-05
  -6.1602169e+01   6.6426013e-02  -6.9938932e-04
  -6.1538033e+01   5.8120392e-02  -1.9665798e-05
  -6.1473898e+01   5.7010630e-02   6.9938601e-04
  -6.1409762e+01   6.0413519e-02   2.1980791e-05
  -6.1345627e+01   5.8963024e-02  -6.9938230e-04
  -6.1281492e+01   5.2610774e-02  -2.4296240e-05
  -6.1217356e+01   5.0178706e-02   6.9937821e-04
  -6.1153221e+01   6.0662239e-02   2.6612194e-05
  -6.1089085e+01   8.5043331e-02  -6.9937372e-04
  -6.1024950e+01   1.0992053e-01  -2.8928702e-05
  -6.0960814e+01   1.1372205e-01   6.9936884e-04
  -6.0896679e+01   8.8454984e-02   3.1245810e-05
  -6.0832543e+01   5.0676240e-02  -6.9936356e-04
  -6.0768408e+01   2.2194896e-02  -3.3563569e-05
  -6.0704272e+01   6.4904948e-03   6.9935790e-04
  -6.0640137e+01  -5.8255767e-03   3.5882025e-05
  -6.0576001e+01  -1.6411191e-02  -6.9935184e-04
  -6.0511866e+01  -1.8778994e-02  -3.8201229e-05
  -6.0447730e+01  -1.5834306e-02   6.9934538e-04
  -6.0383595e+01  -2.4407465e-02   4.0521227e-05
  -6.0319459e+01  -5.7971373e-02  -6.9933854e-04
  -6.0255324e+01  -1.0766369e-01  -4.2842070e-05
  -6.0191188e+01  -1.4115459e-01   6.9933129e-04
  -6.0127053e+01  -1.2492937e-01   4.5163804e-05
  -6.0062917e+01  -5.7282113e-02  -6.9932366e-04
  -5.9998782e+01   2.2021527e-02  -4.7486480e-05
  -5.9934646e+01   6.6931287e-02   6.9931562e-04
  -5.9870511e+01   6.9700658e-02   4.9810146e-05
  -5.9806375e+01   5.7735310e-02  -6.9930719e-04
  -5.9742240e+01   5.0754124e-02  -5.2134851e-05
  -5.9678104e+01   4.3820804e-02   6.9929836e-04
  -5.9613969e+01   3.3903221e-02   5.4460643e-05
  -5.9549833e+01   3.4819197e-02  -6.9928913e-04
  -5.9485698e+01   5.3791748e-02  -5.6787572e-05
  -5.9421562e+01   7.5490987e-02   6.9927951e-04
  -5.9357427e+01   8.1810751e-02   5.9115688e-05
  -5.9293291e+01   6.7902095e-02  -6.9926948e-04
  -5.9229156e+01   3.0915344e-02  -6.1445039e-05
  -5.9165020e+01  -2.8965638e-02   6.9925906e-04
  -5.9100885e+01  -8.2075976e-02   6.3775675e-05
  -5.9036749e+01  -7.7246062e-02  -6.9924823e-04
  -5.8972614e+01  -5.0896575e-03  -6.6107645e-05
  -5.8908478e+01   7.1102815e-02   6.9923700e-04
  -5.8844343e+01   8.2308778e-02   6.8440998e-05
  -5.8780207e+01   3.7289401e-02  -6.9922537e-04
  -5.8716072e+01   5.0797918e-03  -7.0775785e-05
  -5.8651937e+01   2.2273783e-02   6.9921333e-04
  -5.8587801e+01   5.3490350e-02   7.3112056e-05
  -5.8523666e+01   4.6593518e-02  -6.9920088e-04
  -5.8459530e+01  -3.8786961e-03  -7.5449860e-05
  -5.8395395e+01  -5.9402380e-02   6.9918803e-04
  -5.8331259e+01  -8.1769121e-02   7.7789247e-05
  -5.8267124e+01  -6.1220911e-02  -6.9917478e-04
  -5.8202988e+01  -1.4704517e-02  -8.0130268e-05
  -5.8138853e+01   2.7736674e-02   6.9916111e-04
  -5.8074717e+01   3.8758396e-02   8.2472973e-05
  -5.8010582e+01   1.0795481e-02  -6.9914703e-04
  -5.7946446e+01  -3.4732723e-02  -8.4817412e-05
  -5.7882311e+01  -6.0654426e-02   6.9913255e-04
  -5.7818175e+01  -4.8148862e-02   8.7163636e-05
  -5.7754040e+01  -1.9784650e-02  -6.9911765e-04
  -5.7689904e+01  -1.5693983e-02  -8.9511697e-05
  -5.7625769e+01  -4.0012404e-02   6.9910234e-04
  -5.7561633e+01  -4.8030600e-02   9.1861644e-05
  -5.7497498e+01  -2.9663623e-03  -6.9908661e-04
  -5.7433362e+01   7.0709345e-02  -9.4213529e-05
  -5.7369227e+01   1.1558698e-01   6.9907046e-04
  -5.7305091e+01   1.1053509e-01   9.6567403e-05
  -5.7240956e+01   8.0640661e-02  -6.9905390e-04
  -5.7176820e+01   4.7580146e-02  -9.8923319e-05
  -5.7112685e+01   1.0751333e-02   6.9903692e-04
  -5.7048549e+01  -2.1109573e-02   1.0128133e-04
  -5.6984414e+01  -2.4444475e-02  -6.9901952e-04
  -5.6920278e+01  -2.4171997e-03  -1.0364148e-04
  -5.6856143e+01   5.9282277e-03   6.9900170e-04
  -5.6792007e+01  -2.0933189e-02   1.0600383e-04
  -5.6727872e+01  -5.5310780e-02  -6.9898346e-04
  -5.6663736e+01  -6.2908287e-02  -1.0836842e-04
  -5.6599601e+01  -4.8297351e-02   6.9896479e-04
  -5.6535465e+01  -3.5373489e-02   1.1073532e-04
  -5.6471330e+01  -2.9647857e-02  -6.9894569e-04
  -5.6407194e+01  -2.5438240e-02  -1.1310457e-04
  -5.6343059e+01  -2.6970752e-02   6.9892616e-04
  -5.6278923e+01  -3.5100632e-02   1.1547622e-04
  -5.6214788e+01  -3.2014839e-02  -6.9890621e-04
  -5.6150652e+01  -5.9943497e-03  -1.1785034e-04
  -5.6086517e+01   2.3118497e-02   6.9888582e-04
  -5.6022382e+01   2.7240354e-02   1.2022697e-04
  -5.5958246e+01   7.0172878e-03  -6.9886500e-04
  -5.5894111e+01  -1.4133864e-02  -1.2260616e-04
  -5.5829975e+01  -2.0320090e-02   6.9884375e-04
  -5.5765840e+01  -1.0427309e-02   1.2498797e-04
  -5.5701704e+01   1.0452613e-02  -6.9882206e-04
  -5.5637569e+01   3.0286664e-02  -1.2737245e-04
  -5.5573433e+01   3.5610053e-02   6.9879993e-04
  -5.5509298e+01   3.2166551e-02   1.2975967e-04
  -5.5445162e+01   4.2542697e-02  -6.9877735e-04
  -5.5381027e+01   6.9808766e-02  -1.3214966e-04
  -5.5316891e+01   8.5820331e-02   6.9875434e-04
  -5.5252756e+01   7.2150723e-02   1.3454249e-04
  -5.5188620e+01   4.7680018e-02  -6.9873088e-04
  -5.5124485e+01   3.5192613e-02  -1.3693821e-04
  -5.5060349e+01   2.7759905e-02   6.9870698e-04
  -5.4996214e+01   1.5011220e-02   1.3933687e-04
  -5.4932078e+01   1.5866933e-02  -6.9868262e-04
  -5.4867943e+01   4.8905203e-02  -1.4173854e-04
  -5.4803807e+01   8.8073169e-02   6.9865782e-04
  -5.4739672e+01   8.6812416e-02   1.4414327e-04
  -5.4675536e+01   3.9581222e-02  -6.9863256e-04
  -5.4611401e+01  -1.2513633e-02  -1.4655110e-04
  -5.4547265e+01  -3.2566456e-02   6.9860684e-04
  -5.4483130e+01  -1.6591820e-02   1.4896211e-04
  -5.4418994e+01   2.2125745e-02  -6.9858067e-04
  -5.4354859e+01   6.6700669e-02  -1.5137634e-04
  -5.4290723e+01   9.4163666e-02   6.9855404e-04
  -5.4226588e+01   8.6205051e-02   1.5379385e-04
  -5.4162452e+01   4.9740321e-02  -6.9852695e-04
  -5.4098317e+01   1.2287608e-02  -1.5621470e-04
  -5.4034181e+01  -5.0040765e-03   6.9849939e-04
  -5.3970046e+01  -6.3347698e-04   1.5863895e-04
  -5.3905910e+01   1.4282736e-02  -6.9847136e-04
  -5.3841775e+01   2.3385776e-02  -1.6106665e-04
  -5.3777639e+01   1.2382441e-02   6.9844286e-04
  -5.3713504e+01  -1.6495172e-02   1.6349786e-04
  -5.3649368e+01  -4.0927788e-02  -6.9841390e-04
  -5.3585233e+01  -3.9114116e-02  -1.6593265e-04
  -5.3521097e+01  -9.0996616e-03   6.9838445e-04
  -5.3456962e+01   3.6563555e-02   1.6837106e-04
  -5.3392827e+01   8.3219771e-02  -6.9835453e-04
  -5.3328691e+01   1.1554417e-01  -1.7081315e-04
  -5.3264556e+01   1.2295543e-01   6.9832413e-04
  -5.3200420e+01   1.1278958e-01   1.7325900e-04
  -5.3136285e+01   1.0293567e-01  -6.9829325e-04
  -5.3072149e+01   9.4853210e-02  -1.7570865e-04
  -5.3008014e+01   7.3233488e-02   6.9826188e-04
  -5.2943878e+01   3.8573565e-02   1.7816217e-04
  -5.2879743e+01   1.4055300e-02  -6.9823002e-04
  -5.2815607e+01   8.6974815e-03  -1.8061961e-04
  -5.2751472e+01   2.1370155e-03   6.9819768e-04
  -5.2687336e+01  -1.7514394e-02   1.8308104e-04
  -5.2623201e+01  -2.9843361e-02  -6.9816483e-04
  -5.2559065e+01  -1.7704203e-02  -1.8554651e-04
  -5.2494930e+01   9.3854418e-04   6.9813149e-04
  -5.2430794e+01   2.4004750e-03   1.8801610e-04
  -5.2366659e+01  -4.9905188e-03  -6.9809765e-04
  -5.2302523e+01   1.6175848e-03  -1.9048985e-04
  -5.2238388e+01   2.5307721e-02   6.9806331e-04
  -5.2174252e+01   5.5690759e-02   1.9296784e-04
  -5.2110117e+01   8.6193766e-02  -6.9802846e-04
  -5.2045981e+01   1.0241301e-01  -1.9545013e-04
  -5.1981846e+01   8.2127200e-02   6.9799310e-04
  -5.1917710e+01   3.5603322e-02   1.9793677e-04
  -5.1853575e+01   1.5178310e-02  -6.9795722e-04
  -5.1789439e+01   4.8169379e-02  -2.0042783e-04
  -5.1725304e+01   8.8653599e-02   6.9792083e-04
  -5.1661168e+01   7.9047222e-02   2.0292338e-04
  -5.1597033e+01   3.4554024e-02  -6.9788392e-04
  -5.1532897e+01   1.5289195e-02  -2.0542347e-04
  -5.1468762e+01   3.1363554e-02   6.9784649e-04
  -5.1404626e+01   3.2983904e-02   2.0792818e-04
  -5.1340491e+01  -7.6648147e-03  -6.9780853e-04
  -5.1276355e+01  -5.8821730e-02  -2.1043757e-04
  -5.1212220e+01  -8.1778214e-02   6.9777004e-04
  -5.1148084e+01  -7.5729393e-02   2.1295170e-04
  -5.1083949e+01  -5.7155125e-02  -6.9773102e-04
  -5.1019813e+01  -3.2330512e-02  -2.1547064e-04
  -5.0955678e+01  -5.7113803e-03   6.9769145e-04
  -5.0891542e+01   1.4342251e-02   2.1799446e-04
  -5.0827407e+01   3.1948590e-02  -6.9765135e-04
  -5.0763272e+01   6.0645344e-02  -2.2052322e-04
  -5.0699136e+01   9.3641832e-02   6.9761071e-04
  -5.0635001e+01   1.0275742e-01   2.2305698e-04
  -5.0570865e+01   7.9347832e-02  -6.9756951e-04
  -5.0506730e+01   5.2450518e-02  -2.2559583e-04
  -5.0442594e+01   4.9983354e-02   6.9752776e-04
  -5.0378459e+01   5.9712797e-02   2.2813982e-04
  -5.0314323e+01   4.6492869e-02  -6.9748545e-04
  -5.0250188e+01  -1.3435086e-03  -2.3068903e-04
  -5.0186052e+01  -5.7618106e-02   6.9744259e-04
  -5.0121917e+01  -8.7209021e-02   2.3324351e-04
  -5.0057781e+01  -7.9833423e-02  -6.9739916e-04
  -4.9993646e+01  -5.4234447e-02  -2.3580336e-04
  -4.9929510e+01  -3.3986196e-02   6.9735516e-04
  -4.9865375e+01  -2.5692243e-02   2.3836862e-04
  -4.9801239e+01  -2.4641440e-02  -6.9731058e-04
  -4.9737104e+01  -3.2449018e-02  -2.4093938e-04
  -4.9672968e+01  -5.2231273e-02   6.9726543e-04
  -4.9608833e+01  -6.8965008e-02   2.4351570e-04
  -4.9544697e+01  -5.8731476e-02  -6.9721970e-04
  -4.9480562e+01  -2.5029838e-02  -2.4609766e-04
  -4.9416426e+01  -2.9487585e-03   6.9717338e-04
  -4.9352291e+01  -1.4373345e-02   2.4868533e-04
  -4.9288155e+01  -3.9348320e-02  -6.9712647e-04
  -4.9224020e+01  -4.6015509e-02  -2.5127878e-04
  -4.9159884e+01  -2.9227067e-02   6.9707896e-04
  -4.9095749e+01  -5.0846730e-03   2.5387809e-04
  -4.9031613e+01   1.1211168e-02  -6.9703086e-04
  -4.8967478e+01   5.4170698e-03  -2.5648332e-04
  -4.8903342e+01  -3.4261294e-02   6.9698215e-04
  -4.8839207e+01  -9.3675973e-02   2.5909456e-04
  -4.8775071e+01  -1.3019186e-01  -6.9693283e-04
  -4.8710936e+01  -1.1565720e-01  -2.6171188e-04
  -4.8646800e+01  -6.6167287e-02   6.9688289e-04
  -4.8582665e+01  -1.4123400e-02   2.6433535e-04
  -4.8518529e+01   2.5138724e-02  -6.9683234e-04
  -4.8454394e+01   4.1600908e-02  -2.6696506e-04
  -4.8390258e+01   1.8456184e-02   6.9678116e-04
  -4.8326123e+01  -3.8155526e-02   2.6960107e-04
  -4.8261987e+01  -8.5124895e-02  -6.9672935e-04
  -4.8197852e+01  -9.1871174e-02  -2.7224347e-04
  -4.8133717e+01  -7.9374398e-02   6.9667690e-04
  -4.8069581e+01  -7.5830938e-02   2.7489234e-04
  -4.8005446e+01  -6.1824100e-02  -6.9662382e-04
  -4.7941310e+01  -4.3725980e-03  -2.7754774e-04
  -4.7877175e+01   7.6178189e-02   6.9657009e-04
  -4.7813039e+01   1.2357790e-01   2.8020977e-04
  -4.7748904e+01   1.1829407e-01  -6.9651571e-04
  -4.7684768e+01   8.6079936e-02  -2.8287851e-04
  -4.7620633e+01   4.5325115e-02   6.9646067e-04
  -4.7556497e+01  -2.6173090e-03   2.8555402e-04
  -4.7492362e+01  -3.5507726e-02  -6.9640497e-04
  -4.7428226e+01  -1.9098715e-02  -2.8823641e-04
  -4.7364091e+01   3.5421880e-02   6.9634860e-04
  -4.7299955e+01   6.9528524e-02   2.9092574e-04
  -4.7235820e+01   4.9283867e-02  -6.9629156e-04
  -4.7171684e+01   3.7277822e-03  -2.9362210e-04
  -4.7107549e+01  -2.1504777e-02   6.9623384e-04
  -4.7043413e+01  -1.5921566e-02   2.9632558e-04
  -4.6979278e+01   3.7700973e-03  -6.9617543e-04
  -4.6915142e+01   2.2622514e-02  -2.9903626e-04
  -4.6851007e+01   3.1507177e-02   6.9611633e-04
  -4.6786871e+01   2.4423948e-02   3.0175422e-04
  -4.6722736e+01   6.0492750e-03  -6.9605653e-04
  -4.6658600e+01  -1.2520547e-02  -3.0447956e-04
  -4.6594465e+01  -3.0397094e-02   6.9599603e-04
  -4.6530329e+01  -5.3370947e-02   3.0721235e-04
  -4.6466194e+01  -7.4572957e-02  -6.9593482e-04
  -4.6402058e+01  -7.9097024e-02  -3.0995269e-04
  -4.6337923e+01  -6.6653251e-02   6.9587289e-04
  -4.6273787e+01  -4.7215944e-02   3.1270066e-04
  -4.6209652e+01  -1.6710294e-02  -6.9581024e-04
  -4.6145516e+01   3.5843641e-02  -3.1545635e-04
  -4.6081381e+01   9.5990890e-02   6.9574686e-04
  -4.6017245e+01   1.2744984e-01   3.1821986e-04
  -4.5953110e+01   1.1529173e-01  -6.9568274e-04
  -4.5888974e+01   8.2762654e-02  -3.2099128e-04
  -4.5824839e+01   5.9393742e-02   6.9561788e-04
  -4.5760703e+01   5.3225861e-02   3.2377069e-04
  -4.5696568e+01   5.8525211e-02  -6.9555226e-04
  -4.5632432e+01   6.9073086e-02  -3.2655819e-04
  -4.5568297e+01   7.7570797e-02   6.9548589e-04
  -4.5504162e+01   8.0038801e-02   3.2935387e-04
  -4.5440026e+01   8.4952192e-02  -6.9541875e-04
  -4.5375891e+01   1.0149661e-01  -3.3215783e-04
  -4.5311755e+01   1.1777180e-01   6.9535084e-04
  -4.5247620e+01   1.0873479e-01   3.3497016e-04
  -4.5183484e+01   6.7301188e-02  -6.9528215e-04
  -4.5119349e+01   1.1486409e-02  -3.3779096e-04
  -4.5055213e+01  -3.7695829e-02   6.9521267e-04
  -4.4991078e+01  -6.8199724e-02   3.4062032e-04
  -4.4926942e+01  -7.1049696e-02  -6.9514240e-04
  -4.4862807e+01  -4.4317697e-02  -3.4345835e-04
  -4.4798671e+01  -3.7103596e-03   6.9507132e-04
  -4.4734536e+01   2.8197170e-02   3.4630514e-04
  -4.4670400e+01   4.2215578e-02  -6.9499944e-04
  -4.4606265e+01   3.8831915e-02  -3.4916079e-04
  -4.4542129e+01   1.4998042e-02   6.9492673e-04
  -4.4477994e+01  -2.3819077e-02   3.5202541e-04
  -4.4413858e+01  -4.8866021e-02  -6.9485320e-04
  -4.4349723e+01  -3.3832292e-02  -3.5489909e-04
  -4.4285587e+01   7.9845477e-03   6.9477883e-04
  -4.4221452e+01   3.7440914e-02   3.5778195e-04
  -4.4157316e+01   3.6403093e-02  -6.9470362e-04
  -4.4093181e+01   1.6367566e-02  -3.6067407e-04
  -4.4029045e+01  -1.1334834e-02   6.9462755e-04
  -4.3964910e+01  -4.1936116e-02   3.6357558e-04
  -4.3900774e+01  -5.8348035e-02  -6.9455062e-04
  -4.3836639e+01  -4.2887806e-02  -3.6648656e-04
  -4.3772503e+01  -1.2234702e-02   6.9447283e-04
  -4.3708368e+01  -6.4345805e-03   3.6940714e-04
  -4.3644232e+01  -3.3804993e-02  -6.9439415e-04
  -4.3580097e+01  -5.6922753e-02  -3.7233742e-04
  -4.3515961e+01  -4.4370138e-02   6.9431459e-04
  -4.3451826e+01  -8.5923925e-03   3.7527752e-04
  -4.3387690e+01   2.1062779e-02  -6.9423413e-04
  -4.3323555e+01   3.8148217e-02  -3.7822753e-04
  -4.3259419e+01   5.5507827e-02   6.9415276e-04
  -4.3195284e+01   7.9880341e-02   3.8118757e-04
  -4.3131148e+01   1.0502022e-01  -6.9407048e-04
  -4.3067013e+01   1.1799331e-01  -3.8415776e-04
  -4.3002877e+01   1.0303149e-01   6.9398727e-04
  -4.2938742e+01   5.2122576e-02   3.8713821e-04
  -4.2874607e+01  -1.8290835e-02  -6.9390312e-04
  -4.2810471e+01  -7.0091198e-02  -3.9012904e-04
  -4.2746336e+01  -7.1329673e-02   6.9381803e-04
  -4.2682200e+01  -2.0395086e-02   3.9313036e-04
  -4.2618065e+01   5.3405895e-02  -6.9373198e-04
  -4.2553929e+01   1.0774857e-01  -3.9614228e-04
  -4.2489794e+01   1.1629305e-01   6.9364497e-04
  -4.2425658e+01   9.3260764e-02   3.9916494e-04
  -4.2361523e+01   8.0313359e-02  -6.9355698e-04
  -4.2297387e+01   9.5747619e-02  -4.0219845e-04
  -4.2233252e+01   1.1070109e-01   6.9346800e-04
  -4.2169116e+01   9.4383337e-02   4.0524293e-04
  -4.2104981e+01   6.4408030e-02  -6.9337802e-04
  -4.2040845e+01   6.0929956e-02  -4.0829851e-04
  -4.1976710e+01   8.2574575e-02   6.9328704e-04
  -4.1912574e+01   8.6378038e-02   4.1136530e-04
  -4.1848439e+01   5.1114549e-02  -6.9319503e-04
  -4.1784303e+01   5.0593470e-03  -4.1444344e-04
  -4.1720168e+01  -1.4741705e-02   6.9310199e-04
  -4.1656032e+01   8.8522257e-04   4.1753306e-04
  -4.1591897e+01   4.3824991e-02  -6.9300791e-04
  -4.1527761e+01   1.0289088e-01  -4.2063428e-04
  -4.1463626e+01   1.5403000e-01   6.9291277e-04
  -4.1399490e+01   1.6543672e-01   4.2374723e-04
  -4.1335355e+01   1.3307769e-01  -6.9281656e-04
  -4.1271219e+01   9.3879693e-02  -4.2687204e-04
  -4.1207084e+01   8.6404647e-02   6.9271928e-04
  -4.1142948e+01   1.0910109e-01   4.3000885e-04
  -4.1078813e+01   1.2864221e-01  -6.9262090e-04
  -4.1014677e+01   1.1952148e-01  -4.3315780e-04
  -4.0950542e+01   8.5957824e-02   6.9252142e-04
  -4.0886406e+01   5.1729014e-02   4.3631901e-04
  -4.0822271e+01   3.4658617e-02  -6.9242082e-04
  -4.0758135e+01   2.7798544e-02  -4.3949263e-04
  -4.0694000e+01   6.9599337e-03   6.9231909e-04
  -4.0629864e+01  -3.8199722e-02   4.4267879e-04
  -4.0565729e+01  -8.7436169e-02  -6.9221622e-04
  -4.0501593e+01  -1.1343367e-01  -4.4587765e-04
  -4.0437458e+01  -1.1269586e-01   6.9211219e-04
  -4.0373322e+01  -9.9370114e-02   4.4908933e-04
  -4.0309187e+01  -7.8282502e-02  -6.9200699e-04
  -4.0245052e+01  -4.2702906e-02  -4.5231399e-04
  -4.0180916e+01   7.1343865e-03   6.9190061e-04
  -4.0116781e+01   6.0924080e-02   4.5555177e-04
  -4.0052645e+01   1.0816505e-01  -6.9179303e-04
  -3.9988510e+01   1.3590223e-01  -4.5880282e-04
  -3.9924374e+01   1.2711523e-01   6.9168423e-04
  -3.9860239e+01   8.1633184e-02   4.6206728e-04
  -3.9796103e+01   2.9365123e-02  -6.9157421e-04
  -3.9731968e+01   1.2920876e-04  -4.6534532e-04
  -3.9667832e+01  -1.2488803e-02   6.9146295e-04
  -3.9603697e+01  -3.5489321e-02   4.6863708e-04
  -3.9539561e+01  -7.3720455e-02  -6.9135043e-04
  -3.9475426e+01  -1.0706791e-01  -4.7194272e-04
  -3.9411290e+01  -1.2214945e-01   6.9123664e-04
  -3.9347155e+01  -1.2134643e-01   4.7526240e-04
  -3.9283019e+01  -1.0818244e-01  -6.9112156e-04
  -3.9218884e+01  -9.0127060e-02  -4.7859627e-04
  -3.9154748e+01  -8.6407747e-02   6.9100517e-04
  -3.9090613e+01  -1.0213254e-01   4.8194449e-04
  -3.9026477e+01  -1.0277173e-01  -6.9088747e-04
  -3.8962342e+01  -5.0247575e-02  -4.8530724e-04
  -3.8898206e+01   3.8032395e-02   6.9076843e-04
  -3.8834071e+01   1.0213885e-01   4.8868467e-04
  -3.8769935e+01   1.1261380e-01  -6.9064804e-04
  -3.8705800e+01   9.5094701e-02  -4.9207695e-04
  -3.8641664e+01   7.9456374e-02   6.9052628e-04
  -3.8577529e+01   6.3175189e-02   4.9548425e-04
  -3.8513393e+01   3.6396250e-02  -6.9040313e-04
  -3.8449258e+01   8.8612550e-03  -4.9890674e-04
  -3.8385122e+01  -4.7790368e-03   6.9027858e-04
  -3.8320987e+01  -1.5017539e-03   5.0234460e-04
  -3.8256851e+01   1.9245600e-02  -6.9015260e-04
  -3.8192716e+01   5.5561536e-02  -5.0579800e-04
  -3.8128580e+01   8.4462001e-02   6.9002519e-04
  -3.8064445e+01   7.3013103e-02   5.0926712e-04
  -3.8000309e+01   2.4397777e-02  -6.8989631e-04
  -3.7936174e+01  -1.2987343e-02  -5.1275213e-04
  -3.7872038e+01  -2.4919103e-03   6.8976596e-04
  -3.7807903e+01   3.4450789e-02   5.1625323e-04
  -3.7743767e+01   4.9033623e-02  -6.8963411e-04
  -3.7679632e+01   2.6599117e-02  -5.1977060e-04
  -3.7615497e+01  -4.5967532e-03   6.8950075e-04
  -3.7551361e+01  -1.9039727e-02   5.2330442e-04
  -3.7487226e+01  -2.7695809e-02  -6.8936585e-04
  -3.7423090e+01  -6.0508747e-02  -5.2685488e-04
  -3.7358955e+01  -1.2257349e-01   6.8922939e-04
  -3.7294819e+01  -1.7666670e-01   5.3042217e-04
  -3.7230684e+01  -1.7790110e-01  -6.8909136e-04
  -3.7166548e+01  -1.2492779e-01  -5.3400650e-04
  -3.7102413e+01  -6.0862534e-02   6.8895173e-04
  -3.7038277e+01  -1.6713895e-02   5.3760806e-04
  -3.6974142e+01   2.3091132e-02  -6.8881049e-04
  -3.6910006e+01   7.8927995e-02  -5.4122704e-04
  -3.6845871e+01   1.2338828e-01   6.8866760e-04
  -3.6781735e+01   1.0775647e-01   5.4486366e-04
  -3.6717600e+01   3.3225056e-02  -6.8852305e-04
  -3.6653464e+01  -4.3336649e-02  -5.4851811e-04
  -3.6589329e+01  -7.9649847e-02   6.8837682e-04
  -3.6525193e+01  -9.0940940e-02   5.5219060e-04
  -3.6461058e+01  -1.1175095e-01  -6.8822888e-04
  -3.6396922e+01  -1.4260980e-01  -5.5588135e-04
  -3.6332787e+01  -1.5242669e-01   6.8807921e-04
  -3.6268651e+01  -1.1934214e-01   5.5959057e-04
  -3.6204516e+01  -5.5569559e-02  -6.8792779e-04
  -3.6140380e+01   3.1362168e-03  -5.6331847e-04
  -3.6076245e+01   2.9565619e-02   6.8777459e-04
  -3.6012109e+01   3.1018971e-02   5.6706528e-04
  -3.5947974e+01   3.7997237e-02  -6.8761958e-04
  -3.5883838e+01   6.0739086e-02  -5.7083122e-04
  -3.5819703e+01   7.1325073e-02   6.8746275e-04
  -3.5755567e+01   4.4000434e-02   5.7461651e-04
  -3.5691432e+01  -3.2749513e-03  -6.8730407e-04
  -3.5627296e+01  -3.1091673e-02  -5.7842138e-04
  -3.5563161e+01  -2.9082089e-02   6.8714351e-04
  -3.5499025e+01  -1.6938219e-02   5.8224607e-04
  -3.5434890e+01  -6.5174061e-03  -6.8698105e-04
  -3.5370754e+01   4.9052730e-03  -5.8609081e-04
  -3.5306619e+01   9.8918046e-03   6.8681665e-04
  -3.5242483e+01  -6.4645504e-03   5.8995583e-04
  -3.5178348e+01  -3.8120469e-02  -6.8665030e-04
  -3.5114212e+01  -6.0908550e-02  -5.9384139e-04
  -3.5050077e+01  -6.4154865e-02   6.8648196e-04
  -3.4985942e+01  -5.4201282e-02   5.9774773e-04
  -3.4921806e+01  -3.1765807e-02  -6.8631160e-04
  -3.4857671e+01   2.7957144e-03  -6.0167509e-04
  -3.4793535e+01   2.5653256e-02   6.8613921e-04
  -3.4729400e+01   8.5111127e-03   6.0562373e-04
  -3.4665264e+01  -3.4655540e-02  -6.8596474e-04
  -3.4601129e+01  -5.6539795e-02  -6.0959391e-04
  -3.4536993e+01  -4.1771851e-02   6.8578816e-04
  -3.4472858e+01  -2.8971891e-02   6.1358588e-04
  -3.4408722e+01  -5.2301576e-02  -6.8560946e-04
  -3.4344587e+01  -9.0328731e-02  -6.1759991e-04
  -3.4280451e+01  -9.4327393e-02   6.8542859e-04
  -3.4216316e+01  -5.0016530e-02   6.2163627e-04
  -3.4152180e+01   6.7814860e-03  -6.8524552e-04
  -3.4088045e+01   2.7652522e-02  -6.2569522e-04
  -3.4023909e+01  -3.8639652e-03   6.8506023e-04
  -3.3959774e+01  -5.8069377e-02   6.2977705e-04
  -3.3895638e+01  -8.6640184e-02  -6.8487268e-04
  -3.3831503e+01  -6.9711548e-02  -6.3388203e-04
  -3.3767367e+01  -3.0753461e-02   6.8468283e-04
  -3.3703232e+01   3.5732005e-04   6.3801045e-04
  -3.3639096e+01   2.2162346e-02  -6.8449065e-04
  -3.3574961e+01   4.4788874e-02  -6.4216259e-04
  -3.3510825e+01   5.9500153e-02   6.8429611e-04
  -3.3446690e+01   5.1396057e-02   6.4633875e-04
  -3.3382554e+01   2.6160603e-02  -6.8409917e-04
  -3.3318419e+01  -4.8414951e-03  -6.5053922e-04
  -3.3254283e+01  -4.9576297e-02   6.8389980e-04
  -3.3190148e+01  -1.1137201e-01   6.5476431e-04
  -3.3126012e+01  -1.5580955e-01  -6.8369795e-04
  -3.3061877e+01  -1.4284263e-01  -6.5901432e-04
  -3.2997741e+01  -8.2841290e-02   6.8349360e-04
  -3.2933606e+01  -1.9963832e-02   6.6328956e-04
  -3.2869470e+01   3.0135309e-02  -6.8328670e-04
  -3.2805335e+01   7.9312526e-02  -6.6759035e-04
  -3.2741199e+01   1.1250297e-01   6.8307721e-04
  -3.2677064e+01   9.3409298e-02   6.7191701e-04
  -3.2612928e+01   3.2960733e-02  -6.8286509e-04
  -3.2548793e+01  -3.5973496e-03  -6.7626985e-04
  -3.2484657e+01   2.1218644e-02   6.8265031e-04
  -3.2420522e+01   7.1974542e-02   6.8064922e-04
  -3.2356387e+01   9.7883579e-02  -6.8243281e-04
  -3.2292251e+01   9.5436158e-02  -6.8505545e-04
  -3.2228116e+01   9.0399281e-02   6.8221257e-04
  -3.2163980e+01   9.2124413e-02   6.8948888e-04
  -3.2099845e+01   9.0916276e-02  -6.8198953e-04
  -3.2035709e+01   7.5079337e-02  -6.9394985e-04
  -3.1971574e+01   3.2125494e-02   6.8176365e-04
  -3.1907438e+01  -4.1451139e-02   6.9843871e-04
  -3.1843303e+01  -1.1659780e-01  -6.8153489e-04
  -3.1779167e+01  -1.4578014e-01  -7.0295583e-04
  -3.1715032e+01  -1.1718131e-01   6.8130320e-04
  -3.1650896e+01  -6.9497960e-02   7.0750156e-04
  -3.1586761e+01  -3.9381974e-02  -6.8106853e-04
  -3.1522625e+01  -2.2383301e-02  -7.1207627e-04
  -3.1458490e+01  -3.8542148e-04   6.8083084e-04
  -3.1394354e+01   2.3656423e-02   7.1668035e-04
  -3.1330219e+01   3.9253550e-02  -6.8059008e-04
  -3.1266083e+01   4.9963351e-02  -7.2131416e-04
  -3.1201948e+01   5.9413997e-02   6.8034619e-04
  -3.1137812e+01   5.7658856e-02   7.2597809e-04
  -3.1073677e+01   4.1157312e-02  -6.8009913e-04
  -3.1009541e+01   2.5549146e-02  -7.3067255e-04
  -3.0945406e+01   1.9497194e-02   6.7984884e-04
  -3.0881270e+01   6.0918725e-03   7.3539792e-04
  -3.0817135e+01  -2.9379983e-02  -6.7959527e-04
  -3.0752999e+01  -7.0744611e-02  -7.4015461e-04
  -3.0688864e+01  -9.0812314e-02   6.7933838e-04
  -3.0624728e+01  -8.6566054e-02   7.4494304e-04
  -3.0560593e+01  -7.5671388e-02  -6.7907809e-04
  -3.0496457e+01  -6.8198210e-02  -7.4976363e-04
  -3.0432322e+01  -5.8721719e-02   6.7881436e-04
  -3.0368186e+01  -4.0088807e-02   7.5461679e-04
  -3.0304051e+01  -1.2268214e-02  -6.7854713e-04
  -3.0239915e+01   1.8342343e-02  -7.5950298e-04
  -3.0175780e+01   4.0627024e-02   6.7827633e-04
  -3.0111644e+01   4.3434623e-02   7.6442262e-04
  -3.0047509e+01   2.2552559e-02  -6.7800192e-04
  -2.9983373e+01  -1.8239607e-02  -7.6937617e-04
  -2.9919238e+01  -6.8683644e-02   6.7772382e-04
  -2.9855102e+01  -1.1045861e-01   7.7436407e-04
  -2.9790967e+01  -1.2535345e-01  -6.7744198e-04
  -2.9726831e+01  -1.1545391e-01  -7.7938681e-04
  -2.9662696e+01  -1.0172175e-01   6.7715632e-04
  -2.9598561e+01  -8.9206683e-02   7.8444484e-04
  -2.9534425e+01  -5.3591491e-02  -6.7686680e-04
  -2.9470290e+01   1.4954064e-02  -7.8953865e-04
  -2.9406154e+01   7.6133325e-02   6.7657333e-04
  -2.9342019e+01   8.2563855e-02   7.9466873e-04
  -2.9277883e+01   4.4914814e-02  -6.7627585e-04
  -2.9213748e+01   1.6150316e-02  -7.9983557e-04
  -2.9149612e+01   1.9143749e-02   6.7597428e-04
  -2.9085477e+01   2.9471828e-02   8.0503968e-04
  -2.9021341e+01   2.5337325e-02  -6.7566857e-04
  -2.8957206e+01   1.2004232e-02  -8.1028158e-04
  -2.8893070e+01  -5.2342815e-03   6.7535863e-04
  -2.8828935e+01  -3.0559629e-02   8.1556178e-04
  -2.8764799e+01  -5.1759923e-02  -6.7504440e-04
  -2.8700664e+01  -4.1298826e-02  -8.2088083e-04
  -2.8636528e+01   5.4569079e-03   6.7472578e-04
  -2.8572393e+01   6.0876322e-02   8.2623925e-04
  -2.8508257e+01   9.9583513e-02  -6.7440271e-04
  -2.8444122e+01   1.1701769e-01  -8.3163762e-04
  -2.8379986e+01   1.1515759e-01   6.7407511e-04
  -2.8315851e+01   9.9522029e-02   8.3707648e-04
  -2.8251715e+01   8.7194726e-02  -6.7374288e-04
  -2.8187580e+01   8.5199846e-02  -8.4255641e-04
  -2.8123444e+01   6.5796493e-02   6.7340596e-04
  -2.8059309e+01   3.3985613e-04   8.4807799e-04
  -2.7995173e+01  -8.6340177e-02  -6.7306425e-04
  -2.7931038e+01  -1.3539689e-01  -8.5364182e-04
  -2.7866902e+01  -1.2543207e-01   6.7271767e-04
  -2.7802767e+01  -8.5285763e-02   8.5924851e-04
  -2.7738631e+01  -4.3001268e-02  -6.7236613e-04
  -2.7674496e+01  -9.3653236e-03  -8.6489866e-04
  -2.7610360e+01  -4.7882860e-03   6.7200952e-04
  -2.7546225e+01  -4.3029413e-02   8.7059290e-04
  -2.7482089e+01  -8.3670728e-02  -6.7164777e-04
  -2.7417954e+01  -6.1483817e-02  -8.7633188e-04
  -2.7353818e+01   2.2204445e-02   6.7128078e-04
  -2.7289683e+01   9.1538838e-02   8.8211624e-04
  -2.7225547e+01   9.3756861e-02  -6.7090844e-04
  -2.7161412e+01   5.1569732e-02  -8.8794665e-04
  -2.7097276e+01   6.1502752e-03   6.7053066e-04
  -2.7033141e+01  -3.0854494e-02   8.9382378e-04
  -2.6969006e+01  -4.8701888e-02  -6.7014732e-04
  -2.6904870e+01  -2.6496904e-02  -8.9974832e-04
  -2.6840735e+01   1.6113645e-02   6.6975834e-04
  -2.6776599e+01   1.6281176e-02   9.0572097e-04
  -2.6712464e+01  -4.3885924e-02  -6.6936359e-04
  -2.6648328e+01  -9.7847559e-02  -9.1174245e-04
  -2.6584193e+01  -8.5544904e-02   6.6896297e-04
  -2.6520057e+01  -3.6991518e-02   9.1781349e-04
  -2.6455922e+01  -1.9381306e-02  -6.6855636e-04
  -2.6391786e+01  -4.1536270e-02  -9.2393482e-04
  -2.6327651e+01  -5.9772790e-02   6.6814366e-04
  -2.6263515e+01  -4.7495766e-02   9.3010722e-04
  -2.6199380e+01  -1.3155648e-02  -6.6772472e-04
  -2.6135244e+01   2.5470813e-02  -9.3633144e-04
  -2.6071109e+01   4.3943551e-02   6.6729945e-04
  -2.6006973e+01   1.2758989e-02   9.4260828e-04
  -2.5942838e+01  -6.3677398e-02  -6.6686770e-04
  -2.5878702e+01  -1.3014555e-01  -9.4893854e-04
  -2.5814567e+01  -1.3808159e-01   6.6642936e-04
  -2.5750431e+01  -1.0076994e-01   9.5532304e-04
  -2.5686296e+01  -6.2434745e-02  -6.6598429e-04
  -2.5622160e+01  -3.9112867e-02  -9.6176262e-04
  -2.5558025e+01  -2.4191568e-02   6.6553235e-04
  -2.5493889e+01  -2.5310051e-02   9.6825813e-04
  -2.5429754e+01  -5.3580673e-02  -6.6507341e-04
  -2.5365618e+01  -9.2321379e-02  -9.7481043e-04
  -2.5301483e+01  -1.1358956e-01   6.6460733e-04
  -2.5237347e+01  -1.1437537e-01   9.8142042e-04
  -2.5173212e+01  -1.0784517e-01  -6.6413396e-04
  -2.5109076e+01  -9.4756716e-02  -9.8808901e-04
  -2.5044941e+01  -7.2120138e-02   6.6365314e-04
  -2.4980805e+01  -5.2900864e-02   9.9481711e-04
  -2.4916670e+01  -4.7583498e-02  -6.6316474e-04
  -2.4852534e+01  -4.2297413e-02  -1.0016057e-03
  -2.4788399e+01  -2.3814759e-02   6.6266858e-04
  -2.4724263e+01  -9.8470388e-03   1.0084557e-03
  -2.4660128e+01  -2.5098786e-02  -6.6216451e-04
  -2.4595992e+01  -6.1618786e-02  -1.0153680e-03
  -2.4531857e+01  -9.0858030e-02   6.6165237e-04
  -2.4467721e+01  -1.0106085e-01   1.0223438e-03
  -2.4403586e+01  -9.5909274e-02  -6.6113198e-04
  -2.4339451e+01  -7.1776227e-02  -1.0293841e-03
  -2.4275315e+01  -2.7140931e-02   6.6060317e-04
  -2.4211180e+01   1.5631867e-02   1.0364898e-03
  -2.4147044e+01   2.7217139e-02  -6.6006576e-04
  -2.4082909e+01   5.3814025e-03  -1.0436621e-03
  -2.4018773e+01  -2.9083524e-02   6.5951956e-04
  -2.3954638e+01  -6.1980978e-02   1.0509020e-03
  -2.3890502e+01  -9.0347190e-02  -6.5896439e-04
  -2.3826367e+01  -1.0683161e-01  -1.0582107e-03
  -2.3762231e+01  -1.0285166e-01   6.5840005e-04
  -2.3698096e+01  -8.4427184e-02   1.0655893e-03
  -2.3633960e+01  -6.6658529e-02  -6.5782635e-04
  -2.3569825e+01  -5.1742435e-02  -1.0730389e-03
  -2.3505689e+01  -2.2522596e-02   6.5724308e-04
  -2.3441554e+01   4.0501006e-02   1.0805608e-03
  -2.3377418e+01   1.3315035e-01  -6.5665002e-04
  -2.3313283e+01   2.1133551e-01  -1.0881562e-03
  -2.3249147e+01   2.1180418e-01   6.5604697e-04
  -2.3185012e+01   1.1374411e-01   1.0958263e-03
  -2.3120876e+01  -2.2323990e-02  -6.5543370e-04
  -2.3056741e+01  -1.0423141e-01  -1.1035724e-03
  -2.2992605e+01  -9.8415176e-02   6.5480997e-04
  -2.2928470e+01  -4.6129138e-02   1.1113958e-03
  -2.2864334e+01   2.3681236e-03  -6.5417557e-04
  -2.2800199e+01   2.9402738e-02  -1.1192978e-03
  -2.2736063e+01   2.8425440e-02   6.5353023e-04
  -2.2671928e+01  -3.9722643e-03   1.1272798e-03
  -2.2607792e+01  -3.7575446e-02  -6.5287373e-04
  -2.2543657e+01  -2.1453085e-02  -1.1353432e-03
  -2.2479521e+01   4.3881805e-02   6.5220579e-04
  -2.2415386e+01   9.0042525e-02   1.1434894e-03
  -2.2351250e+01   6.8296543e-02  -6.5152616e-04
  -2.2287115e+01   1.4236937e-02  -1.1517198e-03
  -2.2222979e+01  -1.1699878e-02   6.5083456e-04
  -2.2158844e+01  -1.2982423e-02   1.1600360e-03
  -2.2094708e+01  -4.0286802e-02  -6.5013072e-04
  -2.2030573e+01  -1.0592946e-01  -1.1684395e-03
  -2.1966437e+01  -1.5938312e-01   6.4941435e-04
  -2.1902302e+01  -1.4659266e-01   1.1769318e-03
  -2.1838166e+01  -6.8663621e-02  -6.4868516e-04
  -2.1774031e+01   1.6833526e-02  -1.1855145e-03
  -2.1709896e+01   4.3971899e-02   6.4794283e-04
  -2.1645760e+01   5.4675615e-04   1.1941893e-03
  -2.1581625e+01  -5.4033120e-02  -6.4718707e-04
  -2.1517489e+01  -5.4735216e-02  -1.2029578e-03
  -2.1453354e+01  -1.4783436e-02   6.4641753e-04
  -2.1389218e+01  -7.7213984e-03   1.2118218e-03
  -2.1325083e+01  -6.0343941e-02  -6.4563390e-04
  -2.1260947e+01  -1.1120577e-01  -1.2207831e-03
  -2.1196812e+01  -9.6403862e-02   6.4483582e-04
  -2.1132676e+01  -3.0558950e-02   1.2298433e-03
  -2.1068541e+01   2.7827239e-02  -6.4402295e-04
  -2.1004405e+01   5.0624709e-02  -1.2390045e-03
  -2.0940270e+01   4.4948262e-02   6.4319492e-04
  -2.0876134e+01   2.1625766e-02   1.2482684e-03
  -2.0811999e+01  -7.4542617e-05  -6.4235135e-04
  -2.0747863e+01   1.4539611e-02  -1.2576370e-03
  -2.0683728e+01   7.4928099e-02   6.4149186e-04
  -2.0619592e+01   1.3575669e-01   1.2671123e-03
  -2.0555457e+01   1.4314946e-01  -6.4061605e-04
  -2.0491321e+01   9.5632305e-02  -1.2766963e-03
  -2.0427186e+01   3.2340822e-02   6.3972351e-04
  -2.0363050e+01  -1.9040183e-02   1.2863911e-03
  -2.0298915e+01  -5.3895691e-02  -6.3881380e-04
  -2.0234779e+01  -6.9452027e-02  -1.2961989e-03
  -2.0170644e+01  -6.2046022e-02   6.3788650e-04
  -2.0106508e+01  -3.5549616e-02   1.3061219e-03
  -2.0042373e+01   4.5132686e-03  -6.3694115e-04
  -1.9978237e+01   5.0737230e-02  -1.3161623e-03
  -1.9914102e+01   8.0942596e-02   6.3597728e-04
  -1.9849966e+01   7.4303225e-02   1.3263224e-03
  -1.9785831e+01   4.9870003e-02  -6.3499440e-04
  -1.9721695e+01   5.1298727e-02  -1.3366046e-03
  -1.9657560e+01   7.8120427e-02   6.3399203e-04
  -1.9593424e+01   7.6542355e-02   1.3470114e-03
  -1.9529289e+01   2.2752105e-02  -6.3296964e-04
  -1.9465153e+01  -3.0944825e-02  -1.3575452e-03
  -1.9401018e+01  -2.7677201e-02   6.3192670e-04
  -1.9336882e+01   1.7080168e-02   1.3682087e-03
  -1.9272747e+01   4.9076786e-02  -6.3086266e-04
  -1.9208611e+01   5.1083093e-02  -1.3790044e-03
  -1.9144476e+01   4.5460234e-02   6.2977695e-04
  -1.9080341e+01   5.0495399e-02   1.3899351e-03
  -1.9016205e+01   7.1709367e-02  -6.2866898e-04
  -1.8952070e+01   1.1016550e-01  -1.4010035e-03
  -1.8887934e+01   1.4538698e-01   6.2753815e-04
  -1.8823799e+01   1.3634438e-01   1.4122126e-03
  -1.8759663e+01   7.0896857e-02  -6.2638382e-04
  -1.8695528e+01  -1.1251086e-02  -1.4235652e-03
  -1.8631392e+01  -6.8751744e-02   6.2520534e-04
  -1.8567257e+01  -9.8525912e-02   1.4350645e-03
  -1.8503121e+01  -1.0503863e-01  -6.2400204e-04
  -1.8438986e+01  -7.7287920e-02  -1.4467134e-03
  -1.8374850e+01  -2.7776761e-02   6.2277322e-04
  -1.8310715e+01  -3.2881004e-03   1.4585152e-03
  -1.8246579e+01  -1.5787405e-02  -6.2151816e-04
  -1.8182444e+01  -1.2426731e-02  -1.4704732e-03
  -1.8118308e+01   3.9657520e-02   6.2023610e-04
  -1.8054173e+01   9.1119777e-02   1.4825908e-03
  -1.7990037e+01   8.8994029e-02  -6.1892627e-04
  -1.7925902e+01   6.7385498e-02  -1.4948715e-03
  -1.7861766e+01   9.2322520e-02   6.1758788e-04
  -1.7797631e+01   1.5512179e-01   1.5073188e-03
  -1.7733495e+01   1.8958643e-01  -6.1622008e-04
  -1.7669360e+01   1.6450333e-01  -1.5199365e-03
  -1.7605224e+01   9.5290384e-02   6.1482201e-04
  -1.7541089e+01  -9.6381094e-04   1.5327282e-03
  -1.7476953e+01  -9.1868878e-02  -6.1339277e-04
  -1.7412818e+01  -1.0766793e-01  -1.5456981e-03
  -1.7348682e+01  -1.6857593e-02   6.1193144e-04
  -1.7284547e+01   9.8444731e-02   1.5588500e-03
  -1.7220411e+01   1.2694063e-01  -6.1043705e-04
  -1.7156276e+01   7.3842955e-02  -1.5721881e-03
  -1.7092140e+01   3.9170156e-02   6.0890860e-04
  -1.7028005e+01   6.2034810e-02   1.5857168e-03
  -1.6963869e+01   7.8200593e-02  -6.0734505e-04
  -1.6899734e+01   3.7434850e-02  -1.5994404e-03
  -1.6835598e+01  -2.6292040e-02   6.0574532e-04
  -1.6771463e+01  -6.2377667e-02   1.6133635e-03
  -1.6707327e+01  -6.5459010e-02  -6.0410829e-04
  -1.6643192e+01  -4.5625813e-02  -1.6274908e-03
  -1.6579056e+01  -3.2342882e-03   6.0243280e-04
  -1.6514921e+01   4.1435294e-02   1.6418271e-03
  -1.6450786e+01   5.2052275e-02  -6.0071763e-04
  -1.6386650e+01   3.3202549e-02  -1.6563774e-03
  -1.6322515e+01   3.0389053e-02   5.9896152e-04
  -1.6258379e+01   5.4961143e-02   1.6711469e-03
  -1.6194244e+01   6.5062367e-02  -5.9716317e-04
  -1.6130108e+01   4.1405509e-02  -1.6861408e-03
  -1.6065973e+01   2.2848455e-02   5.9532122e-04
  -1.6001837e+01   3.7066976e-02   1.7013648e-03
  -1.5937702e+01   4.9038481e-02  -5.9343423e-04
  -1.5873566e+01   1.4835875e-02  -1.7168244e-03
  -1.5809431e+01  -5.3430785e-02   5.9150075e-04
  -1.5745295e+01  -1.0783264e-01   1.7325256e-03
  -1.5681160e+01  -1.1618236e-01  -5.8951923e-04
  -1.5617024e+01  -7.0757132e-02  -1.7484744e-03
  -1.5552889e+01   1.6302243e-02   5.8748808e-04
  -1.5488753e+01   1.0092074e-01   1.7646771e-03
  -1.5424618e+01   1.2674932e-01  -5.8540561e-04
  -1.5360482e+01   8.5237752e-02  -1.7811401e-03
  -1.5296347e+01   2.8916834e-02   5.8327010e-04
  -1.5232211e+01   6.6757362e-03   1.7978701e-03
  -1.5168076e+01   1.8051329e-02  -5.8107972e-04
  -1.5103940e+01   4.6807450e-02  -1.8148742e-03
  -1.5039805e+01   9.6965536e-02   5.7883259e-04
  -1.4975669e+01   1.6814038e-01   1.8321594e-03
  -1.4911534e+01   2.3221638e-01  -5.7652674e-04
  -1.4847398e+01   2.6498484e-01  -1.8497333e-03
  -1.4783263e+01   2.7094432e-01   5.7416009e-04
  -1.4719127e+01   2.5405278e-01   1.8676034e-03
  -1.4654992e+01   2.0366525e-01  -5.7173050e-04
  -1.4590856e+01   1.3926283e-01  -1.8857778e-03
  -1.4526721e+01   1.2217966e-01   5.6923572e-04
  -1.4462585e+01   1.7316089e-01   1.9042648e-03
  -1.4398450e+01   2.1450374e-01  -5.6667339e-04
  -1.4334314e+01   1.5663913e-01  -1.9230728e-03
  -1.4270179e+01   2.3955382e-02   5.6404107e-04
  -1.4206043e+01  -7.0466407e-02   1.9422109e-03
  -1.4141908e+01  -7.1907461e-02  -5.6133617e-04
  -1.4077772e+01  -3.9066586e-02  -1.9616881e-03
  -1.4013637e+01  -3.7663316e-02   5.5855601e-04
  -1.3949501e+01  -4.4651280e-02   1.9815141e-03
  -1.3885366e+01  -9.5482086e-04  -5.5569778e-04
  -1.3821231e+01   8.4183334e-02  -2.0016988e-03
  -1.3757095e+01   1.3905738e-01   5.5275851e-04
  -1.3692960e+01   1.2664729e-01   2.0222525e-03
  -1.3628824e+01   8.4839462e-02  -5.4973513e-04
  -1.3564689e+01   6.4005476e-02  -2.0431859e-03
  -1.3500553e+01   6.6066694e-02   5.4662439e-04
  -1.3436418e+01   6.3645741e-02   2.0645101e-03
  -1.3372282e+01   4.8076325e-02  -5.4342290e-04
  -1.3308147e+01   3.0394320e-02  -2.0862367e-03
  -1.3244011e+01   1.1818769e-02   5.4012709e-04
  -1.3179876e+01  -1.7881435e-02   2.1083777e-03
  -1.3115740e+01  -5.8547344e-02  -5.3673322e-04
  -1.3051605e+01  -9.9498507e-02  -2.1309456e-03
  -1.2987469e+01  -1.3709432e-01   5.3323737e-04
  -1.2923334e+01  -1.6956261e-01   2.1539534e-03
  -1.2859198e+01  -1.7757281e-01  -5.2963539e-04
  -1.2795063e+01  -1.3798414e-01  -2.1774148e-03
  -1.2730927e+01  -6.3518192e-02   5.2592297e-04
  -1.2666792e+01  -5.1109425e-03   2.2013438e-03
  -1.2602656e+01  -2.7254452e-03  -5.2209553e-04
  -1.2538521e+01  -4.7794456e-02  -2.2257552e-03
  -1.2474385e+01  -9.9334419e-02   5.1814826e-04
  -1.2410250e+01  -1.2031462e-01   2.2506643e-03
  -1.2346114e+01  -9.4786325e-02  -5.1407613e-04
  -1.2281979e+01  -3.2664464e-02  -2.2760870e-03
  -1.2217843e+01   3.0156334e-02   5.0987379e-04
  -1.2153708e+01   5.4568839e-02   2.3020402e-03
  -1.2089572e+01   3.4997411e-02  -5.0553564e-04
  -1.2025437e+01   2.6037773e-03  -2.3285413e-03
  -1.1961301e+01  -1.3505752e-02   5.0105576e-04
  -1.1897166e+01  -1.2512818e-02   2.3556084e-03
  -1.1833030e+01  -5.6480177e-03  -4.9642790e-04
  -1.1768895e+01   3.5026194e-03  -2.3832606e-03
  -1.1704759e+01   1.1562033e-02   4.9164546e-04
  -1.1640624e+01   8.7291490e-03   2.4115179e-03
  -1.1576488e+01  -6.3656045e-03  -4.8670149e-04
  -1.1512353e+01  -2.0775247e-02  -2.4404010e-03
  -1.1448217e+01  -2.7448304e-02   4.8158861e-04
  -1.1384082e+01  -3.5872934e-02   2.4699318e-03
  -1.1319946e+01  -5.2543634e-02  -4.7629904e-04
  -1.1255811e+01  -6.6728884e-02  -2.5001330e-03
  -1.1191676e+01  -6.6206764e-02   4.7082453e-04
  -1.1127540e+01  -5.4148848e-02   2.5310286e-03
  -1.1063405e+01  -4.3970566e-02  -4.6515635e-04
  -1.0999269e+01  -4.9611086e-02  -2.5626437e-03
  -1.0935134e+01  -7.8432704e-02   4.5928525e-04
  -1.0870998e+01  -1.1251978e-01   2.5950045e-03
  -1.0806863e+01  -1.0232126e-01  -4.5320141e-04
  -1.0742727e+01  -1.4488929e-02  -2.6281387e-03
  -1.0678592e+01   1.0790902e-01   4.4689440e-04
  -1.0614456e+01   1.7086619e-01   2.6620754e-03
  -1.0550321e+01   1.3119906e-01  -4.4035318e-04
  -1.0486185e+01   4.0671069e-02  -2.6968449e-03
  -1.0422050e+01  -2.7232806e-02   4.3356597e-04
  -1.0357914e+01  -5.9046311e-02   2.7324793e-03
  -1.0293779e+01  -8.7038704e-02  -4.2652028e-04
  -1.0229643e+01  -1.2772448e-01  -2.7690123e-03
  -1.0165508e+01  -1.6763361e-01   4.1920278e-04
  -1.0101372e+01  -1.8828675e-01   2.8064796e-03
  -1.0037237e+01  -1.7516956e-01  -4.1159928e-04
  -9.9731012e+00  -1.1891061e-01  -2.8449184e-03
  -9.9089658e+00  -3.5593824e-02   4.0369466e-04
  -9.8448303e+00   2.7301340e-02   2.8843684e-03
  -9.7806948e+00   3.1832229e-02  -3.9547278e-04
  -9.7165593e+00  -9.9071926e-03  -2.9248711e-03
  -9.6524238e+00  -5.3898500e-02   3.8691640e-04
  -9.5882883e+00  -7.4118264e-02   2.9664705e-03
  -9.5241528e+00  -7.8888434e-02  -3.7800708e-04
  -9.4600173e+00  -8.5582756e-02  -3.0092132e-03
  -9.3958819e+00  -9.3440146e-02   3.6872511e-04
  -9.3317464e+00  -8.0621739e-02   3.0531484e-03
  -9.2676109e+00  -2.7721947e-02  -3.5904935e-04
  -9.2034754e+00   4.9048923e-02  -3.0983281e-03
  -9.1393399e+00   9.6773244e-02   3.4895718e-04
  -9.0752044e+00   7.6732934e-02   3.1448075e-03
  -9.0110689e+00   9.2218426e-03  -3.3842428e-04
  -8.9469334e+00  -5.5273037e-02  -3.1926452e-03
  -8.8827980e+00  -9.7959875e-02   3.2742455e-04
  -8.8186625e+00  -1.3133991e-01   3.2419034e-03
  -8.7545270e+00  -1.4833935e-01  -3.1592993e-04
  -8.6903915e+00  -1.2086234e-01  -3.2926480e-03
  -8.6262560e+00  -5.4486390e-02   3.0391020e-04
  -8.5621205e+00   1.4654076e-03   3.3449492e-03
  -8.4979850e+00   1.2850956e-02  -2.9133279e-04
  -8.4338495e+00  -5.9800383e-03  -3.3988819e-03
  -8.3697141e+00  -2.5952681e-02   2.7816256e-04
  -8.3055786e+00  -3.3220151e-02   3.4545257e-03
  -8.2414431e+00  -2.0662785e-02  -2.6436156e-04
  -8.1773076e+00   7.5083511e-03  -3.5119657e-03
  -8.1131721e+00   1.5473662e-02   2.4988873e-04
  -8.0490366e+00  -3.3666689e-02   3.5712926e-03
  -7.9849011e+00  -1.1579900e-01  -2.3469961e-04
  -7.9207656e+00  -1.5924288e-01  -3.6326036e-03
  -7.8566301e+00  -1.3216600e-01   2.1874600e-04
  -7.7924947e+00  -7.3942104e-02   3.6960025e-03
  -7.7283592e+00  -3.4329651e-02  -2.0197553e-04
  -7.6642237e+00  -3.2088524e-02  -3.7616010e-03
  -7.6000882e+00  -7.7034591e-02   1.8433131e-04
  -7.5359527e+00  -1.6702208e-01   3.8295186e-03
  -7.4718172e+00  -2.4533489e-01  -1.6575131e-04
  -7.4076817e+00  -2.2903470e-01  -3.8998838e-03
  -7.3435462e+00  -1.1310805e-01   1.4616798e-04
  -7.2794108e+00   6.7354222e-03   3.9728352e-03
  -7.2152753e+00   4.3268712e-02  -1.2550741e-04
  -7.1511398e+00  -8.8024293e-05  -4.0485217e-03
  -7.0870043e+00  -7.4473715e-02   1.0368895e-04
  -7.0228688e+00  -1.4840006e-01   4.1271046e-03
  -6.9587333e+00  -1.9478766e-01  -8.0623820e-05
  -6.8945978e+00  -1.7976649e-01  -4.2087577e-03
  -6.8304623e+00  -1.0900097e-01   5.6215308e-05
  -6.7663269e+00  -3.9025686e-02   4.2936703e-03
  -6.7021914e+00  -8.8713695e-03  -3.0355636e-05
  -6.6380559e+00  -4.7746455e-03  -4.3820455e-03
  -6.5739204e+00  -1.3739845e-02   2.9288323e-06
  -6.5097849e+00  -5.2333543e-02   4.4741083e-03
  -6.4456494e+00  -1.1323535e-01   2.6198745e-05
  -6.3815139e+00  -1.4539298e-01  -4.5700957e-03
  -6.3173784e+00  -1.2319078e-01  -5.7163535e-05
  -6.2532430e+00  -7.8844894e-02   4.6702823e-03
  -6.1891075e+00  -3.5971368e-02   9.0140022e-05
  -6.1249720e+00   2.5477574e-02  -4.7749354e-03
  -6.0608365e+00   1.0534595e-01  -1.2527449e-04
  -5.9967010e+00   1.5407527e-01   4.8844155e-03
  -5.9325655e+00   1.4918064e-01   1.6282662e-04
  -5.8684300e+00   1.3508887e-01  -4.9989823e-03
  -5.8042945e+00   1.4296021e-01  -2.0289490e-04
  -5.7401591e+00   1.3534660e-01   5.1191852e-03
  -5.6760236e+00   7.6349828e-02   2.4595052e-04
  -5.6118881e+00  -5.4172090e-03  -5.2451474e-03
  -5.5477526e+00  -6.8658115e-02  -2.9187879e-04
  -5.4836171e+00  -1.1281445e-01   5.3778416e-03
  -5.4194816e+00  -1.3889726e-01   3.4163568e-04
  -5.3553461e+00  -1.2340937e-01  -5.5169705e-03
  -5.2912106e+00  -7.4813178e-02  -3.9454656e-04
  -5.2270751e+00  -4.9793200e-02   5.6643972e-03
  -5.1629397e+00  -7.1415481e-02   4.5262096e-04
  -5.0988042e+00  -9.8203628e-02  -5.8187416e-03
  -5.0346687e+00  -1.0861577e-01  -5.1375719e-04
  -4.9705332e+00  -1.3473350e-01   5.9839705e-03
  -4.9063977e+00  -1.7341142e-01   5.8265781e-04
  -4.8422622e+00  -1.5861211e-01  -6.1553579e-03
  -4.7781267e+00  -7.6274060e-02  -6.5236565e-04
  -4.7139912e+00  -1.3070635e-02   6.3443975e-03
  -4.6498558e+00  -2.7922341e-02   7.3867372e-04
  -4.5857203e+00  -6.4724358e-02  -6.5303837e-03
  -4.5215848e+00  -5.7692872e-02  -8.1122287e-04
  -4.4574493e+00  -3.2358801e-02   6.7587150e-03
  -4.3933138e+00  -3.2785667e-02   9.3342941e-04
  -4.3291783e+00  -3.9993659e-02  -6.9418987e-03
  -4.2650428e+00  -3.5661238e-02  -9.7813129e-04
  -4.2009073e+00  -5.6167524e-02   7.2702786e-03
  -4.1367719e+00  -1.0947456e-01   1.2291515e-03
  -4.0726364e+00  -1.2973608e-01  -7.3202878e-03
  -4.0085009e+00  -8.6452021e-02  -1.0525363e-03
  -3.9443654e+00  -4.2057985e-02   8.0256205e-03
  -3.8802299e+00  -3.2180642e-02   1.7811536e-03
  -3.8160944e+00  -3.8626237e-04  -7.5414004e-03
  -3.7519589e+00   7.1676982e-02  -9.2896555e-04
  -3.6878234e+00   9.5571191e-02   9.1264888e-03
  -3.6236880e+00   3.1001767e-02   2.6472452e-03
  -3.5595525e+00  -2.0797925e-02  -7.6238352e-03
  -3.4954170e+00   1.3608863e-02  -6.5613900e-04
  -3.4312815e+00   4.9435173e-02   1.0548970e-02
  -3.3671460e+00   3.8137890e-03   3.8157667e-03
  -3.3030105e+00  -4.8311026e-02  -7.5475437e-03
  -3.2388750e+00  -1.7366413e-02  -1.6719422e-05
  -3.1747395e+00   3.1146795e-02   1.2911876e-02
  -3.1106040e+00   1.6430282e-03   6.3739369e-03
  -3.0464686e+00  -5.8575993e-02  -5.8093875e-03
  -2.9823331e+00  -6.6804978e-02   2.8406756e-03
  -2.9181976e+00  -6.2392248e-02   1.8446053e-02
  -2.8540621e+00  -9.4811252e-02   1.3600581e-02
  -2.7899266e+00  -8.5265671e-02   4.1842157e-03
  -2.7257911e+00   2.0432092e-02   2.1615404e-02
  -2.6616556e+00   9.3343488e-02   5.0533564e-02
  -2.5975201e+00   1.4890391e-02   5.5436238e-02
  -2.5333847e+00  -9.9268118e-02   4.8077655e-02
  -2.4692492e+00  -8.1537679e-02   6.5108989e-02
  -2.4051137e+00   1.2751867e-02   1.0519688e-01
  -2.3409782e+00   4.8534508e-02   1.6453368e-01
  -2.2768427e+00   9.7306146e-02   3.1420832e-01
  -2.2127072e+00   3.1078234e-01   6.5672704e-01
  -2.1485717e+00   6.2391801e-01   1.2105437e+00
  -2.0844362e+00   8.7866741e-01   1.9080986e+00
  -2.0203008e+00   1.1457469e+00   2.6845660e+00
  -1.9561653e+00   1.6039494e+00   3.4807661e+00
  -1.8920298e+00   2.1772751e+00   4.1867817e+00
  -1.8278943e+00   2.6344387e+00   4.7005664e+00
  -1.7637588e+00   2.9918088e+00   5.0425077e+00
  -1.6996233e+00   3.4525756e+00   5.3071139e+00
  -1.6354878e+00   3.9891564e+00   5.5163245e+00
  -1.5713523e+00   4.3918539e+00   5.6427890e+00
  -1.5072169e+00   4.7157380e+00   5.7440533e+00
  -1.4430814e+00   5.2280391e+00   5.9046902e+00
  -1.3789459e+00   5.9260418e+00   6.1147311e+00
  -1.3148104e+00   6.7355186e+00   6.5554208e+00
  -1.2506749e+00   8.3819679e+00   8.0975084e+00
  -1.1865394e+00   1.2321252e+01   1.2020319e+01
  -1.1224039e+00   1.9087808e+01   1.8649507e+01
  -1.0582684e+00   2.6924274e+01   2.6276954e+01
  -9.9413295e-01   3.2697096e+01   3.1939904e+01
  -9.2999746e-01   3.4368957e+01   3.3643859e+01
  -8.6586198e-01   3.2442035e+01   3.1827998e+01
  -8.0172649e-01   2.9122295e+01   2.8653648e+01
  -7.3759100e-01   2.6400893e+01   2.6063848e+01
  -6.7345551e-01   2.4906631e+01   2.4608363e+01
  -6.0932002e-01   2.4171487e+01   2.3793549e+01
  -5.4518454e-01   2.3597030e+01   2.3053299e+01
  -4.8104905e-01   2.3034510e+01   2.2228249e+01
  -4.1691356e-01   2.2546472e+01   2.1414564e+01
  -3.5277807e-01   2.1924758e+01   2.0723129e+01
  -2.8864259e-01   2.0772917e+01   2.0259296e+01
  -2.2450710e-01   1.9062031e+01   2.0147205e+01
  -1.6037161e-01   1.7309900e+01   2.0403831e+01
  -9.6236122e-02   1.6107578e+01   2.0805032e+01
  -3.2100634e-02   1.5700360e+01   2.0996925e+01
   3.2034854e-02   1.6107578e+01   2.0805032e+01
   9.6170342e-02   1.7309900e+01   2.0403831e+01
   1.6030583e-01   1.9062031e+01   2.0147205e+01
   2.2444132e-01   2.0772917e+01   2.0259296e+01
   2.8857681e-01   2.1924758e+01   2.0723129e+01
   3.5271229e-01   2.2546472e+01   2.1414564e+01
   4.1684778e-01   2.3034510e+01   2.2228249e+01
   4.8098327e-01   2.3597030e+01   2.3053299e+01
   5.4511876e-01   2.4171487e+01   2.3793549e+01
   6.0925424e-01   2.4906631e+01   2.4608363e+01
   6.7338973e-01   2.6400893e+01   2.6063848e+01
   7.3752522e-01   2.9122295e+01   2.8653648e+01
   8.0166071e-01   3.2442035e+01   3.1827998e+01
   8.6579620e-01   3.4368957e+01   3.3643859e+01
   9.2993168e-01   3.2697096e+01   3.1939904e+01
   9.9406717e-01   2.6924274e+01   2.6276954e+01
   1.0582027e+00   1.9087808e+01   1.8649507e+01
   1.1223381e+00   1.2321252e+01   1.2020319e+01
   1.1864736e+00   8.3819679e+00   8.0975084e+00
   1.2506091e+00   6.7355186e+00   6.5554208e+00
   1.3147446e+00   5.9260418e+00   6.1147311e+00
   1.3788801e+00   5.2280391e+00   5.9046902e+00
   1.4430156e+00   4.7157380e+00   5.7440533e+00
   1.5071511e+00   4.3918539e+00   5.6427890e+00
   1.5712866e+00   3.9891564e+00   5.5163245e+00
   1.6354220e+00   3.4525756e+00   5.3071139e+00
   1.6995575e+00   2.9918088e+00   5.0425077e+00
   1.7636930e+00   2.6344387e+00   4.7005664e+00
   1.8278285e+00   2.1772751e+00   4.1867817e+00
   1.8919640e+00   1.6039494e+00   3.4807661e+00
   1.9560995e+00   1.1457469e+00   2.6845660e+00
   2.0202350e+00   8.7866741e-01   1.9080986e+00
   2.0843705e+00   6.2391801e-01   1.2105437e+00
   2.1485060e+00   3.1078234e-01   6.5672704e-01
   2.2126414e+00   9.7306146e-02   3.1420832e-01
   2.2767769e+00   4.8534508e-02   1.6453368e-01
   2.3409124e+00   1.2751867e-02   1.0519688e-01
   2.4050479e+00  -8.1537679e-02   6.5108989e-02
   2.4691834e+00  -9.9268118e-02   4.8077655e-02
   2.5333189e+00   1.4890391e-02   5.5436238e-02
   2.5974544e+00   9.3343488e-02   5.0533564e-02
   2.6615899e+00   2.0432092e-02   2.1615404e-02
   2.7257253e+00  -8.5265671e-02   4.1842157e-03
   2.7898608e+00  -9.4811252e-02   1.3600581e-02
   2.8539963e+00  -6.2392248e-02   1.8446053e-02
   2.9181318e+00  -6.6804978e-02   2.8406756e-03
   2.9822673e+00  -5.8575993e-02  -5.8093875e-03
   3.0464028e+00   1.6430282e-03   6.3739369e-03
   3.1105383e+00   3.1146795e-02   1.2911876e-02
   3.1746738e+00  -1.7366413e-02  -1.6719422e-05
   3.2388092e+00  -4.8311026e-02  -7.5475437e-03
   3.3029447e+00   3.8137890e-03   3.8157667e-03
   3.3670802e+00   4.9435173e-02   1.0548970e-02
   3.4312157e+00   1.3608863e-02  -6.5613900e-04
   3.4953512e+00  -2.0797925e-02  -7.6238352e-03
   3.5594867e+00   3.1001767e-02   2.6472452e-03
   3.6236222e+00   9.5571191e-02   9.1264888e-03
   3.6877577e+00   7.1676982e-02  -9.2896555e-04
   3.7518931e+00  -3.8626237e-04  -7.5414004e-03
   3.8160286e+00  -3.2180642e-02   1.7811536e-03
   3.8801641e+00  -4.2057985e-02   8.0256205e-03
   3.9442996e+00  -8.6452021e-02  -1.0525363e-03
   4.0084351e+00  -1.2973608e-01  -7.3202878e-03
   4.0725706e+00  -1.0947456e-01   1.2291515e-03
   4.1367061e+00  -5.6167524e-02   7.2702786e-03
   4.2008416e+00  -3.5661238e-02  -9.7813129e-04
   4.2649771e+00  -3.9993659e-02  -6.9418987e-03
   4.3291125e+00  -3.2785667e-02   9.3342941e-04
   4.3932480e+00  -3.2358801e-02   6.7587150e-03
   4.4573835e+00  -5.7692872e-02  -8.1122287e-04
   4.5215190e+00  -6.4724358e-02  -6.5303837e-03
   4.5856545e+00  -2.7922341e-02   7.3867372e-04
   4.6497900e+00  -1.3070635e-02   6.3443975e-03
   4.7139255e+00  -7.6274060e-02  -6.5236565e-04
   4.7780610e+00  -1.5861211e-01  -6.1553579e-03
   4.8421964e+00  -1.7341142e-01   5.8265781e-04
   4.9063319e+00  -1.3473350e-01   5.9839705e-03
   4.9704674e+00  -1.0861577e-01  -5.1375719e-04
   5.0346029e+00  -9.8203628e-02  -5.8187416e-03
   5.0987384e+00  -7.1415481e-02   4.5262096e-04
   5.1628739e+00  -4.9793200e-02   5.6643972e-03
   5.2270094e+00  -7.4813178e-02  -3.9454656e-04
   5.2911449e+00  -1.2340937e-01  -5.5169705e-03
   5.3552803e+00  -1.3889726e-01   3.4163568e-04
   5.4194158e+00  -1.1281445e-01   5.3778416e-03
   5.4835513e+00  -6.8658115e-02  -2.9187879e-04
   5.5476868e+00  -5.4172090e-03  -5.2451474e-03
   5.6118223e+00   7.6349828e-02   2.4595052e-04
   5.6759578e+00   1.3534660e-01   5.1191852e-03
   5.7400933e+00   1.4296021e-01  -2.0289490e-04
   5.8042288e+00   1.3508887e-01  -4.9989823e-03
   5.8683642e+00   1.4918064e-01   1.6282662e-04
   5.9324997e+00   1.5407527e-01   4.8844155e-03
   5.9966352e+00   1.0534595e-01  -1.2527449e-04
   6.0607707e+00   2.5477574e-02  -4.7749354e-03
   6.1249062e+00  -3.5971368e-02   9.0140022e-05
   6.1890417e+00  -7.8844894e-02   4.6702823e-03
   6.2531772e+00  -1.2319078e-01  -5.7163535e-05
   6.3173127e+00  -1.4539298e-01  -4.5700957e-03
   6.3814481e+00  -1.1323535e-01   2.6198745e-05
   6.4455836e+00  -5.2333543e-02   4.4741083e-03
   6.5097191e+00  -1.3739845e-02   2.9288323e-06
   6.5738546e+00  -4.7746455e-03  -4.3820455e-03
   6.6379901e+00  -8.8713695e-03  -3.0355636e-05
   6.7021256e+00  -3.9025686e-02   4.2936703e-03
   6.7662611e+00  -1.0900097e-01   5.6215308e-05
   6.8303966e+00  -1.7976649e-01  -4.2087577e-03
   6.8945321e+00  -1.9478766e-01  -8.0623820e-05
   6.9586675e+00  -1.4840006e-01   4.1271046e-03
   7.0228030e+00  -7.4473715e-02   1.0368895e-04
   7.0869385e+00  -8.8024293e-05  -4.0485217e-03
   7.1510740e+00   4.3268712e-02  -1.2550741e-04
   7.2152095e+00   6.7354222e-03   3.9728352e-03
   7.2793450e+00  -1.1310805e-01   1.4616798e-04
   7.3434805e+00  -2.2903470e-01  -3.8998838e-03
   7.4076160e+00  -2.4533489e-01  -1.6575131e-04
   7.4717514e+00  -1.6702208e-01   3.8295186e-03
   7.5358869e+00  -7.7034591e-02   1.8433131e-04
   7.6000224e+00  -3.2088524e-02  -3.7616010e-03
   7.6641579e+00  -3.4329651e-02  -2.0197553e-04
   7.7282934e+00  -7.3942104e-02   3.6960025e-03
   7.7924289e+00  -1.3216600e-01   2.1874600e-04
   7.8565644e+00  -1.5924288e-01  -3.6326036e-03
   7.9206999e+00  -1.1579900e-01  -2.3469961e-04
   7.9848353e+00  -3.3666689e-02   3.5712926e-03
   8.0489708e+00   1.5473662e-02   2.4988873e-04
   8.1131063e+00   7.5083511e-03  -3.5119657e-03
   8.1772418e+00  -2.0662785e-02  -2.6436156e-04
   8.2413773e+00  -3.3220151e-02   3.4545257e-03
   8.3055128e+00  -2.5952681e-02   2.7816256e-04
   8.3696483e+00  -5.9800383e-03  -3.3988819e-03
   8.4337838e+00   1.2850956e-02  -2.9133279e-04
   8.4979192e+00   1.4654076e-03   3.3449492e-03
   8.5620547e+00  -5.4486390e-02   3.0391020e-04
   8.6261902e+00  -1.2086234e-01  -3.2926480e-03
   8.6903257e+00  -1.4833935e-01  -3.1592993e-04
   8.7544612e+00  -1.3133991e-01   3.2419034e-03
   8.8185967e+00  -9.7959875e-02   3.2742455e-04
   8.8827322e+00  -5.5273037e-02  -3.1926452e-03
   8.9468677e+00   9.2218426e-03  -3.3842428e-04
   9.0110032e+00   7.6732934e-02   3.1448075e-03
   9.0751386e+00   9.6773244e-02   3.4895718e-04
   9.1392741e+00   4.9048923e-02  -3.0983281e-03
   9.2034096e+00  -2.7721947e-02  -3.5904935e-04
   9.2675451e+00  -8.0621739e-02   3.0531484e-03
   9.3316806e+00  -9.3440146e-02   3.6872511e-04
   9.3958161e+00  -8.5582756e-02  -3.0092132e-03
   9.4599516e+00  -7.8888434e-02  -3.7800708e-04
   9.5240871e+00  -7.4118264e-02   2.9664705e-03
   9.5882225e+00  -5.3898500e-02   3.8691640e-04
   9.6523580e+00  -9.9071926e-03  -2.9248711e-03
   9.7164935e+00   3.1832229e-02  -3.9547278e-04
   9.7806290e+00   2.7301340e-02   2.8843684e-03
   9.8447645e+00  -3.5593824e-02   4.0369466e-04
   9.9089000e+00  -1.1891061e-01  -2.8449184e-03
   9.9730355e+00  -1.7516956e-01  -4.1159928e-04
   1.0037171e+01  -1.8828675e-01   2.8064796e-03
   1.0101306e+01  -1.6763361e-01   4.1920278e-04
   1.0165442e+01  -1.2772448e-01  -2.7690123e-03
   1.0229577e+01  -8.7038704e-02  -4.2652028e-04
   1.0293713e+01  -5.9046311e-02   2.7324793e-03
   1.0357848e+01  -2.7232806e-02   4.3356597e-04
   1.0421984e+01   4.0671069e-02  -2.6968449e-03
   1.0486119e+01   1.3119906e-01  -4.4035318e-04
   1.0550255e+01   1.7086619e-01   2.6620754e-03
   1.0614390e+01   1.0790902e-01   4.4689440e-04
   1.0678526e+01  -1.4488929e-02  -2.6281387e-03
   1.0742661e+01  -1.0232126e-01  -4.5320141e-04
   1.0806797e+01  -1.1251978e-01   2.5950045e-03
   1.0870932e+01  -7.8432704e-02   4.5928525e-04
   1.0935068e+01  -4.9611086e-02  -2.5626437e-03
   1.0999203e+01  -4.3970566e-02  -4.6515635e-04
   1.1063339e+01  -5.4148848e-02   2.5310286e-03
   1.1127474e+01  -6.6206764e-02   4.7082453e-04
   1.1191610e+01  -6.6728884e-02  -2.5001330e-03
   1.1255745e+01  -5.2543634e-02  -4.7629904e-04
   1.1319881e+01  -3.5872934e-02   2.4699318e-03
   1.1384016e+01  -2.7448304e-02   4.8158861e-04
   1.1448152e+01  -2.0775247e-02  -2.4404010e-03
   1.1512287e+01  -6.3656045e-03  -4.8670149e-04
   1.1576423e+01   8.7291490e-03   2.4115179e-03
   1.1640558e+01   1.1562033e-02   4.9164546e-04
   1.1704694e+01   3.5026194e-03  -2.3832606e-03
   1.1768829e+01  -5.6480177e-03  -4.9642790e-04
   1.1832965e+01  -1.2512818e-02   2.3556084e-03
   1.1897100e+01  -1.3505752e-02   5.0105576e-04
   1.1961236e+01   2.6037773e-03  -2.3285413e-03
   1.2025371e+01   3.4997411e-02  -5.0553564e-04
   1.2089507e+01   5.4568839e-02   2.3020402e-03
   1.2153642e+01   3.0156334e-02   5.0987379e-04
   1.2217778e+01  -3.2664464e-02  -2.2760870e-03
   1.2281913e+01  -9.4786325e-02  -5.1407613e-04
   1.2346049e+01  -1.2031462e-01   2.2506643e-03
   1.2410184e+01  -9.9334419e-02   5.1814826e-04
   1.2474319e+01  -4.7794456e-02  -2.2257552e-03
   1.2538455e+01  -2.7254452e-03  -5.2209553e-04
   1.2602590e+01  -5.1109425e-03   2.2013438e-03
   1.2666726e+01  -6.3518192e-02   5.2592297e-04
   1.2730861e+01  -1.3798414e-01  -2.1774148e-03
   1.2794997e+01  -1.7757281e-01  -5.2963539e-04
   1.2859132e+01  -1.6956261e-01   2.1539534e-03
   1.2923268e+01  -1.3709432e-01   5.3323737e-04
   1.2987403e+01  -9.9498507e-02  -2.1309456e-03
   1.3051539e+01  -5.8547344e-02  -5.3673322e-04
   1.3115674e+01  -1.7881435e-02   2.1083777e-03
   1.3179810e+01   1.1818769e-02   5.4012709e-04
   1.3243945e+01   3.0394320e-02  -2.0862367e-03
   1.3308081e+01   4.8076325e-02  -5.4342290e-04
   1.3372216e+01   6.3645741e-02   2.0645101e-03
   1.3436352e+01   6.6066694e-02   5.4662439e-04
   1.3500487e+01   6.4005476e-02  -2.0431859e-03
   1.3564623e+01   8.4839462e-02  -5.4973513e-04
   1.3628758e+01   1.2664729e-01   2.0222525e-03
   1.3692894e+01   1.3905738e-01   5.5275851e-04
   1.3757029e+01   8.4183334e-02  -2.0016988e-03
   1.3821165e+01  -9.5482086e-04  -5.5569778e-04
   1.3885300e+01  -4.4651280e-02   1.9815141e-03
   1.3949436e+01  -3.7663316e-02   5.5855601e-04
   1.4013571e+01  -3.9066586e-02  -1.9616881e-03
   1.4077707e+01  -7.1907461e-02  -5.6133617e-04
   1.4141842e+01  -7.0466407e-02   1.9422109e-03
   1.4205978e+01   2.3955382e-02   5.6404107e-04
   1.4270113e+01   1.5663913e-01  -1.9230728e-03
   1.4334249e+01   2.1450374e-01  -5.6667339e-04
   1.4398384e+01   1.7316089e-01   1.9042648e-03
   1.4462520e+01   1.2217966e-01   5.6923572e-04
   1.4526655e+01   1.3926283e-01  -1.8857778e-03
   1.4590791e+01   2.0366525e-01  -5.7173050e-04
   1.4654926e+01   2.5405278e-01   1.8676034e-03
   1.4719062e+01   2.7094432e-01   5.7416009e-04
   1.4783197e+01   2.6498484e-01  -1.8497333e-03
   1.4847333e+01   2.3221638e-01  -5.7652674e-04
   1.4911468e+01   1.6814038e-01   1.8321594e-03
   1.4975604e+01   9.6965536e-02   5.7883259e-04
   1.5039739e+01   4.6807450e-02  -1.8148742e-03
   1.5103874e+01   1.8051329e-02  -5.8107972e-04
   1.5168010e+01   6.6757362e-03   1.7978701e-03
   1.5232145e+01   2.8916834e-02   5.8327010e-04
   1.5296281e+01   8.5237752e-02  -1.7811401e-03
   1.5360416e+01   1.2674932e-01  -5.8540561e-04
   1.5424552e+01   1.0092074e-01   1.7646771e-03
   1.5488687e+01   1.6302243e-02   5.8748808e-04
   1.5552823e+01  -7.0757132e-02  -1.7484744e-03
   1.5616958e+01  -1.1618236e-01  -5.8951923e-04
   1.5681094e+01  -1.0783264e-01   1.7325256e-03
   1.5745229e+01  -5.3430785e-02   5.9150075e-04
   1.5809365e+01   1.4835875e-02  -1.7168244e-03
   1.5873500e+01   4.9038481e-02  -5.9343423e-04
   1.5937636e+01   3.7066976e-02   1.7013648e-03
   1.6001771e+01   2.2848455e-02   5.9532122e-04
   1.6065907e+01   4.1405509e-02  -1.6861408e-03
   1.6130042e+01   6.5062367e-02  -5.9716317e-04
   1.6194178e+01   5.4961143e-02   1.6711469e-03
   1.6258313e+01   3.0389053e-02   5.9896152e-04
   1.6322449e+01   3.3202549e-02  -1.6563774e-03
   1.6386584e+01   5.2052275e-02  -6.0071763e-04
   1.6450720e+01   4.1435294e-02   1.6418271e-03
   1.6514855e+01  -3.2342882e-03   6.0243280e-04
   1.6578991e+01  -4.5625813e-02  -1.6274908e-03
   1.6643126e+01  -6.5459010e-02  -6.0410829e-04
   1.6707262e+01  -6.2377667e-02   1.6133635e-03
   1.6771397e+01  -2.6292040e-02   6.0574532e-04
   1.6835533e+01   3.7434850e-02  -1.5994404e-03
   1.6899668e+01   7.8200593e-02  -6.0734505e-04
   1.6963804e+01   6.2034810e-02   1.5857168e-03
   1.7027939e+01   3.9170156e-02   6.0890860e-04
   1.7092075e+01   7.3842955e-02  -1.5721881e-03
   1.7156210e+01   1.2694063e-01  -6.1043705e-04
   1.7220346e+01   9.8444731e-02   1.5588500e-03
   1.7284481e+01  -1.6857593e-02   6.1193144e-04
   1.7348617e+01  -1.0766793e-01  -1.5456981e-03
   1.7412752e+01  -9.1868878e-02  -6.1339277e-04
   1.7476888e+01  -9.6381094e-04   1.5327282e-03
   1.7541023e+01   9.5290384e-02   6.1482201e-04
   1.7605159e+01   1.6450333e-01  -1.5199365e-03
   1.7669294e+01   1.8958643e-01  -6.1622008e-04
   1.7733429e+01   1.5512179e-01   1.5073188e-03
   1.7797565e+01   9.2322520e-02   6.1758788e-04
   1.7861700e+01   6.7385498e-02  -1.4948715e-03
   1.7925836e+01   8.8994029e-02  -6.1892627e-04
   1.7989971e+01   9.1119777e-02   1.4825908e-03
   1.8054107e+01   3.9657520e-02   6.2023610e-04
   1.8118242e+01  -1.2426731e-02  -1.4704732e-03
   1.8182378e+01  -1.5787405e-02  -6.2151816e-04
   1.8246513e+01  -3.2881004e-03   1.4585152e-03
   1.8310649e+01  -2.7776761e-02   6.2277322e-04
   1.8374784e+01  -7.7287920e-02  -1.4467134e-03
   1.8438920e+01  -1.0503863e-01  -6.2400204e-04
   1.8503055e+01  -9.8525912e-02   1.4350645e-03
   1.8567191e+01  -6.8751744e-02   6.2520534e-04
   1.8631326e+01  -1.1251086e-02  -1.4235652e-03
   1.8695462e+01   7.0896857e-02  -6.2638382e-04
   1.8759597e+01   1.3634438e-01   1.4122126e-03
   1.8823733e+01   1.4538698e-01   6.2753815e-04
   1.8887868e+01   1.1016550e-01  -1.4010035e-03
   1.8952004e+01   7.1709367e-02  -6.2866898e-04
   1.9016139e+01   5.0495399e-02   1.3899351e-03
   1.9080275e+01   4.5460234e-02   6.2977695e-04
   1.9144410e+01   5.1083093e-02  -1.3790044e-03
   1.9208546e+01   4.9076786e-02  -6.3086266e-04
   1.9272681e+01   1.7080168e-02   1.3682087e-03
   1.9336817e+01  -2.7677201e-02   6.3192670e-04
   1.9400952e+01  -3.0944825e-02  -1.3575452e-03
   1.9465088e+01   2.2752105e-02  -6.3296964e-04
   1.9529223e+01   7.6542355e-02   1.3470114e-03
   1.9593359e+01   7.8120427e-02   6.3399203e-04
   1.9657494e+01   5.1298727e-02  -1.3366046e-03
   1.9721630e+01   4.9870003e-02  -6.3499440e-04
   1.9785765e+01   7.4303225e-02   1.3263224e-03
   1.9849901e+01   8.0942596e-02   6.3597728e-04
   1.9914036e+01   5.0737230e-02  -1.3161623e-03
   1.9978172e+01   4.5132686e-03  -6.3694115e-04
   2.0042307e+01  -3.5549616e-02   1.3061219e-03
   2.0106443e+01  -6.2046022e-02   6.3788650e-04
   2.0170578e+01  -6.9452027e-02  -1.2961989e-03
   2.0234714e+01  -5.3895691e-02  -6.3881380e-04
   2.0298849e+01  -1.9040183e-02   1.2863911e-03
   2.0362984e+01   3.2340822e-02   6.3972351e-04
   2.0427120e+01   9.5632305e-02  -1.2766963e-03
   2.0491255e+01   1.4314946e-01  -6.4061605e-04
   2.0555391e+01   1.3575669e-01   1.2671123e-03
   2.0619526e+01   7.4928099e-02   6.4149186e-04
   2.0683662e+01   1.4539611e-02  -1.2576370e-03
   2.0747797e+01  -7.4542617e-05  -6.4235135e-04
   2.0811933e+01   2.1625766e-02   1.2482684e-03
   2.0876068e+01   4.4948262e-02   6.4319492e-04
   2.0940204e+01   5.0624709e-02  -1.2390045e-03
   2.1004339e+01   2.7827239e-02  -6.4402295e-04
   2.1068475e+01  -3.0558950e-02   1.2298433e-03
   2.1132610e+01  -9.6403862e-02   6.4483582e-04
   2.1196746e+01  -1.1120577e-01  -1.2207831e-03
   2.1260881e+01  -6.0343941e-02  -6.4563390e-04
   2.1325017e+01  -7.7213984e-03   1.2118218e-03
   2.1389152e+01  -1.4783436e-02   6.4641753e-04
   2.1453288e+01  -5.4735216e-02  -1.2029578e-03
   2.1517423e+01  -5.4033120e-02  -6.4718707e-04
   2.1581559e+01   5.4675615e-04   1.1941893e-03
   2.1645694e+01   4.3971899e-02   6.4794283e-04
   2.1709830e+01   1.6833526e-02  -1.1855145e-03
   2.1773965e+01  -6.8663621e-02  -6.4868516e-04
   2.1838101e+01  -1.4659266e-01   1.1769318e-03
   2.1902236e+01  -1.5938312e-01   6.4941435e-04
   2.1966372e+01  -1.0592946e-01  -1.1684395e-03
   2.2030507e+01  -4.0286802e-02  -6.5013072e-04
   2.2094643e+01  -1.2982423e-02   1.1600360e-03
   2.2158778e+01  -1.1699878e-02   6.5083456e-04
   2.2222914e+01   1.4236937e-02  -1.1517198e-03
   2.2287049e+01   6.8296543e-02  -6.5152616e-04
   2.2351185e+01   9.0042525e-02   1.1434894e-03
   2.2415320e+01   4.3881805e-02   6.5220579e-04
   2.2479456e+01  -2.1453085e-02  -1.1353432e-03
   2.2543591e+01  -3.7575446e-02  -6.5287373e-04
   2.2607727e+01  -3.9722643e-03   1.1272798e-03
   2.2671862e+01   2.8425440e-02   6.5353023e-04
   2.2735998e+01   2.9402738e-02  -1.1192978e-03
   2.2800133e+01   2.3681236e-03  -6.5417557e-04
   2.2864269e+01  -4.6129138e-02   1.1113958e-03
   2.2928404e+01  -9.8415176e-02   6.5480997e-04
   2.2992539e+01  -1.0423141e-01  -1.1035724e-03
   2.3056675e+01  -2.2323990e-02  -6.5543370e-04
   2.3120810e+01   1.1374411e-01   1.0958263e-03
   2.3184946e+01   2.1180418e-01   6.5604697e-04
   2.3249081e+01   2.1133551e-01  -1.0881562e-03
   2.3313217e+01   1.3315035e-01  -6.5665002e-04
   2.3377352e+01   4.0501006e-02   1.0805608e-03
   2.3441488e+01  -2.2522596e-02   6.5724308e-04
   2.3505623e+01  -5.1742435e-02  -1.0730389e-03
   2.3569759e+01  -6.6658529e-02  -6.5782635e-04
   2.3633894e+01  -8.4427184e-02   1.0655893e-03
   2.3698030e+01  -1.0285166e-01   6.5840005e-04
   2.3762165e+01  -1.0683161e-01  -1.0582107e-03
   2.3826301e+01  -9.0347190e-02  -6.5896439e-04
   2.3890436e+01  -6.1980978e-02   1.0509020e-03
   2.3954572e+01  -2.9083524e-02   6.5951956e-04
   2.4018707e+01   5.3814025e-03  -1.0436621e-03
   2.4082843e+01   2.7217139e-02  -6.6006576e-04
   2.4146978e+01   1.5631867e-02   1.0364898e-03
   2.4211114e+01  -2.7140931e-02   6.6060317e-04
   2.4275249e+01  -7.1776227e-02  -1.0293841e-03
   2.4339385e+01  -9.5909274e-02  -6.6113198e-04
   2.4403520e+01  -1.0106085e-01   1.0223438e-03
   2.4467656e+01  -9.0858030e-02   6.6165237e-04
   2.4531791e+01  -6.1618786e-02  -1.0153680e-03
   2.4595927e+01  -2.5098786e-02  -6.6216451e-04
   2.4660062e+01  -9.8470388e-03   1.0084557e-03
   2.4724198e+01  -2.3814759e-02   6.6266858e-04
   2.4788333e+01  -4.2297413e-02  -1.0016057e-03
   2.4852469e+01  -4.7583498e-02  -6.6316474e-04
   2.4916604e+01  -5.2900864e-02   9.9481711e-04
   2.4980740e+01  -7.2120138e-02   6.6365314e-04
   2.5044875e+01  -9.4756716e-02  -9.8808901e-04
   2.5109011e+01  -1.0784517e-01  -6.6413396e-04
   2.5173146e+01  -1.1437537e-01   9.8142042e-04
   2.5237282e+01  -1.1358956e-01   6.6460733e-04
   2.5301417e+01  -9.2321379e-02  -9.7481043e-04
   2.5365553e+01  -5.3580673e-02  -6.6507341e-04
   2.5429688e+01  -2.5310051e-02   9.6825813e-04
   2.5493824e+01  -2.4191568e-02   6.6553235e-04
   2.5557959e+01  -3.9112867e-02  -9.6176262e-04
   2.5622094e+01  -6.2434745e-02  -6.6598429e-04
   2.5686230e+01  -1.0076994e-01   9.5532304e-04
   2.5750365e+01  -1.3808159e-01   6.6642936e-04
   2.5814501e+01  -1.3014555e-01  -9.4893854e-04
   2.5878636e+01  -6.3677398e-02  -6.6686770e-04
   2.5942772e+01   1.2758989e-02   9.4260828e-04
   2.6006907e+01   4.3943551e-02   6.6729945e-04
   2.6071043e+01   2.5470813e-02  -9.3633144e-04
   2.6135178e+01  -1.3155648e-02  -6.6772472e-04
   2.6199314e+01  -4.7495766e-02   9.3010722e-04
   2.6263449e+01  -5.9772790e-02   6.6814366e-04
   2.6327585e+01  -4.1536270e-02  -9.2393482e-04
   2.6391720e+01  -1.9381306e-02  -6.6855636e-04
   2.6455856e+01  -3.6991518e-02   9.1781349e-04
   2.6519991e+01  -8.5544904e-02   6.6896297e-04
   2.6584127e+01  -9.7847559e-02  -9.1174245e-04
   2.6648262e+01  -4.3885924e-02  -6.6936359e-04
   2.6712398e+01   1.6281176e-02   9.0572097e-04
   2.6776533e+01   1.6113645e-02   6.6975834e-04
   2.6840669e+01  -2.6496904e-02  -8.9974832e-04
   2.6904804e+01  -4.8701888e-02  -6.7014732e-04
   2.6968940e+01  -3.0854494e-02   8.9382378e-04
   2.7033075e+01   6.1502752e-03   6.7053066e-04
   2.7097211e+01   5.1569732e-02  -8.8794665e-04
   2.7161346e+01   9.3756861e-02  -6.7090844e-04
   2.7225482e+01   9.1538838e-02   8.8211624e-04
   2.7289617e+01   2.2204445e-02   6.7128078e-04
   2.7353753e+01  -6.1483817e-02  -8.7633188e-04
   2.7417888e+01  -8.3670728e-02  -6.7164777e-04
   2.7482024e+01  -4.3029413e-02   8.7059290e-04
   2.7546159e+01  -4.7882860e-03   6.7200952e-04
   2.7610295e+01  -9.3653236e-03  -8.6489866e-04
   2.7674430e+01  -4.3001268e-02  -6.7236613e-04
   2.7738566e+01  -8.5285763e-02   8.5924851e-04
   2.7802701e+01  -1.2543207e-01   6.7271767e-04
   2.7866837e+01  -1.3539689e-01  -8.5364182e-04
   2.7930972e+01  -8.6340177e-02  -6.7306425e-04
   2.7995108e+01   3.3985613e-04   8.4807799e-04
   2.8059243e+01   6.5796493e-02   6.7340596e-04
   2.8123379e+01   8.5199846e-02  -8.4255641e-04
   2.8187514e+01   8.7194726e-02  -6.7374288e-04
   2.8251649e+01   9.9522029e-02   8.3707648e-04
   2.8315785e+01   1.1515759e-01   6.7407511e-04
   2.8379920e+01   1.1701769e-01  -8.3163762e-04
   2.8444056e+01   9.9583513e-02  -6.7440271e-04
   2.8508191e+01   6.0876322e-02   8.2623925e-04
   2.8572327e+01   5.4569079e-03   6.7472578e-04
   2.8636462e+01  -4.1298826e-02  -8.2088083e-04
   2.8700598e+01  -5.1759923e-02  -6.7504440e-04
   2.8764733e+01  -3.0559629e-02   8.1556178e-04
   2.8828869e+01  -5.2342815e-03   6.7535863e-04
   2.8893004e+01   1.2004232e-02  -8.1028158e-04
   2.8957140e+01   2.5337325e-02  -6.7566857e-04
   2.9021275e+01   2.9471828e-02   8.0503968e-04
   2.9085411e+01   1.9143749e-02   6.7597428e-04
   2.9149546e+01   1.6150316e-02  -7.9983557e-04
   2.9213682e+01   4.4914814e-02  -6.7627585e-04
   2.9277817e+01   8.2563855e-02   7.9466873e-04
   2.9341953e+01   7.6133325e-02   6.7657333e-04
   2.9406088e+01   1.4954064e-02  -7.8953865e-04
   2.9470224e+01  -5.3591491e-02  -6.7686680e-04
   2.9534359e+01  -8.9206683e-02   7.8444484e-04
   2.9598495e+01  -1.0172175e-01   6.7715632e-04
   2.9662630e+01  -1.1545391e-01  -7.7938681e-04
   2.9726766e+01  -1.2535345e-01  -6.7744198e-04
   2.9790901e+01  -1.1045861e-01   7.7436407e-04
   2.9855037e+01  -6.8683644e-02   6.7772382e-04
   2.9919172e+01  -1.8239607e-02  -7.6937617e-04
   2.9983308e+01   2.2552559e-02  -6.7800192e-04
   3.0047443e+01   4.3434623e-02   7.6442262e-04
   3.0111579e+01   4.0627024e-02   6.7827633e-04
   3.0175714e+01   1.8342343e-02  -7.5950298e-04
   3.0239850e+01  -1.2268214e-02  -6.7854713e-04
   3.0303985e+01  -4.0088807e-02   7.5461679e-04
   3.0368121e+01  -5.8721719e-02   6.7881436e-04
   3.0432256e+01  -6.8198210e-02  -7.4976363e-04
   3.0496392e+01  -7.5671388e-02  -6.7907809e-04
   3.0560527e+01  -8.6566054e-02   7.4494304e-04
   3.0624663e+01  -9.0812314e-02   6.7933838e-04
   3.0688798e+01  -7.0744611e-02  -7.4015461e-04
   3.0752934e+01  -2.9379983e-02  -6.7959527e-04
   3.0817069e+01   6.0918725e-03   7.3539792e-04
   3.0881204e+01   1.9497194e-02   6.7984884e-04
   3.0945340e+01   2.5549146e-02  -7.3067255e-04
   3.1009475e+01   4.1157312e-02  -6.8009913e-04
   3.1073611e+01   5.7658856e-02   7.2597809e-04
   3.1137746e+01   5.9413997e-02   6.8034619e-04
   3.1201882e+01   4.9963351e-02  -7.2131416e-04
   3.1266017e+01   3.9253550e-02  -6.8059008e-04
   3.1330153e+01   2.3656423e-02   7.1668035e-04
   3.1394288e+01  -3.8542148e-04   6.8083084e-04
   3.1458424e+01  -2.2383301e-02  -7.1207627e-04
   3.1522559e+01  -3.9381974e-02  -6.8106853e-04
   3.1586695e+01  -6.9497960e-02   7.0750156e-04
   3.1650830e+01  -1.1718131e-01   6.8130320e-04
   3.1714966e+01  -1.4578014e-01  -7.0295583e-04
   3.1779101e+01  -1.1659780e-01  -6.8153489e-04
   3.1843237e+01  -4.1451139e-02   6.9843871e-04
   3.1907372e+01   3.2125494e-02   6.8176365e-04
   3.1971508e+01   7.5079337e-02  -6.9394985e-04
   3.2035643e+01   9.0916276e-02  -6.8198953e-04
   3.2099779e+01   9.2124413e-02   6.8948888e-04
   3.2163914e+01   9.0399281e-02   6.8221257e-04
   3.2228050e+01   9.5436158e-02  -6.8505545e-04
   3.2292185e+01   9.7883579e-02  -6.8243281e-04
   3.2356321e+01   7.1974542e-02   6.8064922e-04
   3.2420456e+01   2.1218644e-02   6.8265031e-04
   3.2484592e+01  -3.5973496e-03  -6.7626985e-04
   3.2548727e+01   3.2960733e-02  -6.8286509e-04
   3.2612863e+01   9.3409298e-02   6.7191701e-04
   3.2676998e+01   1.1250297e-01   6.8307721e-04
   3.2741134e+01   7.9312526e-02  -6.6759035e-04
   3.2805269e+01   3.0135309e-02  -6.8328670e-04
   3.2869405e+01  -1.9963832e-02   6.6328956e-04
   3.2933540e+01  -8.2841290e-02   6.8349360e-04
   3.2997676e+01  -1.4284263e-01  -6.5901432e-04
   3.3061811e+01  -1.5580955e-01  -6.8369795e-04
   3.3125947e+01  -1.1137201e-01   6.5476431e-04
   3.3190082e+01  -4.9576297e-02   6.8389980e-04
   3.3254218e+01  -4.8414951e-03  -6.5053922e-04
   3.3318353e+01   2.6160603e-02  -6.8409917e-04
   3.3382489e+01   5.1396057e-02   6.4633875e-04
   3.3446624e+01   5.9500153e-02   6.8429611e-04
   3.3510760e+01   4.4788874e-02  -6.4216259e-04
   3.3574895e+01   2.2162346e-02  -6.8449065e-04
   3.3639030e+01   3.5732005e-04   6.3801045e-04
   3.3703166e+01  -3.0753461e-02   6.8468283e-04
   3.3767301e+01  -6.9711548e-02  -6.3388203e-04
   3.3831437e+01  -8.6640184e-02  -6.8487268e-04
   3.3895572e+01  -5.8069377e-02   6.2977705e-04
   3.3959708e+01  -3.8639652e-03   6.8506023e-04
   3.4023843e+01   2.7652522e-02  -6.2569522e-04
   3.4087979e+01   6.7814860e-03  -6.8524552e-04
   3.4152114e+01  -5.0016530e-02   6.2163627e-04
   3.4216250e+01  -9.4327393e-02   6.8542859e-04
   3.4280385e+01  -9.0328731e-02  -6.1759991e-04
   3.4344521e+01  -5.2301576e-02  -6.8560946e-04
   3.4408656e+01  -2.8971891e-02   6.1358588e-04
   3.4472792e+01  -4.1771851e-02   6.8578816e-04
   3.4536927e+01  -5.6539795e-02  -6.0959391e-04
   3.4601063e+01  -3.4655540e-02  -6.8596474e-04
   3.4665198e+01   8.5111127e-03   6.0562373e-04
   3.4729334e+01   2.5653256e-02   6.8613921e-04
   3.4793469e+01   2.7957144e-03  -6.0167509e-04
   3.4857605e+01  -3.1765807e-02  -6.8631160e-04
   3.4921740e+01  -5.4201282e-02   5.9774773e-04
   3.4985876e+01  -6.4154865e-02   6.8648196e-04
   3.5050011e+01  -6.0908550e-02  -5.9384139e-04
   3.5114147e+01  -3.8120469e-02  -6.8665030e-04
   3.5178282e+01  -6.4645504e-03   5.8995583e-04
   3.5242418e+01   9.8918046e-03   6.8681665e-04
   3.5306553e+01   4.9052730e-03  -5.8609081e-04
   3.5370689e+01  -6.5174061e-03  -6.8698105e-04
   3.5434824e+01  -1.6938219e-02   5.8224607e-04
   3.5498960e+01  -2.9082089e-02   6.8714351e-04
   3.5563095e+01  -3.1091673e-02  -5.7842138e-04
   3.5627231e+01  -3.2749513e-03  -6.8730407e-04
   3.5691366e+01   4.4000434e-02   5.7461651e-04
   3.5755502e+01   7.1325073e-02   6.8746275e-04
   3.5819637e+01   6.0739086e-02  -5.7083122e-04
   3.5883773e+01   3.7997237e-02  -6.8761958e-04
   3.5947908e+01   3.1018971e-02   5.6706528e-04
   3.6012044e+01   2.9565619e-02   6.8777459e-04
   3.6076179e+01   3.1362168e-03  -5.6331847e-04
   3.6140315e+01  -5.5569559e-02  -6.8792779e-04
   3.6204450e+01  -1.1934214e-01   5.5959057e-04
   3.6268585e+01  -1.5242669e-01   6.8807921e-04
   3.6332721e+01  -1.4260980e-01  -5.5588135e-04
   3.6396856e+01  -1.1175095e-01  -6.8822888e-04
   3.6460992e+01  -9.0940940e-02   5.5219060e-04
   3.6525127e+01  -7.9649847e-02   6.8837682e-04
   3.6589263e+01  -4.3336649e-02  -5.4851811e-04
   3.6653398e+01   3.3225056e-02  -6.8852305e-04
   3.6717534e+01   1.0775647e-01   5.4486366e-04
   3.6781669e+01   1.2338828e-01   6.8866760e-04
   3.6845805e+01   7.8927995e-02  -5.4122704e-04
   3.6909940e+01   2.3091132e-02  -6.8881049e-04
   3.6974076e+01  -1.6713895e-02   5.3760806e-04
   3.7038211e+01  -6.0862534e-02   6.8895173e-04
   3.7102347e+01  -1.2492779e-01  -5.3400650e-04
   3.7166482e+01  -1.7790110e-01  -6.8909136e-04
   3.7230618e+01  -1.7666670e-01   5.3042217e-04
   3.7294753e+01  -1.2257349e-01   6.8922939e-04
   3.7358889e+01  -6.0508747e-02  -5.2685488e-04
   3.7423024e+01  -2.7695809e-02  -6.8936585e-04
   3.7487160e+01  -1.9039727e-02   5.2330442e-04
   3.7551295e+01  -4.5967532e-03   6.8950075e-04
   3.7615431e+01   2.6599117e-02  -5.1977060e-04
   3.7679566e+01   4.9033623e-02  -6.8963411e-04
   3.7743702e+01   3.4450789e-02   5.1625323e-04
   3.7807837e+01  -2.4919103e-03   6.8976596e-04
   3.7871973e+01  -1.2987343e-02  -5.1275213e-04
   3.7936108e+01   2.4397777e-02  -6.8989631e-04
   3.8000244e+01   7.3013103e-02   5.0926712e-04
   3.8064379e+01   8.4462001e-02   6.9002519e-04
   3.8128515e+01   5.5561536e-02  -5.0579800e-04
   3.8192650e+01   1.9245600e-02  -6.9015260e-04
   3.8256786e+01  -1.5017539e-03   5.0234460e-04
   3.8320921e+01  -4.7790368e-03   6.9027858e-04
   3.8385057e+01   8.8612550e-03  -4.9890674e-04
   3.8449192e+01   3.6396250e-02  -6.9040313e-04
   3.8513328e+01   6.3175189e-02   4.9548425e-04
   3.8577463e+01   7.9456374e-02   6.9052628e-04
   3.8641599e+01   9.5094701e-02  -4.9207695e-04
   3.8705734e+01   1.1261380e-01  -6.9064804e-04
   3.8769870e+01   1.0213885e-01   4.8868467e-04
   3.8834005e+01   3.8032395e-02   6.9076843e-04
   3.8898140e+01  -5.0247575e-02  -4.8530724e-04
   3.8962276e+01  -1.0277173e-01  -6.9088747e-04
   3.9026411e+01  -1.0213254e-01   4.8194449e-04
   3.9090547e+01  -8.6407747e-02   6.9100517e-04
   3.9154682e+01  -9.0127060e-02  -4.7859627e-04
   3.9218818e+01  -1.0818244e-01  -6.9112156e-04
   3.9282953e+01  -1.2134643e-01   4.7526240e-04
   3.9347089e+01  -1.2214945e-01   6.9123664e-04
   3.9411224e+01  -1.0706791e-01  -4.7194272e-04
   3.9475360e+01  -7.3720455e-02  -6.9135043e-04
   3.9539495e+01  -3.5489321e-02   4.6863708e-04
   3.9603631e+01  -1.2488803e-02   6.9146295e-04
   3.9667766e+01   1.2920876e-04  -4.6534532e-04
   3.9731902e+01   2.9365123e-02  -6.9157421e-04
   3.9796037e+01   8.1633184e-02   4.6206728e-04
   3.9860173e+01   1.2711523e-01   6.9168423e-04
   3.9924308e+01   1.3590223e-01  -4.5880282e-04
   3.9988444e+01   1.0816505e-01  -6.9179303e-04
   4.0052579e+01   6.0924080e-02   4.5555177e-04
   4.0116715e+01   7.1343865e-03   6.9190061e-04
   4.0180850e+01  -4.2702906e-02  -4.5231399e-04
   4.0244986e+01  -7.8282502e-02  -6.9200699e-04
   4.0309121e+01  -9.9370114e-02   4.4908933e-04
   4.0373257e+01  -1.1269586e-01   6.9211219e-04
   4.0437392e+01  -1.1343367e-01  -4.4587765e-04
   4.0501528e+01  -8.7436169e-02  -6.9221622e-04
   4.0565663e+01  -3.8199722e-02   4.4267879e-04
   4.0629799e+01   6.9599337e-03   6.9231909e-04
   4.0693934e+01   2.7798544e-02  -4.3949263e-04
   4.0758070e+01   3.4658617e-02  -6.9242082e-04
   4.0822205e+01   5.1729014e-02   4.3631901e-04
   4.0886341e+01   8.5957824e-02   6.9252142e-04
   4.0950476e+01   1.1952148e-01  -4.3315780e-04
   4.1014612e+01   1.2864221e-01  -6.9262090e-04
   4.1078747e+01   1.0910109e-01   4.3000885e-04
   4.1142883e+01   8.6404647e-02   6.9271928e-04
   4.1207018e+01   9.3879693e-02  -4.2687204e-04
   4.1271154e+01   1.3307769e-01  -6.9281656e-04
   4.1335289e+01   1.6543672e-01   4.2374723e-04
   4.1399425e+01   1.5403000e-01   6.9291277e-04
   4.1463560e+01   1.0289088e-01  -4.2063428e-04
   4.1527695e+01   4.3824991e-02  -6.9300791e-04
   4.1591831e+01   8.8522257e-04   4.1753306e-04
   4.1655966e+01  -1.4741705e-02   6.9310199e-04
   4.1720102e+01   5.0593470e-03  -4.1444344e-04
   4.1784237e+01   5.1114549e-02  -6.9319503e-04
   4.1848373e+01   8.6378038e-02   4.1136530e-04
   4.1912508e+01   8.2574575e-02   6.9328704e-04
   4.1976644e+01   6.0929956e-02  -4.0829851e-04
   4.2040779e+01   6.4408030e-02  -6.9337802e-04
   4.2104915e+01   9.4383337e-02   4.0524293e-04
   4.2169050e+01   1.1070109e-01   6.9346800e-04
   4.2233186e+01   9.5747619e-02  -4.0219845e-04
   4.2297321e+01   8.0313359e-02  -6.9355698e-04
   4.2361457e+01   9.3260764e-02   3.9916494e-04
   4.2425592e+01   1.1629305e-01   6.9364497e-04
   4.2489728e+01   1.0774857e-01  -3.9614228e-04
   4.2553863e+01   5.3405895e-02  -6.9373198e-04
   4.2617999e+01  -2.0395086e-02   3.9313036e-04
   4.2682134e+01  -7.1329673e-02   6.9381803e-04
   4.2746270e+01  -7.0091198e-02  -3.9012904e-04
   4.2810405e+01  -1.8290835e-02  -6.9390312e-04
   4.2874541e+01   5.2122576e-02   3.8713821e-04
   4.2938676e+01   1.0303149e-01   6.9398727e-04
   4.3002812e+01   1.1799331e-01  -3.8415776e-04
   4.3066947e+01   1.0502022e-01  -6.9407048e-04
   4.3131083e+01   7.9880341e-02   3.8118757e-04
   4.3195218e+01   5.5507827e-02   6.9415276e-04
   4.3259354e+01   3.8148217e-02  -3.7822753e-04
   4.3323489e+01   2.1062779e-02  -6.9423413e-04
   4.3387625e+01  -8.5923925e-03   3.7527752e-04
   4.3451760e+01  -4.4370138e-02   6.9431459e-04
   4.3515896e+01  -5.6922753e-02  -3.7233742e-04
   4.3580031e+01  -3.3804993e-02  -6.9439415e-04
   4.3644167e+01  -6.4345805e-03   3.6940714e-04
   4.3708302e+01  -1.2234702e-02   6.9447283e-04
   4.3772438e+01  -4.2887806e-02  -3.6648656e-04
   4.3836573e+01  -5.8348035e-02  -6.9455062e-04
   4.3900709e+01  -4.1936116e-02   3.6357558e-04
   4.3964844e+01  -1.1334834e-02   6.9462755e-04
   4.4028980e+01   1.6367566e-02  -3.6067407e-04
   4.4093115e+01   3.6403093e-02  -6.9470362e-04
   4.4157250e+01   3.7440914e-02   3.5778195e-04
   4.4221386e+01   7.9845477e-03   6.9477883e-04
   4.4285521e+01  -3.3832292e-02  -3.5489909e-04
   4.4349657e+01  -4.8866021e-02  -6.9485320e-04
   4.4413792e+01  -2.3819077e-02   3.5202541e-04
   4.4477928e+01   1.4998042e-02   6.9492673e-04
   4.4542063e+01   3.8831915e-02  -3.4916079e-04
   4.4606199e+01   4.2215578e-02  -6.9499944e-04
   4.4670334e+01   2.8197170e-02   3.4630514e-04
   4.4734470e+01  -3.7103596e-03   6.9507132e-04
   4.4798605e+01  -4.4317697e-02  -3.4345835e-04
   4.4862741e+01  -7.1049696e-02  -6.9514240e-04
   4.4926876e+01  -6.8199724e-02   3.4062032e-04
   4.4991012e+01  -3.7695829e-02   6.9521267e-04
   4.5055147e+01   1.1486409e-02  -3.3779096e-04
   4.5119283e+01   6.7301188e-02  -6.9528215e-04
   4.5183418e+01   1.0873479e-01   3.3497016e-04
   4.5247554e+01   1.1777180e-01   6.9535084e-04
   4.5311689e+01   1.0149661e-01  -3.3215783e-04
   4.5375825e+01   8.4952192e-02  -6.9541875e-04
   4.5439960e+01   8.0038801e-02   3.2935387e-04
   4.5504096e+01   7.7570797e-02   6.9548589e-04
   4.5568231e+01   6.9073086e-02  -3.2655819e-04
   4.5632367e+01   5.8525211e-02  -6.9555226e-04
   4.5696502e+01   5.3225861e-02   3.2377069e-04
   4.5760638e+01   5.9393742e-02   6.9561788e-04
   4.5824773e+01   8.2762654e-02  -3.2099128e-04
   4.5888909e+01   1.1529173e-01  -6.9568274e-04
   4.5953044e+01   1.2744984e-01   3.1821986e-04
   4.6017180e+01   9.5990890e-02   6.9574686e-04
   4.6081315e+01   3.5843641e-02  -3.1545635e-04
   4.6145451e+01  -1.6710294e-02  -6.9581024e-04
   4.6209586e+01  -4.7215944e-02   3.1270066e-04
   4.6273722e+01  -6.6653251e-02   6.9587289e-04
   4.6337857e+01  -7.9097024e-02  -3.0995269e-04
   4.6401993e+01  -7.4572957e-02  -6.9593482e-04
   4.6466128e+01  -5.3370947e-02   3.0721235e-04
   4.6530264e+01  -3.0397094e-02   6.9599603e-04
   4.6594399e+01  -1.2520547e-02  -3.0447956e-04
   4.6658535e+01   6.0492750e-03  -6.9605653e-04
   4.6722670e+01   2.4423948e-02   3.0175422e-04
   4.6786805e+01   3.1507177e-02   6.9611633e-04
   4.6850941e+01   2.2622514e-02  -2.9903626e-04
   4.6915076e+01   3.7700973e-03  -6.9617543e-04
   4.6979212e+01  -1.5921566e-02   2.9632558e-04
   4.7043347e+01  -2.1504777e-02   6.9623384e-04
   4.7107483e+01   3.7277822e-03  -2.9362210e-04
   4.7171618e+01   4.9283867e-02  -6.9629156e-04
   4.7235754e+01   6.9528524e-02   2.9092574e-04
   4.7299889e+01   3.5421880e-02   6.9634860e-04
   4.7364025e+01  -1.9098715e-02  -2.8823641e-04
   4.7428160e+01  -3.5507726e-02  -6.9640497e-04
   4.7492296e+01  -2.6173090e-03   2.8555402e-04
   4.7556431e+01   4.5325115e-02   6.9646067e-04
   4.7620567e+01   8.6079936e-02  -2.8287851e-04
   4.7684702e+01   1.1829407e-01  -6.9651571e-04
   4.7748838e+01   1.2357790e-01   2.8020977e-04
   4.7812973e+01   7.6178189e-02   6.9657009e-04
   4.7877109e+01  -4.3725980e-03  -2.7754774e-04
   4.7941244e+01  -6.1824100e-02  -6.9662382e-04
   4.8005380e+01  -7.5830938e-02   2.7489234e-04
   4.8069515e+01  -7.9374398e-02   6.9667690e-04
   4.8133651e+01  -9.1871174e-02  -2.7224347e-04
   4.8197786e+01  -8.5124895e-02  -6.9672935e-04
   4.8261922e+01  -3.8155526e-02   2.6960107e-04
   4.8326057e+01   1.8456184e-02   6.9678116e-04
   4.8390193e+01   4.1600908e-02  -2.6696506e-04
   4.8454328e+01   2.5138724e-02  -6.9683234e-04
   4.8518464e+01  -1.4123400e-02   2.6433535e-04
   4.8582599e+01  -6.6167287e-02   6.9688289e-04
   4.8646735e+01  -1.1565720e-01  -2.6171188e-04
   4.8710870e+01  -1.3019186e-01  -6.9693283e-04
   4.8775006e+01  -9.3675973e-02   2.5909456e-04
   4.8839141e+01  -3.4261294e-02   6.9698215e-04
   4.8903277e+01   5.4170698e-03  -2.5648332e-04
   4.8967412e+01   1.1211168e-02  -6.9703086e-04
   4.9031548e+01  -5.0846730e-03   2.5387809e-04
   4.9095683e+01  -2.9227067e-02   6.9707896e-04
   4.9159819e+01  -4.6015509e-02  -2.5127878e-04
   4.9223954e+01  -3.9348320e-02  -6.9712647e-04
   4.9288090e+01  -1.4373345e-02   2.4868533e-04
   4.9352225e+01  -2.9487585e-03   6.9717338e-04
   4.9416360e+01  -2.5029838e-02  -2.4609766e-04
   4.9480496e+01  -5.8731476e-02  -6.9721970e-04
   4.9544631e+01  -6.8965008e-02   2.4351570e-04
   4.9608767e+01  -5.2231273e-02   6.9726543e-04
   4.9672902e+01  -3.2449018e-02  -2.4093938e-04
   4.9737038e+01  -2.4641440e-02  -6.9731058e-04
   4.9801173e+01  -2.5692243e-02   2.3836862e-04
   4.9865309e+01  -3.3986196e-02   6.9735516e-04
   4.9929444e+01  -5.4234447e-02  -2.3580336e-04
   4.9993580e+01  -7.9833423e-02  -6.9739916e-04
   5.0057715e+01  -8.7209021e-02   2.3324351e-04
   5.0121851e+01  -5.7618106e-02   6.9744259e-04
   5.0185986e+01  -1.3435086e-03  -2.3068903e-04
   5.0250122e+01   4.6492869e-02  -6.9748545e-04
   5.0314257e+01   5.9712797e-02   2.2813982e-04
   5.0378393e+01   4.9983354e-02   6.9752776e-04
   5.0442528e+01   5.2450518e-02  -2.2559583e-04
   5.0506664e+01   7.9347832e-02  -6.9756951e-04
   5.0570799e+01   1.0275742e-01   2.2305698e-04
   5.0634935e+01   9.3641832e-02   6.9761071e-04
   5.0699070e+01   6.0645344e-02  -2.2052322e-04
   5.0763206e+01   3.1948590e-02  -6.9765135e-04
   5.0827341e+01   1.4342251e-02   2.1799446e-04
   5.0891477e+01  -5.7113803e-03   6.9769145e-04
   5.0955612e+01  -3.2330512e-02  -2.1547064e-04
   5.1019748e+01  -5.7155125e-02  -6.9773102e-04
   5.1083883e+01  -7.5729393e-02   2.1295170e-04
   5.1148019e+01  -8.1778214e-02   6.9777004e-04
   5.1212154e+01  -5.8821730e-02  -2.1043757e-04
   5.1276290e+01  -7.6648147e-03  -6.9780853e-04
   5.1340425e+01   3.2983904e-02   2.0792818e-04
   5.1404561e+01   3.1363554e-02   6.9784649e-04
   5.1468696e+01   1.5289195e-02  -2.0542347e-04
   5.1532832e+01   3.4554024e-02  -6.9788392e-04
   5.1596967e+01   7.9047222e-02   2.0292338e-04
   5.1661103e+01   8.8653599e-02   6.9792083e-04
   5.1725238e+01   4.8169379e-02  -2.0042783e-04
   5.1789374e+01   1.5178310e-02  -6.9795722e-04
   5.1853509e+01   3.5603322e-02   1.9793677e-04
   5.1917645e+01   8.2127200e-02   6.9799310e-04
   5.1981780e+01   1.0241301e-01  -1.9545013e-04
   5.2045915e+01   8.6193766e-02  -6.9802846e-04
   5.2110051e+01   5.5690759e-02   1.9296784e-04
   5.2174186e+01   2.5307721e-02   6.9806331e-04
   5.2238322e+01   1.6175848e-03  -1.9048985e-04
   5.2302457e+01  -4.9905188e-03  -6.9809765e-04
   5.2366593e+01   2.4004750e-03   1.8801610e-04
   5.2430728e+01   9.3854418e-04   6.9813149e-04
   5.2494864e+01  -1.7704203e-02  -1.8554651e-04
   5.2558999e+01  -2.9843361e-02  -6.9816483e-04
   5.2623135e+01  -1.7514394e-02   1.8308104e-04
   5.2687270e+01   2.1370155e-03   6.9819768e-04
   5.2751406e+01   8.6974815e-03  -1.8061961e-04
   5.2815541e+01   1.4055300e-02  -6.9823002e-04
   5.2879677e+01   3.8573565e-02   1.7816217e-04
   5.2943812e+01   7.3233488e-02   6.9826188e-04
   5.3007948e+01   9.4853210e-02  -1.7570865e-04
   5.3072083e+01   1.0293567e-01  -6.9829325e-04
   5.3136219e+01   1.1278958e-01   1.7325900e-04
   5.3200354e+01   1.2295543e-01   6.9832413e-04
   5.3264490e+01   1.1554417e-01  -1.7081315e-04
   5.3328625e+01   8.3219771e-02  -6.9835453e-04
   5.3392761e+01   3.6563555e-02   1.6837106e-04
   5.3456896e+01  -9.0996616e-03   6.9838445e-04
   5.3521032e+01  -3.9114116e-02  -1.6593265e-04
   5.3585167e+01  -4.0927788e-02  -6.9841390e-04
   5.3649303e+01  -1.6495172e-02   1.6349786e-04
   5.3713438e+01   1.2382441e-02   6.9844286e-04
   5.3777574e+01   2.3385776e-02  -1.6106665e-04
   5.3841709e+01   1.4282736e-02  -6.9847136e-04
   5.3905845e+01  -6.3347698e-04   1.5863895e-04
   5.3969980e+01  -5.0040765e-03   6.9849939e-04
   5.4034116e+01   1.2287608e-02  -1.5621470e-04
   5.4098251e+01   4.9740321e-02  -6.9852695e-04
   5.4162387e+01   8.6205051e-02   1.5379385e-04
   5.4226522e+01   9.4163666e-02   6.9855404e-04
   5.4290658e+01   6.6700669e-02  -1.5137634e-04
   5.4354793e+01   2.2125745e-02  -6.9858067e-04
   5.4418929e+01  -1.6591820e-02   1.4896211e-04
   5.4483064e+01  -3.2566456e-02   6.9860684e-04
   5.4547200e+01  -1.2513633e-02  -1.4655110e-04
   5.4611335e+01   3.9581222e-02  -6.9863256e-04
   5.4675470e+01   8.6812416e-02   1.4414327e-04
   5.4739606e+01   8.8073169e-02   6.9865782e-04
   5.4803741e+01   4.8905203e-02  -1.4173854e-04
   5.4867877e+01   1.5866933e-02  -6.9868262e-04
   5.4932012e+01   1.5011220e-02   1.3933687e-04
   5.4996148e+01   2.7759905e-02   6.9870698e-04
   5.5060283e+01   3.5192613e-02  -1.3693821e-04
   5.5124419e+01   4.7680018e-02  -6.9873088e-04
   5.5188554e+01   7.2150723e-02   1.3454249e-04
   5.5252690e+01   8.5820331e-02   6.9875434e-04
   5.5316825e+01   6.9808766e-02  -1.3214966e-04
   5.5380961e+01   4.2542697e-02  -6.9877735e-04
   5.5445096e+01   3.2166551e-02   1.2975967e-04
   5.5509232e+01   3.5610053e-02   6.9879993e-04
   5.5573367e+01   3.0286664e-02  -1.2737245e-04
   5.5637503e+01   1.0452613e-02  -6.9882206e-04
   5.5701638e+01  -1.0427309e-02   1.2498797e-04
   5.5765774e+01  -2.0320090e-02   6.9884375e-04
   5.5829909e+01  -1.4133864e-02  -1.2260616e-04
   5.5894045e+01   7.0172878e-03  -6.9886500e-04
   5.5958180e+01   2.7240354e-02   1.2022697e-04
   5.6022316e+01   2.3118497e-02   6.9888582e-04
   5.6086451e+01  -5.9943497e-03  -1.1785034e-04
   5.6150587e+01  -3.2014839e-02  -6.9890621e-04
   5.6214722e+01  -3.5100632e-02   1.1547622e-04
   5.6278858e+01  -2.6970752e-02   6.9892616e-04
   5.6342993e+01  -2.5438240e-02  -1.1310457e-04
   5.6407129e+01  -2.9647857e-02  -6.9894569e-04
   5.6471264e+01  -3.5373489e-02   1.1073532e-04
   5.6535400e+01  -4.8297351e-02   6.9896479e-04
   5.6599535e+01  -6.2908287e-02  -1.0836842e-04
   5.6663671e+01  -5.5310780e-02  -6.9898346e-04
   5.6727806e+01  -2.0933189e-02   1.0600383e-04
   5.6791942e+01   5.9282277e-03   6.9900170e-04
   5.6856077e+01  -2.4171997e-03  -1.0364148e-04
   5.6920213e+01  -2.4444475e-02  -6.9901952e-04
   5.6984348e+01  -2.1109573e-02   1.0128133e-04
   5.7048484e+01   1.0751333e-02   6.9903692e-04
   5.7112619e+01   4.7580146e-02  -9.8923319e-05
   5.7176755e+01   8.0640661e-02  -6.9905390e-04
   5.7240890e+01   1.1053509e-01   9.6567403e-05
   5.7305025e+01   1.1558698e-01   6.9907046e-04
   5.7369161e+01   7.0709345e-02  -9.4213529e-05
   5.7433296e+01  -2.9663623e-03  -6.9908661e-04
   5.7497432e+01  -4.8030600e-02   9.1861644e-05
   5.7561567e+01  -4.0012404e-02   6.9910234e-04
   5.7625703e+01  -1.5693983e-02  -8.9511697e-05
   5.7689838e+01  -1.9784650e-02  -6.9911765e-04
   5.7753974e+01  -4.8148862e-02   8.7163636e-05
   5.7818109e+01  -6.0654426e-02   6.9913255e-04
   5.7882245e+01  -3.4732723e-02  -8.4817412e-05
   5.7946380e+01   1.0795481e-02  -6.9914703e-04
   5.8010516e+01   3.8758396e-02   8.2472973e-05
   5.8074651e+01   2.7736674e-02   6.9916111e-04
   5.8138787e+01  -1.4704517e-02  -8.0130268e-05
   5.8202922e+01  -6.1220911e-02  -6.9917478e-04
   5.8267058e+01  -8.1769121e-02   7.7789247e-05
   5.8331193e+01  -5.9402380e-02   6.9918803e-04
   5.8395329e+01  -3.8786961e-03  -7.5449860e-05
   5.8459464e+01   4.6593518e-02  -6.9920088e-04
   5.8523600e+01   5.3490350e-02   7.3112056e-05
   5.8587735e+01   2.2273783e-02   6.9921333e-04
   5.8651871e+01   5.0797918e-03  -7.0775785e-05
   5.8716006e+01   3.7289401e-02  -6.9922537e-04
   5.8780142e+01   8.2308778e-02   6.8440998e-05
   5.8844277e+01   7.1102815e-02   6.9923700e-04
   5.8908413e+01  -5.0896575e-03  -6.6107645e-05
   5.8972548e+01  -7.7246062e-02  -6.9924823e-04
   5.9036684e+01  -8.2075976e-02   6.3775675e-05
   5.9100819e+01  -2.8965638e-02   6.9925906e-04
   5.9164955e+01   3.0915344e-02  -6.1445039e-05
   5.9229090e+01   6.7902095e-02  -6.9926948e-04
   5.9293226e+01   8.1810751e-02   5.9115688e-05
   5.9357361e+01   7.5490987e-02   6.9927951e-04
   5.9421497e+01   5.3791748e-02  -5.6787572e-05
   5.9485632e+01   3.4819197e-02  -6.9928913e-04
   5.9549768e+01   3.3903221e-02   5.4460643e-05
   5.9613903e+01   4.3820804e-02   6.9929836e-04
   5.9678039e+01   5.0754124e-02  -5.2134851e-05
   5.9742174e+01   5.7735310e-02  -6.9930719e-04
   5.9806310e+01   6.9700658e-02   4.9810146e-05
   5.9870445e+01   6.6931287e-02   6.9931562e-04
   5.9934580e+01   2.2021527e-02  -4.7486480e-05
   5.9998716e+01  -5.7282113e-02  -6.9932366e-04
   6.0062851e+01  -1.2492937e-01   4.5163804e-05
   6.0126987e+01  -1.4115459e-01   6.9933129e-04
   6.0191122e+01  -1.0766369e-01  -4.2842070e-05
   6.0255258e+01  -5.7971373e-02  -6.9933854e-04
   6.0319393e+01  -2.4407465e-02   4.0521227e-05
   6.0383529e+01  -1.5834306e-02   6.9934538e-04
   6.0447664e+01  -1.8778994e-02  -3.8201229e-05
   6.0511800e+01  -1.6411191e-02  -6.9935184e-04
   6.0575935e+01  -5.8255767e-03   3.5882025e-05
   6.0640071e+01   6.4904948e-03   6.9935790e-04
   6.0704206e+01   2.2194896e-02  -3.3563569e-05
   6.0768342e+01   5.0676240e-02  -6.9936356e-04
   6.0832477e+01   8.8454984e-02   3.1245810e-05
   6.0896613e+01   1.1372205e-01   6.9936884e-04
   6.0960748e+01   1.0992053e-01  -2.8928702e-05
   6.1024884e+01   8.5043331e-02  -6.9937372e-04
   6.1089019e+01   6.0662239e-02   2.6612194e-05
   6.1153155e+01   5.0178706e-02   6.9937821e-04
   6.1217290e+01   5.2610774e-02  -2.4296240e-05
   6.1281426e+01   5.8963024e-02  -6.9938230e-04
   6.1345561e+01   6.0413519e-02   2.1980791e-05
   6.1409697e+01   5.7010630e-02   6.9938601e-04
   6.1473832e+01   5.8120392e-02  -1.9665798e-05
   6.1537968e+01   6.6426013e-02  -6.9938932e-04
   6.1602103e+01   6.6946148e-02   1.7351214e-05
   6.1666239e+01   4.4862100e-02   6.9939225e-04
   6.1730374e+01   6.6941629e-03  -1.5036991e-05
   6.1794510e+01  -3.3771463e-02  -6.9939478e-04
   6.1858645e+01  -8.0063582e-02   1.2723079e-05
   6.1922781e+01  -1.3701972e-01   6.9939693e-04
   6.1986916e+01  -1.7861668e-01  -1.0409432e-05
   6.2051052e+01  -1.6763484e-01  -6.9939868e-04
   6.2115187e+01  -1.0892226e-01   8.0960008e-06
   6.2179323e+01  -4.8050340e-02   6.9940005e-04
   6.2243458e+01  -1.2837623e-02  -5.7827376e-06
   6.2307594e+01   6.5317769e-03  -6.9940102e-04
   6.2371729e+01   1.3828632e-02   3.4695946e-06
   6.2435865e+01  -9.7791660e-03   6.9940160e-04
   6.2500000e+01  -5.9022033e-02  -1.1565236e-06
