  0.0000000e+000  1.0000000e+000  1.0141922e+000
  8.0000000e-003  9.6827329e-001  1.0167608e+000
  1.6000000e-002  9.7638466e-001  1.0231899e+000
  2.4000000e-002  9.7042615e-001  1.0305225e+000
  3.2000000e-002  9.7549158e-001  1.0359430e+000
  4.0000000e-002  9.8000699e-001  1.0380514e+000
  4.8000000e-002  9.8635643e-001  1.0369333e+000
  5.6000000e-002  9.8138036e-001  1.0335468e+000
  6.4000000e-002  9.6813776e-001  1.0291624e+000
  7.2000000e-002  9.7394235e-001  1.0250115e+000
  8.0000000e-002  9.6623227e-001  1.0219677e+000
  8.8000000e-002  9.5673071e-001  1.0202913e+000
  9.6000000e-002  9.6805246e-001  1.0196506e+000
  1.0400000e-001  9.6717392e-001  1.0194283e+000
  1.1200000e-001  9.6776118e-001  1.0190669e+000
  1.2000000e-001  9.6035148e-001  1.0182500e+000
  1.2800000e-001  9.6611863e-001  1.0169221e+000
  1.3600000e-001  9.5349082e-001  1.0152189e+000
  1.4400000e-001  9.7309792e-001  1.0133325e+000
  1.5200000e-001  9.6274453e-001  1.0113454e+000
  1.6000000e-001  9.5427448e-001  1.0091343e+000
  1.6800000e-001  9.4357949e-001  1.0064227e+000
  1.7600000e-001  9.5498519e-001  1.0029497e+000
  1.8400000e-001  9.5217350e-001  9.9864881e-001
  1.9200000e-001  9.5388635e-001  9.9374259e-001
  2.0000000e-001  9.4593353e-001  9.8870784e-001
  2.0800000e-001  9.2501384e-001  9.8411656e-001
  2.1600000e-001  9.2904430e-001  9.8041379e-001
  2.2400000e-001  9.1549717e-001  9.7773915e-001
  2.3200000e-001  9.3647484e-001  9.7588256e-001
  2.4000000e-001  9.4302068e-001  9.7438949e-001
  2.4800000e-001  9.1503027e-001  9.7275407e-001
  2.5600000e-001  9.3032236e-001  9.7060474e-001
  2.6400000e-001  9.3575479e-001  9.6780206e-001
  2.7200000e-001  9.1823681e-001  9.6441912e-001
  2.8000000e-001  9.1295156e-001  9.6063851e-001
  2.8800000e-001  9.1292377e-001  9.5663893e-001
  2.9600000e-001  9.0466069e-001  9.5253174e-001
  3.0400000e-001  9.1271633e-001  9.4836327e-001
  3.1200000e-001  9.0936040e-001  9.4415971e-001
  3.2000000e-001  9.0248443e-001  9.3997575e-001
  3.2800000e-001  8.9421096e-001  9.3591143e-001
  3.3600000e-001  8.8370987e-001  9.3208245e-001
  3.4400000e-001  8.8412451e-001  9.2856146e-001
  3.5200000e-001  9.0846822e-001  9.2533015e-001
  3.6000000e-001  8.7742510e-001  9.2227374e-001
  3.6800000e-001  8.8610230e-001  9.1922169e-001
  3.7600000e-001  8.7154574e-001  9.1601416e-001
  3.8400000e-001  8.7691700e-001  9.1256364e-001
  3.9200000e-001  8.9387644e-001  9.0888311e-001
  4.0000000e-001  8.8748710e-001  9.0506786e-001
  4.0800000e-001  8.5774725e-001  9.0124373e-001
  4.1600000e-001  8.4790094e-001  8.9751221e-001
  4.2400000e-001  8.6458537e-001  8.9391876e-001
  4.3200000e-001  8.7262293e-001  8.9045196e-001
  4.4000000e-001  8.4353672e-001  8.8706579e-001
  4.4800000e-001  8.4994779e-001  8.8370878e-001
  4.5600000e-001  8.5225153e-001  8.8034234e-001
  4.6400000e-001  8.5704865e-001  8.7693878e-001
  4.7200000e-001  8.4772972e-001  8.7346560e-001
  4.8000000e-001  8.4414040e-001  8.6987370e-001
  4.8800000e-001  8.4500815e-001  8.6610163e-001
  4.9600000e-001  8.3735533e-001  8.6209457e-001
  5.0400000e-001  8.3460480e-001  8.5782852e-001
  5.1200000e-001  8.1537313e-001  8.5332689e-001
  5.2000000e-001  8.2422699e-001  8.4865863e-001
  5.2800000e-001  8.4496255e-001  8.4391508e-001
  5.3600000e-001  8.0513372e-001  8.3917725e-001
  5.4400000e-001  8.1707134e-001  8.3449214e-001
  5.5200000e-001  8.0387961e-001  8.2986934e-001
  5.6000000e-001  8.1050744e-001  8.2529592e-001
  5.6800000e-001  7.9596706e-001  8.2075997e-001
  5.7600000e-001  8.0696250e-001  8.1627049e-001
  5.8400000e-001  7.8639325e-001  8.1186218e-001
  5.9200000e-001  7.9239314e-001  8.0758117e-001
  6.0000000e-001  7.9379494e-001  8.0346185e-001
  6.0800000e-001  7.8059042e-001  7.9951079e-001
  6.1600000e-001  7.7362359e-001  7.9570667e-001
  6.2400000e-001  7.8721516e-001  7.9201351e-001
  6.3200000e-001  7.7706120e-001  7.8839940e-001
  6.4000000e-001  7.7012861e-001  7.8485131e-001
  6.4800000e-001  7.6443815e-001  7.8137618e-001
  6.5600000e-001  7.6319313e-001  7.7798540e-001
  6.6400000e-001  7.6443614e-001  7.7467330e-001
  6.7200000e-001  7.6380882e-001  7.7140565e-001
  6.8000000e-001  7.6879236e-001  7.6812451e-001
  6.8800000e-001  7.5296158e-001  7.6476506e-001
  6.9600000e-001  7.5327182e-001  7.6127716e-001
  7.0400000e-001  7.3486796e-001  7.5764375e-001
  7.1200000e-001  7.6840471e-001  7.5388564e-001
  7.2000000e-001  7.3949706e-001  7.5004777e-001
  7.2800000e-001  7.4717523e-001  7.4617749e-001
  7.3600000e-001  7.5057926e-001  7.4231167e-001
  7.4400000e-001  7.2083726e-001  7.3847781e-001
  7.5200000e-001  7.4248374e-001  7.3470160e-001
  7.6000000e-001  7.1761758e-001  7.3101524e-001
  7.6800000e-001  7.1537817e-001  7.2746449e-001
  7.7600000e-001  7.0687298e-001  7.2410709e-001
  7.8400000e-001  7.1621820e-001  7.2099457e-001
  7.9200000e-001  7.3062201e-001  7.1814687e-001
  8.0000000e-001  7.0620163e-001  7.1554126e-001
  8.0800000e-001  7.0704363e-001  7.1312328e-001
  8.1600000e-001  7.1319652e-001  7.1082578e-001
  8.2400000e-001  6.9978061e-001  7.0858380e-001
  8.3200000e-001  7.1401997e-001  7.0634676e-001
  8.4000000e-001  7.0587283e-001  7.0408788e-001
  8.4800000e-001  7.1358850e-001  7.0179942e-001
  8.5600000e-001  6.9460248e-001  6.9947234e-001
  8.6400000e-001  7.1412882e-001  6.9708151e-001
  8.7200000e-001  7.0014661e-001  6.9459455e-001
  8.8000000e-001  7.0162914e-001  6.9199339e-001
  8.8800000e-001  6.8580256e-001  6.8928549e-001
  8.9600000e-001  7.1194148e-001  6.8650139e-001
  9.0400000e-001  6.8748131e-001  6.8368943e-001
  9.1200000e-001  6.7903229e-001  6.8090801e-001
  9.2000000e-001  6.8084831e-001  6.7820717e-001
  9.2800000e-001  6.6402083e-001  6.7560810e-001
  9.3600000e-001  6.8199060e-001  6.7310240e-001
  9.4400000e-001  6.5672848e-001  6.7067392e-001
  9.5200000e-001  6.6371431e-001  6.6832011e-001
  9.6000000e-001  6.8812820e-001  6.6605447e-001
  9.6800000e-001  6.8220106e-001  6.6389659e-001
  9.7600000e-001  6.7289969e-001  6.6186338e-001
  9.8400000e-001  6.8370010e-001  6.5996163e-001
  9.9200000e-001  6.5560821e-001  6.5817889e-001
  1.0000000e+000  6.6704412e-001  6.5648182e-001
  1.0080000e+000  6.5953220e-001  6.5483203e-001
  1.0160000e+000  6.5749210e-001  6.5320998e-001
  1.0240000e+000  6.6499266e-001  6.5162582e-001
  1.0320000e+000  6.5714624e-001  6.5010869e-001
  1.0400000e+000  6.6232337e-001  6.4868618e-001
  1.0480000e+000  6.6919543e-001  6.4736957e-001
  1.0560000e+000  6.4262854e-001  6.4615018e-001
  1.0640000e+000  6.7138936e-001  6.4500458e-001
  1.0720000e+000  6.4689309e-001  6.4390633e-001
  1.0800000e+000  6.4703827e-001  6.4284022e-001
  1.0880000e+000  6.5089619e-001  6.4181128e-001
  1.0960000e+000  6.4904524e-001  6.4084123e-001
  1.1040000e+000  6.5613241e-001  6.3995221e-001
  1.1120000e+000  6.6423799e-001  6.3914766e-001
  1.1200000e+000  6.4147590e-001  6.3840361e-001
  1.1280000e+000  6.4492957e-001  6.3767726e-001
  1.1360000e+000  6.6807362e-001  6.3692723e-001
  1.1440000e+000  6.2524341e-001  6.3613205e-001
  1.1520000e+000  6.3666637e-001  6.3529625e-001
  1.1600000e+000  6.6410202e-001  6.3444207e-001
  1.1680000e+000  6.4299617e-001  6.3359236e-001
  1.1760000e+000  6.5714622e-001  6.3275347e-001
  1.1840000e+000  6.6553892e-001  6.3190757e-001
  1.1920000e+000  6.4362040e-001  6.3102016e-001
  1.2000000e+000  6.5152346e-001  6.3005955e-001
  1.2080000e+000  6.4236456e-001  6.2901660e-001
  1.2160000e+000  6.4518711e-001  6.2791228e-001
  1.2240000e+000  6.3608714e-001  6.2678839e-001
  1.2320000e+000  6.2634862e-001  6.2568617e-001
  1.2400000e+000  6.2487533e-001  6.2462489e-001
  1.2480000e+000  6.3221996e-001  6.2359324e-001
  1.2560000e+000  6.3749531e-001  6.2256035e-001
  1.2640000e+000  6.4282553e-001  6.2149999e-001
  1.2720000e+000  6.7047316e-001  6.2041230e-001
  1.2800000e+000  6.3328081e-001  6.1932920e-001
  1.2880000e+000  6.3809544e-001  6.1830097e-001
  1.2960000e+000  6.2379455e-001  6.1737238e-001
  1.3040000e+000  6.2967149e-001  6.1656161e-001
  1.3120000e+000  6.3743366e-001  6.1585309e-001
  1.3200000e+000  6.2839792e-001  6.1520872e-001
  1.3280000e+000  6.1692469e-001  6.1459165e-001
  1.3360000e+000  6.2435519e-001  6.1398958e-001
  1.3440000e+000  6.1890099e-001  6.1342476e-001
  1.3520000e+000  6.1405121e-001  6.1294468e-001
  1.3600000e+000  6.4935068e-001  6.1259647e-001
  1.3680000e+000  6.3288421e-001  6.1239748e-001
  1.3760000e+000  6.4107503e-001  6.1231928e-001
  1.3840000e+000  6.2938989e-001  6.1229800e-001
  1.3920000e+000  6.0495931e-001  6.1226771e-001
  1.4000000e+000  6.3974335e-001  6.1219753e-001
  1.4080000e+000  6.2261320e-001  6.1210965e-001
  1.4160000e+000  6.3986492e-001  6.1206618e-001
  1.4240000e+000  6.3069016e-001  6.1213088e-001
  1.4320000e+000  6.2013688e-001  6.1232710e-001
  1.4400000e+000  6.3660333e-001  6.1261763e-001
  1.4480000e+000  6.3418491e-001  6.1292137e-001
  1.4560000e+000  6.2668669e-001  6.1315815e-001
  1.4640000e+000  6.1985654e-001  6.1329496e-001
  1.4720000e+000  6.3676101e-001  6.1336595e-001
  1.4800000e+000  6.3368667e-001  6.1345535e-001
  1.4880000e+000  6.3844926e-001  6.1365226e-001
  1.4960000e+000  6.3122314e-001  6.1400129e-001
  1.5040000e+000  6.4422977e-001  6.1447633e-001
  1.5120000e+000  6.2537023e-001  6.1499358e-001
  1.5200000e+000  6.1700466e-001  6.1545730e-001
  1.5280000e+000  6.4529577e-001  6.1581250e-001
  1.5360000e+000  6.3381044e-001  6.1607639e-001
  1.5440000e+000  6.1609825e-001  6.1633324e-001
  1.5520000e+000  6.2759707e-001  6.1669399e-001
  1.5600000e+000  6.1891360e-001  6.1723841e-001
  1.5680000e+000  6.3576510e-001  6.1796872e-001
  1.5760000e+000  6.3851126e-001  6.1880244e-001
  1.5840000e+000  6.4070203e-001  6.1961161e-001
  1.5920000e+000  6.4664124e-001  6.2028831e-001
  1.6000000e+000  6.3588569e-001  6.2080214e-001
  1.6080000e+000  6.3153256e-001  6.2122028e-001
  1.6160000e+000  6.3687447e-001  6.2167747e-001
  1.6240000e+000  6.4189651e-001  6.2230644e-001
  1.6320000e+000  6.3321498e-001  6.2316315e-001
  1.6400000e+000  6.5323560e-001  6.2419076e-001
  1.6480000e+000  6.5635519e-001  6.2524625e-001
  1.6560000e+000  6.5322459e-001  6.2617535e-001
  1.6640000e+000  6.1099563e-001  6.2689410e-001
  1.6720000e+000  6.4042998e-001  6.2743551e-001
  1.6800000e+000  6.5540507e-001  6.2793781e-001
  1.6880000e+000  6.3474248e-001  6.2857687e-001
  1.6960000e+000  6.5380245e-001  6.2947403e-001
  1.7040000e+000  6.5330696e-001  6.3063009e-001
  1.7120000e+000  6.3221426e-001  6.3192472e-001
  1.7200000e+000  6.5678771e-001  6.3318087e-001
  1.7280000e+000  6.4057308e-001  6.3425604e-001
  1.7360000e+000  6.3259978e-001  6.3511392e-001
  1.7440000e+000  6.3885054e-001  6.3584409e-001
  1.7520000e+000  6.3671934e-001  6.3661976e-001
  1.7600000e+000  6.6295008e-001  6.3760971e-001
  1.7680000e+000  6.5640898e-001  6.3888833e-001
  1.7760000e+000  6.4820012e-001  6.4039490e-001
  1.7840000e+000  6.5146660e-001  6.4196538e-001
  1.7920000e+000  6.3904525e-001  6.4341600e-001
  1.8000000e+000  6.7676389e-001  6.4463291e-001
  1.8080000e+000  6.4985419e-001  6.4562610e-001
  1.8160000e+000  6.6847944e-001  6.4652438e-001
  1.8240000e+000  6.6371173e-001  6.4751085e-001
  1.8320000e+000  6.4411515e-001  6.4872731e-001
  1.8400000e+000  6.4883081e-001  6.5019828e-001
  1.8480000e+000  6.8089168e-001  6.5181851e-001
  1.8560000e+000  6.9590068e-001  6.5340948e-001
  1.8640000e+000  6.6771400e-001  6.5481046e-001
  1.8720000e+000  6.7617933e-001  6.5595650e-001
  1.8800000e+000  6.7388111e-001  6.5690799e-001
  1.8880000e+000  6.6524389e-001  6.5781953e-001
  1.8960000e+000  6.5384875e-001  6.5886187e-001
  1.9040000e+000  6.6286446e-001  6.6013483e-001
  1.9120000e+000  6.5920076e-001  6.6161779e-001
  1.9200000e+000  6.6098321e-001  6.6318441e-001
  1.9280000e+000  6.6766704e-001  6.6467122e-001
  1.9360000e+000  6.7799598e-001  6.6596047e-001
  1.9440000e+000  6.9052383e-001  6.6703503e-001
  1.9520000e+000  6.5721039e-001  6.6798181e-001
  1.9600000e+000  6.8151522e-001  6.6894598e-001
  1.9680000e+000  6.5729310e-001  6.7005961e-001
  1.9760000e+000  6.8438703e-001  6.7137924e-001
  1.9840000e+000  6.7349337e-001  6.7286288e-001
  1.9920000e+000  7.0560034e-001  6.7439671e-001
  2.0000000e+000  6.8372777e-001  6.7585553e-001
  2.0080000e+000  6.9921868e-001  6.7716325e-001
  2.0160000e+000  6.8181818e-001  6.7832356e-001
  2.0240000e+000  7.1433968e-001  6.7941026e-001
  2.0320000e+000  6.8086911e-001  6.8052782e-001
  2.0400000e+000  6.7034199e-001  6.8176318e-001
  2.0480000e+000  7.0266711e-001  6.8314990e-001
  2.0560000e+000  6.7984190e-001  6.8465880e-001
  2.0640000e+000  6.8807811e-001  6.8621780e-001
  2.0720000e+000  6.8763997e-001  6.8774899e-001
  2.0800000e+000  6.9829407e-001  6.8920255e-001
  2.0880000e+000  6.7871475e-001  6.9057171e-001
  2.0960000e+000  6.9137175e-001  6.9188643e-001
  2.1040000e+000  7.1098537e-001  6.9319428e-001
  2.1120000e+000  6.9196328e-001  6.9453937e-001
  2.1200000e+000  6.8088526e-001  6.9594686e-001
  2.1280000e+000  6.7687858e-001  6.9741707e-001
  2.1360000e+000  6.9292343e-001  6.9892922e-001
  2.1440000e+000  7.1370910e-001  7.0045106e-001
  2.1520000e+000  7.3020940e-001  7.0194963e-001
  2.1600000e+000  6.9872530e-001  7.0339934e-001
  2.1680000e+000  6.9289016e-001  7.0478663e-001
  2.1760000e+000  7.1799800e-001  7.0611148e-001
  2.1840000e+000  6.9599109e-001  7.0738663e-001
  2.1920000e+000  7.2373019e-001  7.0863464e-001
  2.2000000e+000  7.2621887e-001  7.0988149e-001
  2.2080000e+000  7.2682661e-001  7.1114680e-001
  2.2160000e+000  7.1076042e-001  7.1243412e-001
  2.2240000e+000  7.1374724e-001  7.1372735e-001
  2.2320000e+000  7.3352643e-001  7.1499671e-001
  2.2400000e+000  7.2100712e-001  7.1621130e-001
  2.2480000e+000  7.4749133e-001  7.1735256e-001
  2.2560000e+000  7.3585369e-001  7.1842270e-001
  2.2640000e+000  7.2635082e-001  7.1944471e-001
  2.2720000e+000  6.9993192e-001  7.2045276e-001
  2.2800000e+000  7.0457372e-001  7.2147677e-001
  2.2880000e+000  6.9550696e-001  7.2252907e-001
  2.2960000e+000  7.1063973e-001  7.2360002e-001
  2.3040000e+000  7.1288062e-001  7.2466429e-001
  2.3120000e+000  7.1807024e-001  7.2569428e-001
  2.3200000e+000  7.4180966e-001  7.2667441e-001
  2.3280000e+000  7.3086930e-001  7.2760916e-001
  2.3360000e+000  7.3776905e-001  7.2851978e-001
  2.3440000e+000  7.1953376e-001  7.2943171e-001
  2.3520000e+000  7.0115573e-001  7.3036111e-001
  2.3600000e+000  7.2185644e-001  7.3130847e-001
  2.3680000e+000  7.5263914e-001  7.3226103e-001
  2.3760000e+000  7.2328404e-001  7.3320075e-001
  2.3840000e+000  7.2724134e-001  7.3411369e-001
  2.3920000e+000  7.4996945e-001  7.3499673e-001
  2.4000000e+000  7.3877144e-001  7.3585713e-001
  2.4080000e+000  7.4204606e-001  7.3670510e-001
  2.4160000e+000  7.4912342e-001  7.3754516e-001
  2.4240000e+000  7.2484657e-001  7.3837307e-001
  2.4320000e+000  7.3021039e-001  7.3917944e-001
  2.4400000e+000  7.4971581e-001  7.3995668e-001
  2.4480000e+000  7.3746990e-001  7.4070562e-001
  2.4560000e+000  7.2469107e-001  7.4143793e-001
  2.4640000e+000  7.3418902e-001  7.4217113e-001
  2.4720000e+000  7.3125753e-001  7.4291672e-001
  2.4800000e+000  7.5667664e-001  7.4366995e-001
  2.4880000e+000  7.3550032e-001  7.4440942e-001
  2.4960000e+000  7.6630100e-001  7.4510696e-001
  2.5040000e+000  7.4179043e-001  7.4574052e-001
  2.5120000e+000  7.5510937e-001  7.4630449e-001
  2.5200000e+000  7.3485525e-001  7.4681441e-001
  2.5280000e+000  7.3369073e-001  7.4730321e-001
  2.5360000e+000  7.4447169e-001  7.4780778e-001
  2.5440000e+000  7.3038001e-001  7.4835202e-001
  2.5520000e+000  7.4989487e-001  7.4893714e-001
  2.5600000e+000  7.6637908e-001  7.4954392e-001
  2.5680000e+000  7.2827804e-001  7.5014246e-001
  2.5760000e+000  7.2478807e-001  7.5070338e-001
  2.5840000e+000  7.6474176e-001  7.5120753e-001
  2.5920000e+000  7.2498732e-001  7.5165137e-001
  2.6000000e+000  7.4748962e-001  7.5204432e-001
  2.6080000e+000  7.6311736e-001  7.5240029e-001
  2.6160000e+000  7.2745580e-001  7.5273193e-001
  2.6240000e+000  7.5981866e-001  7.5305247e-001
  2.6320000e+000  7.6108715e-001  7.5337959e-001
  2.6400000e+000  7.6004242e-001  7.5373362e-001
  2.6480000e+000  7.4265156e-001  7.5412995e-001
  2.6560000e+000  7.6614976e-001  7.5457133e-001
  2.6640000e+000  7.4562060e-001  7.5504278e-001
  2.6720000e+000  7.5692149e-001  7.5551011e-001
  2.6800000e+000  7.6037966e-001  7.5592565e-001
  2.6880000e+000  7.3649374e-001  7.5624409e-001
  2.6960000e+000  7.3941702e-001  7.5644235e-001
  2.7040000e+000  7.4893127e-001  7.5653143e-001
  2.7120000e+000  7.5122744e-001  7.5655335e-001
  2.7200000e+000  7.1024257e-001  7.5656636e-001
  2.7280000e+000  7.4440182e-001  7.5662535e-001
  2.7360000e+000  7.6973091e-001  7.5676274e-001
  2.7440000e+000  7.7105357e-001  7.5697604e-001
  2.7520000e+000  7.6614200e-001  7.5722933e-001
  2.7600000e+000  7.5950907e-001  7.5746955e-001
  2.7680000e+000  7.3750306e-001  7.5764801e-001
  2.7760000e+000  7.4109883e-001  7.5773416e-001
  2.7840000e+000  7.5098521e-001  7.5771672e-001
  2.7920000e+000  7.3590118e-001  7.5759737e-001
  2.8000000e+000  7.6984402e-001  7.5738422e-001
  2.8080000e+000  7.6063403e-001  7.5708926e-001
  2.8160000e+000  7.3634865e-001  7.5672993e-001
  2.8240000e+000  7.4551312e-001  7.5633292e-001
  2.8320000e+000  7.6786567e-001  7.5593562e-001
  2.8400000e+000  7.6281472e-001  7.5557947e-001
  2.8480000e+000  7.5543520e-001  7.5529413e-001
  2.8560000e+000  7.8691211e-001  7.5507963e-001
  2.8640000e+000  7.4511149e-001  7.5489845e-001
  2.8720000e+000  7.4445895e-001  7.5468434e-001
  2.8800000e+000  7.3587884e-001  7.5436429e-001
  2.8880000e+000  7.4723397e-001  7.5388343e-001
  2.8960000e+000  7.5631504e-001  7.5322357e-001
  2.9040000e+000  7.2972022e-001  7.5240967e-001
  2.9120000e+000  7.2272626e-001  7.5150147e-001
  2.9200000e+000  7.4139315e-001  7.5057199e-001
  2.9280000e+000  7.4552314e-001  7.4968181e-001
  2.9360000e+000  7.5212905e-001  7.4886157e-001
  2.9440000e+000  7.4188823e-001  7.4811052e-001
  2.9520000e+000  7.8041467e-001  7.4740777e-001
  2.9600000e+000  7.4534552e-001  7.4672689e-001
  2.9680000e+000  7.4730486e-001  7.4604545e-001
  2.9760000e+000  7.4414218e-001  7.4534629e-001
  2.9840000e+000  7.3510067e-001  7.4461139e-001
  2.9920000e+000  7.2720527e-001  7.4381427e-001
  3.0000000e+000  7.2831532e-001  7.4291976e-001
  3.0080000e+000  7.6662852e-001  7.4189689e-001
  3.0160000e+000  7.2170592e-001  7.4074022e-001
  3.0240000e+000  7.2862190e-001  7.3948598e-001
  3.0320000e+000  7.4303858e-001  7.3820998e-001
  3.0400000e+000  7.2634884e-001  7.3700436e-001
  3.0480000e+000  7.4056080e-001  7.3594274e-001
  3.0560000e+000  7.5038950e-001  7.3505036e-001
  3.0640000e+000  7.2764930e-001  7.3429410e-001
  3.0720000e+000  7.3077819e-001  7.3359738e-001
  3.0800000e+000  6.9352196e-001  7.3287253e-001
  3.0880000e+000  7.1526539e-001  7.3205492e-001
  3.0960000e+000  7.1433835e-001  7.3112340e-001
  3.1040000e+000  7.4569342e-001  7.3009901e-001
  3.1120000e+000  7.2138669e-001  7.2902470e-001
  3.1200000e+000  7.1080511e-001  7.2793935e-001
  3.1280000e+000  7.2798413e-001  7.2686167e-001
  3.1360000e+000  7.0255649e-001  7.2579230e-001
  3.1440000e+000  7.0541764e-001  7.2472936e-001
  3.1520000e+000  7.3430646e-001  7.2368494e-001
  3.1600000e+000  7.2067009e-001  7.2269138e-001
  3.1680000e+000  7.2837765e-001  7.2179192e-001
  3.1760000e+000  7.4589643e-001  7.2101828e-001
  3.1840000e+000  6.9801900e-001  7.2036584e-001
  3.1920000e+000  7.1594053e-001  7.1978199e-001
  3.2000000e+000  6.7146481e-001  7.1917899e-001
  3.2080000e+000  6.7059703e-001  7.1846829e-001
  3.2160000e+000  7.2861772e-001  7.1760026e-001
  3.2240000e+000  7.4551421e-001  7.1658903e-001
  3.2320000e+000  7.3476431e-001  7.1550931e-001
  3.2400000e+000  7.0579966e-001  7.1446454e-001
  3.2480000e+000  7.5685643e-001  7.1354012e-001
  3.2560000e+000  7.2529783e-001  7.1276536e-001
  3.2640000e+000  6.9437129e-001  7.1210448e-001
  3.2720000e+000  7.3957045e-001  7.1148056e-001
  3.2800000e+000  6.9269736e-001  7.1081850e-001
  3.2880000e+000  7.0415006e-001  7.1008393e-001
  3.2960000e+000  7.0610255e-001  7.0929832e-001
  3.3040000e+000  7.0853706e-001  7.0852185e-001
  3.3120000e+000  7.1165112e-001  7.0781281e-001
  3.3200000e+000  7.0455164e-001  7.0718740e-001
  3.3280000e+000  7.2392620e-001  7.0660544e-001
  3.3360000e+000  6.7233355e-001  7.0599130e-001
  3.3440000e+000  6.7342161e-001  7.0527697e-001
  3.3520000e+000  6.8294240e-001  7.0444285e-001
  3.3600000e+000  6.9009454e-001  7.0353448e-001
  3.3680000e+000  6.8938997e-001  7.0264510e-001
  3.3760000e+000  7.2651495e-001  7.0186983e-001
  3.3840000e+000  7.2688237e-001  7.0125439e-001
  3.3920000e+000  6.7950494e-001  7.0076731e-001
  3.4000000e+000  7.1562249e-001  7.0031284e-001
  3.4080000e+000  6.9564409e-001  6.9977770e-001
  3.4160000e+000  7.4352917e-001  6.9908709e-001
  3.4240000e+000  6.9827466e-001  6.9824244e-001
  3.4320000e+000  6.4569811e-001  6.9732216e-001
  3.4400000e+000  6.6279741e-001  6.9644280e-001
  3.4480000e+000  6.7662645e-001  6.9569854e-001
  3.4560000e+000  7.2172860e-001  6.9511203e-001
  3.4640000e+000  6.9770430e-001  6.9462379e-001
  3.4720000e+000  6.9119781e-001  6.9412467e-001
  3.4800000e+000  6.6605121e-001  6.9351210e-001
  3.4880000e+000  7.4180068e-001  6.9274139e-001
  3.4960000e+000  6.9067727e-001  6.9184790e-001
  3.5040000e+000  7.0902330e-001  6.9092828e-001
  3.5120000e+000  7.1881722e-001  6.9008813e-001
  3.5200000e+000  6.9616604e-001  6.8938383e-001
  3.5280000e+000  7.1094887e-001  6.8879184e-001
  3.5360000e+000  6.6612639e-001  6.8822289e-001
  3.5440000e+000  7.0447743e-001  6.8757148e-001
  3.5520000e+000  6.8999820e-001  6.8677310e-001
  3.5600000e+000  7.0381831e-001  6.8584046e-001
  3.5680000e+000  6.8373559e-001  6.8486038e-001
  3.5760000e+000  6.4545953e-001  6.8395113e-001
  3.5840000e+000  7.0488325e-001  6.8320072e-001
  3.5920000e+000  6.9999036e-001  6.8261921e-001
  3.6000000e+000  6.8251527e-001  6.8213148e-001
  3.6080000e+000  6.7825271e-001  6.8161341e-001
  3.6160000e+000  6.4272715e-001  6.8095170e-001
  3.6240000e+000  6.7450453e-001  6.8009740e-001
  3.6320000e+000  7.0344196e-001  6.7908896e-001
  3.6400000e+000  6.4770341e-001  6.7803420e-001
  3.6480000e+000  7.0297862e-001  6.7705941e-001
  3.6560000e+000  6.9144227e-001  6.7625051e-001
  3.6640000e+000  6.3861190e-001  6.7561636e-001
  3.6720000e+000  6.9159906e-001  6.7509196e-001
  3.6800000e+000  6.6786150e-001  6.7457678e-001
  3.6880000e+000  6.8224176e-001  6.7398551e-001
  3.6960000e+000  7.0097112e-001  6.7328591e-001
  3.7040000e+000  6.7695936e-001  6.7250778e-001
  3.7120000e+000  6.6094255e-001  6.7172149e-001
  3.7200000e+000  7.0140294e-001  6.7099779e-001
  3.7280000e+000  6.3934801e-001  6.7036917e-001
  3.7360000e+000  6.7456823e-001  6.6981331e-001
  3.7440000e+000  6.5298602e-001  6.6926733e-001
  3.7520000e+000  6.8087527e-001  6.6866396e-001
  3.7600000e+000  6.6018250e-001  6.6796912e-001
  3.7680000e+000  6.7553109e-001  6.6720194e-001
  3.7760000e+000  6.9921846e-001  6.6642914e-001
  3.7840000e+000  6.7346947e-001  6.6573730e-001
  3.7920000e+000  6.7179738e-001  6.6519503e-001
  3.8000000e+000  6.5916579e-001  6.6482158e-001
  3.8080000e+000  6.5845843e-001  6.6457729e-001
  3.8160000e+000  6.5786358e-001  6.6438027e-001
  3.8240000e+000  6.6438085e-001  6.6413990e-001
  3.8320000e+000  6.5887466e-001  6.6379017e-001
  3.8400000e+000  6.2485540e-001  6.6331003e-001
  3.8480000e+000  6.3152422e-001  6.6272576e-001
  3.8560000e+000  6.6841550e-001  6.6209685e-001
  3.8640000e+000  7.0974429e-001  6.6149119e-001
  3.8720000e+000  6.4769617e-001  6.6096021e-001
  3.8800000e+000  6.9433581e-001  6.6052479e-001
  3.8880000e+000  6.8662481e-001  6.6017693e-001
  3.8960000e+000  6.4296536e-001  6.5989286e-001
  3.9040000e+000  6.5624432e-001  6.5964892e-001
  3.9120000e+000  7.0479758e-001  6.5943297e-001
  3.9200000e+000  6.7031111e-001  6.5924764e-001
  3.9280000e+000  6.9598246e-001  6.5910496e-001
  3.9360000e+000  6.5321110e-001  6.5901529e-001
  3.9440000e+000  6.3206338e-001  6.5897570e-001
  3.9520000e+000  6.7684117e-001  6.5896338e-001
  3.9600000e+000  6.2784156e-001  6.5893800e-001
  3.9680000e+000  6.2230555e-001  6.5885316e-001
  3.9760000e+000  6.5596828e-001  6.5867346e-001
  3.9840000e+000  6.7663784e-001  6.5839031e-001
  3.9920000e+000  6.8256736e-001  6.5802996e-001
  4.0000000e+000  6.6137386e-001  6.5765016e-001
  4.0080000e+000  6.7080589e-001  6.5732570e-001
  4.0160000e+000  6.5807320e-001  6.5712615e-001
  4.0240000e+000  6.6966559e-001  6.5709307e-001
  4.0320000e+000  6.5969140e-001  6.5722667e-001
  4.0400000e+000  6.4448673e-001  6.5748847e-001
  4.0480000e+000  6.7135951e-001  6.5781794e-001
  4.0560000e+000  6.8145459e-001  6.5815430e-001
  4.0640000e+000  6.4360754e-001  6.5845477e-001
  4.0720000e+000  6.8745614e-001  6.5870386e-001
  4.0800000e+000  6.9270367e-001  6.5891105e-001
  4.0880000e+000  6.4106448e-001  6.5909747e-001
  4.0960000e+000  6.5814219e-001  6.5927852e-001
  4.1040000e+000  6.5901531e-001  6.5945298e-001
  4.1120000e+000  6.3747863e-001  6.5960503e-001
  4.1200000e+000  6.5559027e-001  6.5971707e-001
  4.1280000e+000  6.5343836e-001  6.5978567e-001
  4.1360000e+000  6.1787171e-001  6.5983266e-001
  4.1440000e+000  6.4039149e-001  6.5990523e-001
  4.1520000e+000  6.6309461e-001  6.6006264e-001
  4.1600000e+000  6.9523384e-001  6.6035422e-001
  4.1680000e+000  6.5946087e-001  6.6079963e-001
  4.1760000e+000  6.3529710e-001  6.6138113e-001
  4.1840000e+000  6.6036657e-001  6.6205015e-001
  4.1920000e+000  6.7682922e-001  6.6274370e-001
  4.2000000e+000  6.7878084e-001  6.6340392e-001
  4.2080000e+000  6.6051724e-001  6.6399330e-001
  4.2160000e+000  6.5544719e-001  6.6449964e-001
  4.2240000e+000  6.9238619e-001  6.6493043e-001
  4.2320000e+000  6.8650771e-001  6.6530313e-001
  4.2400000e+000  6.8390712e-001  6.6563774e-001
  4.2480000e+000  6.8262099e-001  6.6595317e-001
  4.2560000e+000  6.6115329e-001  6.6626575e-001
  4.2640000e+000  6.6948971e-001  6.6658954e-001
  4.2720000e+000  6.5540877e-001  6.6693842e-001
  4.2800000e+000  6.8127132e-001  6.6732684e-001
  4.2880000e+000  6.1387402e-001  6.6776670e-001
  4.2960000e+000  6.5866852e-001  6.6826248e-001
  4.3040000e+000  6.8883901e-001  6.6880988e-001
  4.3120000e+000  7.0592410e-001  6.6939914e-001
  4.3200000e+000  6.4767473e-001  6.7001913e-001
  4.3280000e+000  6.9336006e-001  6.7065906e-001
  4.3360000e+000  7.0411479e-001  6.7130819e-001
  4.3440000e+000  6.8049289e-001  6.7195415e-001
  4.3520000e+000  6.8050027e-001  6.7258010e-001
  4.3600000e+000  6.9719982e-001  6.7316340e-001
  4.3680000e+000  7.1349411e-001  6.7368040e-001
  4.3760000e+000  6.6181658e-001  6.7411747e-001
  4.3840000e+000  6.6563271e-001  6.7448153e-001
  4.3920000e+000  6.6628297e-001  6.7480204e-001
  4.4000000e+000  7.4400828e-001  6.7512274e-001
  4.4080000e+000  6.9154506e-001  6.7548705e-001
  4.4160000e+000  6.5302292e-001  6.7592269e-001
  4.4240000e+000  6.6470840e-001  6.7643193e-001
  4.4320000e+000  6.7869561e-001  6.7699303e-001
  4.4400000e+000  7.0729945e-001  6.7757339e-001
  4.4480000e+000  6.6824437e-001  6.7814680e-001
  4.4560000e+000  6.9039191e-001  6.7870412e-001
  4.4640000e+000  6.6661413e-001  6.7925265e-001
  4.4720000e+000  6.6697744e-001  6.7980722e-001
  4.4800000e+000  6.8480727e-001  6.8037914e-001
  4.4880000e+000  6.9210588e-001  6.8096783e-001
  4.4960000e+000  6.8675502e-001  6.8155880e-001
  4.5040000e+000  6.7840227e-001  6.8212963e-001
  4.5120000e+000  6.3949990e-001  6.8266201e-001
  4.5200000e+000  6.7627004e-001  6.8315257e-001
  4.5280000e+000  7.1331054e-001  6.8361525e-001
  4.5360000e+000  6.5480411e-001  6.8407385e-001
  4.5440000e+000  6.7643768e-001  6.8455004e-001
  4.5520000e+000  6.3923097e-001  6.8505398e-001
  4.5600000e+000  6.6412802e-001  6.8558177e-001
  4.5680000e+000  7.0851849e-001  6.8612052e-001
  4.5760000e+000  6.9708903e-001  6.8665842e-001
  4.5840000e+000  6.8087216e-001  6.8719454e-001
  4.5920000e+000  7.1785599e-001  6.8774116e-001
  4.6000000e+000  6.7543319e-001  6.8831529e-001
  4.6080000e+000  6.8287190e-001  6.8892421e-001
  4.6160000e+000  6.6849044e-001  6.8955536e-001
  4.6240000e+000  6.9589241e-001  6.9017814e-001
  4.6320000e+000  7.1924957e-001  6.9075721e-001
  4.6400000e+000  7.1023616e-001  6.9126990e-001
  4.6480000e+000  6.8466003e-001  6.9171918e-001
  4.6560000e+000  6.8518428e-001  6.9213497e-001
  4.6640000e+000  7.0471805e-001  6.9256086e-001
  4.6720000e+000  7.0240711e-001  6.9303159e-001
  4.6800000e+000  7.1318217e-001  6.9355436e-001
  4.6880000e+000  7.1098109e-001  6.9410612e-001
  4.6960000e+000  7.1842570e-001  6.9464796e-001
  4.7040000e+000  7.3202379e-001  6.9514672e-001
  4.7120000e+000  7.3127822e-001  6.9559182e-001
  4.7200000e+000  7.0463282e-001  6.9599971e-001
  4.7280000e+000  6.7840108e-001  6.9640457e-001
  4.7360000e+000  6.4568969e-001  6.9683891e-001
  4.7440000e+000  7.3303024e-001  6.9731377e-001
  4.7520000e+000  6.8409243e-001  6.9781039e-001
  4.7600000e+000  7.2394856e-001  6.9828912e-001
  4.7680000e+000  6.7327058e-001  6.9871040e-001
  4.7760000e+000  6.7054407e-001  6.9905520e-001
  4.7840000e+000  6.6961734e-001  6.9933430e-001
  4.7920000e+000  7.1041350e-001  6.9958203e-001
  4.8000000e+000  7.6456754e-001  6.9983845e-001
  4.8080000e+000  7.0145931e-001  7.0012895e-001
  4.8160000e+000  7.4256658e-001  7.0045277e-001
  4.8240000e+000  6.7708193e-001  7.0078673e-001
  4.8320000e+000  7.4941672e-001  7.0110237e-001
  4.8400000e+000  7.1708759e-001  7.0138607e-001
  4.8480000e+000  6.9115354e-001  7.0165027e-001
  4.8560000e+000  6.7285055e-001  7.0192790e-001
  4.8640000e+000  7.5591951e-001  7.0225236e-001
  4.8720000e+000  7.2346542e-001  7.0263427e-001
  4.8800000e+000  7.0187760e-001  7.0304964e-001
  4.8880000e+000  7.2378888e-001  7.0344703e-001
  4.8960000e+000  6.6257598e-001  7.0377104e-001
  4.9040000e+000  6.9429907e-001  7.0399033e-001
  4.9120000e+000  6.9754224e-001  7.0411576e-001
  4.9200000e+000  6.9014434e-001  7.0419762e-001
  4.9280000e+000  7.1056326e-001  7.0430073e-001
  4.9360000e+000  7.1213006e-001  7.0447039e-001
  4.9440000e+000  7.3243776e-001  7.0470943e-001
  4.9520000e+000  6.9927941e-001  7.0497978e-001
  4.9600000e+000  6.2408851e-001  7.0522664e-001
  4.9680000e+000  6.4682347e-001  7.0541114e-001
  4.9760000e+000  6.8983143e-001  7.0553503e-001
  4.9840000e+000  7.3023922e-001  7.0564466e-001
  4.9920000e+000  7.2949498e-001  7.0580999e-001
  5.0000000e+000  7.7806012e-001  7.0608767e-001
  5.0080000e+000  7.5423138e-001  7.0648846e-001
  5.0160000e+000  6.6493935e-001  7.0696820e-001
  5.0240000e+000  6.8321436e-001  7.0744758e-001
  5.0320000e+000  6.7393536e-001  7.0784895e-001
  5.0400000e+000  7.4298698e-001  7.0813130e-001
  5.0480000e+000  7.2615045e-001  7.0830669e-001
  5.0560000e+000  6.6326464e-001  7.0842966e-001
  5.0640000e+000  6.3003162e-001  7.0856494e-001
  5.0720000e+000  7.4332624e-001  7.0875115e-001
  5.0800000e+000  7.2317676e-001  7.0898156e-001
  5.0880000e+000  6.8631392e-001  7.0921214e-001
  5.0960000e+000  7.7130463e-001  7.0939088e-001
  5.1040000e+000  7.4193832e-001  7.0949177e-001
  5.1120000e+000  6.6945118e-001  7.0953526e-001
  5.1200000e+000  7.6669862e-001  7.0958308e-001
  5.1280000e+000  7.3261563e-001  7.0970798e-001
  5.1360000e+000  6.9872416e-001  7.0995446e-001
  5.1440000e+000  7.1182288e-001  7.1031309e-001
  5.1520000e+000  6.3310786e-001  7.1072340e-001
  5.1600000e+000  7.4084862e-001  7.1110311e-001
  5.1680000e+000  7.4707683e-001  7.1138861e-001
  5.1760000e+000  7.2599730e-001  7.1156648e-001
  5.1840000e+000  7.0797594e-001  7.1167941e-001
  5.1920000e+000  6.7633465e-001  7.1180116e-001
  5.2000000e+000  7.1654258e-001  7.1199245e-001
  5.2080000e+000  7.1056163e-001  7.1226298e-001
  5.2160000e+000  6.4612242e-001  7.1256178e-001
  5.2240000e+000  7.5970291e-001  7.1280059e-001
  5.2320000e+000  6.5816257e-001  7.1289703e-001
  5.2400000e+000  7.8563319e-001  7.1281637e-001
  5.2480000e+000  7.3782549e-001  7.1259187e-001
  5.2560000e+000  7.2334071e-001  7.1231277e-001
  5.2640000e+000  7.0205546e-001  7.1208397e-001
  5.2720000e+000  7.6969042e-001  7.1197727e-001
  5.2800000e+000  7.0502721e-001  7.1200032e-001
  5.2880000e+000  7.6352850e-001  7.1209847e-001
  5.2960000e+000  6.7291485e-001  7.1218651e-001
  5.3040000e+000  7.4907330e-001  7.1219252e-001
  5.3120000e+000  7.2630764e-001  7.1209212e-001
  5.3200000e+000  7.4412731e-001  7.1191689e-001
  5.3280000e+000  7.0719149e-001  7.1173296e-001
  5.3360000e+000  6.9616511e-001  7.1160150e-001
  5.3440000e+000  7.0794218e-001  7.1154281e-001
  5.3520000e+000  7.2147213e-001  7.1152411e-001
  5.3600000e+000  6.8280926e-001  7.1147644e-001
  5.3680000e+000  6.9117313e-001  7.1133048e-001
  5.3760000e+000  7.0898748e-001  7.1105169e-001
  5.3840000e+000  6.6883794e-001  7.1065742e-001
  5.3920000e+000  7.5533747e-001  7.1020756e-001
  5.4000000e+000  6.9578604e-001  7.0977316e-001
  5.4080000e+000  7.3421882e-001  7.0939905e-001
  5.4160000e+000  7.1905583e-001  7.0908046e-001
  5.4240000e+000  7.1455228e-001  7.0876613e-001
  5.4320000e+000  7.6359549e-001  7.0838593e-001
  5.4400000e+000  7.5148590e-001  7.0788797e-001
  5.4480000e+000  6.9036267e-001  7.0726676e-001
  5.4560000e+000  6.9754411e-001  7.0656984e-001
  5.4640000e+000  6.9318233e-001  7.0587942e-001
  5.4720000e+000  6.8968663e-001  7.0527663e-001
  5.4800000e+000  7.2892288e-001  7.0480502e-001
  5.4880000e+000  6.7562359e-001  7.0445181e-001
  5.4960000e+000  7.2336236e-001  7.0415636e-001
  5.5040000e+000  6.9250655e-001  7.0383974e-001
  5.5120000e+000  7.4901766e-001  7.0343886e-001
  5.5200000e+000  6.8152167e-001  7.0292998e-001
  5.5280000e+000  6.7866896e-001  7.0233379e-001
  5.5360000e+000  8.0235275e-001  7.0170177e-001
  5.5440000e+000  7.2281532e-001  7.0109008e-001
  5.5520000e+000  7.2006132e-001  7.0053341e-001
  5.5600000e+000  7.2079013e-001  7.0003194e-001
  5.5680000e+000  7.0621630e-001  6.9955648e-001
  5.5760000e+000  6.8327145e-001  6.9906590e-001
  5.5840000e+000  6.0898274e-001  6.9852671e-001
  5.5920000e+000  6.4075347e-001  6.9792676e-001
  5.6000000e+000  7.6388967e-001  6.9727897e-001
  5.6080000e+000  6.9939570e-001  6.9661369e-001
  5.6160000e+000  6.7511820e-001  6.9596315e-001
  5.6240000e+000  7.0736757e-001  6.9534627e-001
  5.6320000e+000  6.4326162e-001  6.9476239e-001
  5.6400000e+000  6.9696665e-001  6.9419623e-001
  5.6480000e+000  7.1888975e-001  6.9362998e-001
  5.6560000e+000  6.5794097e-001  6.9305650e-001
  5.6640000e+000  6.6418757e-001  6.9248791e-001
  5.6720000e+000  6.9647211e-001  6.9195557e-001
  5.6800000e+000  7.1256943e-001  6.9149969e-001
  5.6880000e+000  7.0022262e-001  6.9115250e-001
  5.6960000e+000  6.5668145e-001  6.9092229e-001
  5.7040000e+000  7.1555006e-001  6.9078546e-001
  5.7120000e+000  6.8346583e-001  6.9069007e-001
  5.7200000e+000  6.2828867e-001  6.9057078e-001
  5.7280000e+000  6.9950462e-001  6.9037024e-001
  5.7360000e+000  6.5511008e-001  6.9005978e-001
  5.7440000e+000  6.4977783e-001  6.8965098e-001
  5.7520000e+000  7.2474223e-001  6.8919301e-001
  5.7600000e+000  7.4954936e-001  6.8875493e-001
  5.7680000e+000  6.6489620e-001  6.8839883e-001
  5.7760000e+000  7.1218789e-001  6.8815483e-001
  5.7840000e+000  6.3973627e-001  6.8801052e-001
  5.7920000e+000  6.2982707e-001  6.8791998e-001
  5.8000000e+000  6.9878046e-001  6.8782657e-001
  5.8080000e+000  6.8342136e-001  6.8768835e-001
  5.8160000e+000  7.0237910e-001  6.8749567e-001
  5.8240000e+000  6.8805087e-001  6.8727493e-001
  5.8320000e+000  6.8288293e-001  6.8707626e-001
  5.8400000e+000  6.8643166e-001  6.8695014e-001
  5.8480000e+000  6.6269640e-001  6.8692509e-001
  5.8560000e+000  6.3062784e-001  6.8699869e-001
  5.8640000e+000  5.8146136e-001  6.8714444e-001
  5.8720000e+000  7.4203211e-001  6.8732796e-001
  5.8800000e+000  6.4113321e-001  6.8752334e-001
  5.8880000e+000  7.1484743e-001  6.8772306e-001
  5.8960000e+000  6.3113328e-001  6.8793694e-001
  5.9040000e+000  6.7487914e-001  6.8817944e-001
  5.9120000e+000  6.5372278e-001  6.8845213e-001
