  0.0000000e+000  9.9195881e-001  1.0000000e+000
  8.0000000e-003  9.9442408e-001  9.9818233e-001
  1.6000000e-002  1.0000000e+000  9.9637262e-001
  2.4000000e-002  9.8732579e-001  9.9457084e-001
  3.2000000e-002  9.7185567e-001  9.9277695e-001
  4.0000000e-002  9.6569732e-001  9.9099091e-001
  4.8000000e-002  9.5731296e-001  9.8921268e-001
  5.6000000e-002  9.5139112e-001  9.8744224e-001
  6.4000000e-002  9.4723159e-001  9.8567953e-001
  7.2000000e-002  9.4531413e-001  9.8392453e-001
  8.0000000e-002  9.4352011e-001  9.8217720e-001
  8.8000000e-002  9.4394228e-001  9.8043750e-001
  9.6000000e-002  9.3701962e-001  9.7870540e-001
  1.0400000e-001  9.2883347e-001  9.7698087e-001
  1.1200000e-001  9.2343024e-001  9.7526386e-001
  1.2000000e-001  9.1404604e-001  9.7355435e-001
  1.2800000e-001  9.0517936e-001  9.7185229e-001
  1.3600000e-001  9.1485304e-001  9.7015765e-001
  1.4400000e-001  9.1139043e-001  9.6847041e-001
  1.5200000e-001  9.1274848e-001  9.6679051e-001
  1.6000000e-001  9.1027105e-001  9.6511794e-001
  1.6800000e-001  9.0885744e-001  9.6345265e-001
  1.7600000e-001  8.9561034e-001  9.6179462e-001
  1.8400000e-001  8.9382765e-001  9.6014380e-001
  1.9200000e-001  8.8756524e-001  9.5850016e-001
  2.0000000e-001  8.8968868e-001  9.5686368e-001
  2.0800000e-001  8.8685308e-001  9.5523432e-001
  2.1600000e-001  8.8910837e-001  9.5361204e-001
  2.2400000e-001  8.8532336e-001  9.5199681e-001
  2.3200000e-001  8.8672070e-001  9.5038860e-001
  2.4000000e-001  8.8086154e-001  9.4878738e-001
  2.4800000e-001  8.7451933e-001  9.4719311e-001
  2.5600000e-001  8.7341192e-001  9.4560577e-001
  2.6400000e-001  8.7093726e-001  9.4402531e-001
  2.7200000e-001  8.7412095e-001  9.4245171e-001
  2.8000000e-001  8.6924701e-001  9.4088494e-001
  2.8800000e-001  8.7628997e-001  9.3932496e-001
  2.9600000e-001  8.7120908e-001  9.3777175e-001
  3.0400000e-001  8.7282057e-001  9.3622527e-001
  3.1200000e-001  8.6651771e-001  9.3468548e-001
  3.2000000e-001  8.5978560e-001  9.3315237e-001
  3.2800000e-001  8.5974002e-001  9.3162590e-001
  3.3600000e-001  8.6108729e-001  9.3010603e-001
  3.4400000e-001  8.6255893e-001  9.2859275e-001
  3.5200000e-001  8.6371778e-001  9.2708601e-001
  3.6000000e-001  8.6539424e-001  9.2558578e-001
  3.6800000e-001  8.6741308e-001  9.2409205e-001
  3.7600000e-001  8.6807709e-001  9.2260477e-001
  3.8400000e-001  8.5271974e-001  9.2112392e-001
  3.9200000e-001  8.5029244e-001  9.1964946e-001
  4.0000000e-001  8.4940242e-001  9.1818138e-001
  4.0800000e-001  8.5429033e-001  9.1671963e-001
  4.1600000e-001  8.5361213e-001  9.1526420e-001
  4.2400000e-001  8.5702986e-001  9.1381504e-001
  4.3200000e-001  8.6000018e-001  9.1237213e-001
  4.4000000e-001  8.5877855e-001  9.1093545e-001
  4.4800000e-001  8.5808360e-001  9.0950496e-001
  4.5600000e-001  8.5347845e-001  9.0808064e-001
  4.6400000e-001  8.4784987e-001  9.0666246e-001
  4.7200000e-001  8.4496506e-001  9.0525038e-001
  4.8000000e-001  8.4179308e-001  9.0384439e-001
  4.8800000e-001  8.4956980e-001  9.0244445e-001
  4.9600000e-001  8.4996108e-001  9.0105053e-001
  5.0400000e-001  8.5219508e-001  8.9966261e-001
  5.1200000e-001  8.5565147e-001  8.9828067e-001
  5.2000000e-001  8.4474768e-001  8.9690466e-001
  5.2800000e-001  8.5105231e-001  8.9553457e-001
  5.3600000e-001  8.4091181e-001  8.9417037e-001
  5.4400000e-001  8.3863880e-001  8.9281203e-001
  5.5200000e-001  8.4244230e-001  8.9145953e-001
  5.6000000e-001  8.4450882e-001  8.9011283e-001
  5.6800000e-001  8.4678336e-001  8.8877191e-001
  5.7600000e-001  8.5158954e-001  8.8743675e-001
  5.8400000e-001  8.5247868e-001  8.8610732e-001
  5.9200000e-001  8.4813450e-001  8.8478359e-001
  6.0000000e-001  8.5017760e-001  8.8346554e-001
  6.0800000e-001  8.3967289e-001  8.8215313e-001
  6.1600000e-001  8.3570864e-001  8.8084635e-001
  6.2400000e-001  8.4233834e-001  8.7954517e-001
  6.3200000e-001  8.4324180e-001  8.7824956e-001
  6.4000000e-001  8.5121432e-001  8.7695950e-001
  6.4800000e-001  8.5189502e-001  8.7567497e-001
  6.5600000e-001  8.4985315e-001  8.7439592e-001
  6.6400000e-001  8.5365164e-001  8.7312236e-001
  6.7200000e-001  8.4797732e-001  8.7185423e-001
  6.8000000e-001  8.3623181e-001  8.7059153e-001
  6.8800000e-001  8.4436458e-001  8.6933423e-001
  6.9600000e-001  8.4032294e-001  8.6808230e-001
  7.0400000e-001  8.3898813e-001  8.6683572e-001
  7.1200000e-001  8.4851147e-001  8.6559447e-001
  7.2000000e-001  8.4952437e-001  8.6435851e-001
  7.2800000e-001  8.4292409e-001  8.6312783e-001
  7.3600000e-001  8.4276623e-001  8.6190240e-001
  7.4400000e-001  8.5015255e-001  8.6068220e-001
  7.5200000e-001  8.4247166e-001  8.5946720e-001
  7.6000000e-001  8.3774289e-001  8.5825738e-001
  7.6800000e-001  8.3615172e-001  8.5705272e-001
  7.7600000e-001  8.4185946e-001  8.5585320e-001
  7.8400000e-001  8.4487341e-001  8.5465878e-001
  7.9200000e-001  8.5365748e-001  8.5346945e-001
  8.0000000e-001  8.4733836e-001  8.5228518e-001
  8.0800000e-001  8.4702410e-001  8.5110596e-001
  8.1600000e-001  8.4623832e-001  8.4993175e-001
  8.2400000e-001  8.3689555e-001  8.4876254e-001
  8.3200000e-001  8.3531381e-001  8.4759830e-001
  8.4000000e-001  8.3812342e-001  8.4643901e-001
  8.4800000e-001  8.3837257e-001  8.4528464e-001
  8.5600000e-001  8.4914288e-001  8.4413519e-001
  8.6400000e-001  8.5363099e-001  8.4299061e-001
  8.7200000e-001  8.4389305e-001  8.4185090e-001
  8.8000000e-001  8.5637918e-001  8.4071603e-001
  8.8800000e-001  8.4255102e-001  8.3958597e-001
  8.9600000e-001  8.3842439e-001  8.3846071e-001
  9.0400000e-001  8.3634011e-001  8.3734022e-001
  9.1200000e-001  8.3892734e-001  8.3622448e-001
  9.2000000e-001  8.4227249e-001  8.3511347e-001
  9.2800000e-001  8.4480442e-001  8.3400718e-001
  9.3600000e-001  8.4673597e-001  8.3290557e-001
  9.4400000e-001  8.5043403e-001  8.3180862e-001
  9.5200000e-001  8.4585002e-001  8.3071633e-001
  9.6000000e-001  8.4164360e-001  8.2962865e-001
  9.6800000e-001  8.3998601e-001  8.2854558e-001
  9.7600000e-001  8.3875688e-001  8.2746710e-001
  9.8400000e-001  8.3978322e-001  8.2639317e-001
  9.9200000e-001  8.4512489e-001  8.2532379e-001
  1.0000000e+000  8.5129363e-001  8.2425893e-001
  1.0080000e+000  8.5774679e-001  8.2319857e-001
  1.0160000e+000  8.5153381e-001  8.2214269e-001
  1.0240000e+000  8.5122224e-001  8.2109127e-001
  1.0320000e+000  8.4076297e-001  8.2004429e-001
  1.0400000e+000  8.4206927e-001  8.1900173e-001
  1.0480000e+000  8.4174955e-001  8.1796358e-001
  1.0560000e+000  8.4870187e-001  8.1692980e-001
  1.0640000e+000  8.4802312e-001  8.1590038e-001
  1.0720000e+000  8.5389273e-001  8.1487531e-001
  1.0800000e+000  8.5241205e-001  8.1385456e-001
  1.0880000e+000  8.5349427e-001  8.1283811e-001
  1.0960000e+000  8.4956164e-001  8.1182594e-001
  1.1040000e+000  8.5107533e-001  8.1081803e-001
  1.1120000e+000  8.4284904e-001  8.0981438e-001
  1.1200000e+000  8.4056777e-001  8.0881494e-001
  1.1280000e+000  8.4840654e-001  8.0781972e-001
  1.1360000e+000  8.5191937e-001  8.0682868e-001
  1.1440000e+000  8.5072080e-001  8.0584181e-001
  1.1520000e+000  8.6250186e-001  8.0485909e-001
  1.1600000e+000  8.5364200e-001  8.0388050e-001
  1.1680000e+000  8.5206924e-001  8.0290603e-001
  1.1760000e+000  8.4803740e-001  8.0193565e-001
  1.1840000e+000  8.4570749e-001  8.0096935e-001
  1.1920000e+000  8.5323340e-001  8.0000710e-001
  1.2000000e+000  8.4960622e-001  7.9904890e-001
  1.2080000e+000  8.5403578e-001  7.9809472e-001
  1.2160000e+000  8.5726746e-001  7.9714454e-001
  1.2240000e+000  8.6440447e-001  7.9619835e-001
  1.2320000e+000  8.5806276e-001  7.9525612e-001
  1.2400000e+000  8.5579441e-001  7.9431785e-001
  1.2480000e+000  8.5250501e-001  7.9338351e-001
  1.2560000e+000  8.4927206e-001  7.9245309e-001
  1.2640000e+000  8.4888260e-001  7.9152656e-001
  1.2720000e+000  8.4564565e-001  7.9060392e-001
  1.2800000e+000  8.6433393e-001  7.8968513e-001
  1.2880000e+000  8.6476362e-001  7.8877020e-001
  1.2960000e+000  8.6512834e-001  7.8785909e-001
  1.3040000e+000  8.6828827e-001  7.8695179e-001
  1.3120000e+000  8.6317681e-001  7.8604829e-001
  1.3200000e+000  8.5387856e-001  7.8514857e-001
  1.3280000e+000  8.4820559e-001  7.8425260e-001
  1.3360000e+000  8.4595675e-001  7.8336039e-001
  1.3440000e+000  8.5512535e-001  7.8247190e-001
  1.3520000e+000  8.5661974e-001  7.8158712e-001
  1.3600000e+000  8.6648414e-001  7.8070603e-001
  1.3680000e+000  8.7366636e-001  7.7982862e-001
  1.3760000e+000  8.7229393e-001  7.7895488e-001
  1.3840000e+000  8.6711045e-001  7.7808478e-001
  1.3920000e+000  8.5643070e-001  7.7721831e-001
  1.4000000e+000  8.5289260e-001  7.7635545e-001
  1.4080000e+000  8.4499085e-001  7.7549619e-001
  1.4160000e+000  8.5336208e-001  7.7464051e-001
  1.4240000e+000  8.6716071e-001  7.7378839e-001
  1.4320000e+000  8.8057910e-001  7.7293983e-001
  1.4400000e+000  8.8716058e-001  7.7209479e-001
  1.4480000e+000  8.8058144e-001  7.7125328e-001
  1.4560000e+000  8.7589928e-001  7.7041527e-001
  1.4640000e+000  8.5715210e-001  7.6958074e-001
  1.4720000e+000  8.4892460e-001  7.6874969e-001
  1.4800000e+000  8.4812922e-001  7.6792209e-001
  1.4880000e+000  8.5737288e-001  7.6709793e-001
  1.4960000e+000  8.7162540e-001  7.6627720e-001
  1.5040000e+000  8.9552514e-001  7.6545988e-001
