  1.5000000e+000  0.0000000e+000
  1.5200000e+000  0.0000000e+000
  1.5400000e+000  0.0000000e+000
  1.5600000e+000  0.0000000e+000
  1.5800000e+000  0.0000000e+000
  1.6000000e+000  0.0000000e+000
  1.6200000e+000  0.0000000e+000
  1.6400000e+000  0.0000000e+000
  1.6600000e+000  0.0000000e+000
  1.6800000e+000  0.0000000e+000
  1.7000000e+000  0.0000000e+000
  1.7200000e+000  0.0000000e+000
  1.7400000e+000  2.2313606e-005
  1.7600000e+000  2.1738832e-005
  1.7800000e+000  2.1193108e-005
  1.8000000e+000  2.0675681e-005
  1.8200000e+000  2.0185798e-005
  1.8400000e+000  1.9722704e-005
  1.8600000e+000  1.9285648e-005
  1.8800000e+000  1.8873875e-005
  1.9000000e+000  1.8486632e-005
  1.9200000e+000  1.8123166e-005
  1.9400000e+000  1.7782724e-005
  1.9600000e+000  1.7464552e-005
  1.9800000e+000  1.7167897e-005
  2.0000000e+000  1.6892005e-005
  2.0200000e+000  1.6636124e-005
  2.0400000e+000  1.6399499e-005
  2.0600000e+000  1.6181378e-005
  2.0800000e+000  1.5981008e-005
  2.1000000e+000  1.5797634e-005
  2.1200000e+000  1.5630504e-005
  2.1400000e+000  1.5478864e-005
  2.1600000e+000  1.5341961e-005
  2.1800000e+000  1.5219042e-005
  2.2000000e+000  1.5109353e-005
  2.2200000e+000  1.5012141e-005
  2.2400000e+000  1.4926652e-005
  2.2600000e+000  1.4852134e-005
  2.2800000e+000  1.4787833e-005
  2.3000000e+000  1.4732996e-005
  2.3200000e+000  1.4686869e-005
  2.3400000e+000  1.4648699e-005
  2.3600000e+000  1.4617733e-005
  2.3800000e+000  1.4593217e-005
  2.4000000e+000  1.4574398e-005
  2.4200000e+000  1.4560522e-005
  2.4400000e+000  1.4550838e-005
  2.4600000e+000  1.4544590e-005
  2.4800000e+000  1.4541026e-005
  2.5000000e+000  1.4539392e-005
  2.5200000e+000  1.4538935e-005
  2.5400000e+000  1.4545178e-005
  2.5600000e+000  1.4605603e-005
  2.5800000e+000  1.4727952e-005
  2.6000000e+000  1.4909486e-005
  2.6200000e+000  1.5147468e-005
  2.6400000e+000  1.5439161e-005
  2.6600000e+000  1.5781827e-005
  2.6800000e+000  1.6172728e-005
  2.7000000e+000  1.6609127e-005
  2.7200000e+000  1.7088286e-005
  2.7400000e+000  1.7607468e-005
  2.7600000e+000  1.8163934e-005
  2.7800000e+000  1.8754948e-005
  2.8000000e+000  1.9377772e-005
  2.8200000e+000  2.0029668e-005
  2.8400000e+000  2.0707899e-005
  2.8600000e+000  2.1409726e-005
  2.8800000e+000  2.2132413e-005
  2.9000000e+000  2.2873222e-005
  2.9200000e+000  2.3629416e-005
  2.9400000e+000  2.4398256e-005
  2.9600000e+000  2.5177005e-005
  2.9800000e+000  2.5962925e-005
  3.0000000e+000  2.6753280e-005
  3.0200000e+000  2.7545331e-005
  3.0400000e+000  2.8336340e-005
  3.0600000e+000  2.9123571e-005
  3.0800000e+000  2.9904285e-005
  3.1000000e+000  3.0675746e-005
  3.1200000e+000  3.1435214e-005
  3.1400000e+000  3.2179954e-005
  3.1600000e+000  3.2907227e-005
  3.1800000e+000  3.3614295e-005
  3.2000000e+000  3.4298421e-005
  3.2200000e+000  3.4956868e-005
  3.2400000e+000  3.5586898e-005
  3.2600000e+000  3.6185773e-005
  3.2800000e+000  3.6750756e-005
  3.3000000e+000  3.7279109e-005
  3.3200000e+000  3.7770500e-005
  3.3400000e+000  3.8248268e-005
  3.3600000e+000  3.8719167e-005
  3.3800000e+000  3.9183462e-005
  3.4000000e+000  3.9641418e-005
  3.4200000e+000  4.0093301e-005
  3.4400000e+000  4.0539378e-005
  3.4600000e+000  4.0979912e-005
  3.4800000e+000  4.1415170e-005
  3.5000000e+000  4.1845418e-005
  3.5200000e+000  4.2270921e-005
  3.5400000e+000  4.2691944e-005
  3.5600000e+000  4.3108754e-005
  3.5800000e+000  4.3521615e-005
  3.6000000e+000  4.3930793e-005
  3.6200000e+000  4.4336555e-005
  3.6400000e+000  4.4739164e-005
  3.6600000e+000  4.5138888e-005
  3.6800000e+000  4.5535991e-005
  3.7000000e+000  4.5930740e-005
  3.7200000e+000  4.6323399e-005
  3.7400000e+000  4.6714235e-005
  3.7600000e+000  4.7103512e-005
  3.7800000e+000  4.7491497e-005
  3.8000000e+000  4.7878455e-005
  3.8200000e+000  4.8264652e-005
  3.8400000e+000  4.8650353e-005
  3.8600000e+000  4.9035823e-005
  3.8800000e+000  4.9421329e-005
  3.9000000e+000  4.9807136e-005
  3.9200000e+000  5.0193509e-005
  3.9400000e+000  5.0580714e-005
  3.9600000e+000  5.0969017e-005
  3.9800000e+000  5.1358683e-005
  4.0000000e+000  5.1749978e-005
  4.0200000e+000  5.2143167e-005
  4.0400000e+000  5.2538516e-005
  4.0600000e+000  5.2936290e-005
  4.0800000e+000  5.3336756e-005
  4.1000000e+000  5.3740980e-005
  4.1200000e+000  5.4160454e-005
  4.1400000e+000  5.4597663e-005
  4.1600000e+000  5.5051065e-005
  4.1800000e+000  5.5519119e-005
  4.2000000e+000  5.6000283e-005
  4.2200000e+000  5.6493018e-005
  4.2400000e+000  5.6995781e-005
  4.2600000e+000  5.7507032e-005
  4.2800000e+000  5.8025230e-005
  4.3000000e+000  5.8548833e-005
  4.3200000e+000  5.9076301e-005
  4.3400000e+000  5.9606092e-005
  4.3600000e+000  6.0136666e-005
  4.3800000e+000  6.0666481e-005
  4.4000000e+000  6.1193996e-005
  4.4200000e+000  6.1717670e-005
  4.4400000e+000  6.2235962e-005
  4.4600000e+000  6.2747331e-005
  4.4800000e+000  6.3250236e-005
  4.5000000e+000  6.3743136e-005
  4.5200000e+000  6.4224490e-005
  4.5400000e+000  6.4692756e-005
  4.5600000e+000  6.5146394e-005
  4.5800000e+000  6.5583863e-005
  4.6000000e+000  6.6003621e-005
  4.6200000e+000  6.6404127e-005
  4.6400000e+000  6.6783841e-005
  4.6600000e+000  6.7141221e-005
  4.6800000e+000  6.7474726e-005
  4.7000000e+000  6.7782815e-005
  4.7200000e+000  6.8063948e-005
  4.7400000e+000  6.8316582e-005
  4.7600000e+000  6.8539177e-005
  4.7800000e+000  6.8730192e-005
  4.8000000e+000  6.8888086e-005
  4.8200000e+000  6.9011317e-005
  4.8400000e+000  6.9098345e-005
  4.8600000e+000  6.9147629e-005
  4.8800000e+000  6.9150435e-005
  4.9000000e+000  6.8951037e-005
  4.9200000e+000  6.8497182e-005
  4.9400000e+000  6.7802787e-005
  4.9600000e+000  6.6881773e-005
  4.9800000e+000  6.5748058e-005
  5.0000000e+000  6.4415562e-005
  5.0200000e+000  6.2898203e-005
  5.0400000e+000  6.1209901e-005
  5.0600000e+000  5.9364574e-005
  5.0800000e+000  5.7376142e-005
  5.1000000e+000  5.5258523e-005
  5.1200000e+000  5.3025638e-005
  5.1400000e+000  5.0691404e-005
  5.1600000e+000  4.8269741e-005
  5.1800000e+000  4.5774568e-005
  5.2000000e+000  4.3219804e-005
  5.2200000e+000  4.0619368e-005
  5.2400000e+000  3.7987180e-005
  5.2600000e+000  3.5337157e-005
  5.2800000e+000  3.2683220e-005
  5.3000000e+000  3.0039287e-005
  5.3200000e+000  2.7419277e-005
  5.3400000e+000  2.4837110e-005
  5.3600000e+000  2.2306705e-005
  5.3800000e+000  1.9841980e-005
  5.4000000e+000  1.7456854e-005
  5.4200000e+000  1.5165248e-005
  5.4400000e+000  1.2981079e-005
  5.4600000e+000  1.0918267e-005
  5.4800000e+000  8.9907304e-006
  5.5000000e+000  7.2123891e-006
  5.5200000e+000  5.5971618e-006
  5.5400000e+000  4.1589675e-006
  5.5600000e+000  2.9117254e-006
  5.5800000e+000  1.8693545e-006
  5.6000000e+000  1.0457738e-006
  5.6200000e+000  4.5490236e-007
  5.6400000e+000  1.1065933e-007
  5.6600000e+000  2.3446921e-008
  5.6800000e+000  7.2523375e-008
  5.7000000e+000  1.9006097e-007
  5.7200000e+000  3.7232758e-007
  5.7400000e+000  6.1559109e-007
  5.7600000e+000  9.1611937e-007
  5.7800000e+000  1.2701803e-006
  5.8000000e+000  1.6740418e-006
  5.8200000e+000  2.1239716e-006
  5.8400000e+000  2.6162377e-006
  5.8600000e+000  3.1471080e-006
  5.8800000e+000  3.7128503e-006
  5.9000000e+000  4.3097326e-006
  5.9200000e+000  4.9340226e-006
  5.9400000e+000  5.5819882e-006
  5.9600000e+000  6.2498974e-006
  5.9800000e+000  6.9340180e-006
  6.0000000e+000  7.6306179e-006
  6.0200000e+000  8.3359650e-006
  6.0400000e+000  9.0463271e-006
  6.0600000e+000  9.7579721e-006
  6.0800000e+000  1.0467168e-005
  6.1000000e+000  1.1170182e-005
  6.1200000e+000  1.1863283e-005
  6.1400000e+000  1.2542739e-005
  6.1600000e+000  1.3204817e-005
  6.1800000e+000  1.3845785e-005
  6.2000000e+000  1.4461911e-005
  6.2200000e+000  1.5049462e-005
  6.2400000e+000  1.5604708e-005
  6.2600000e+000  1.6123916e-005
  6.2800000e+000  1.6603353e-005
  6.3000000e+000  1.7039287e-005
  6.3200000e+000  1.7427987e-005
  6.3400000e+000  1.7765719e-005
  6.3600000e+000  1.8048753e-005
  6.3800000e+000  1.8273356e-005
  6.4000000e+000  1.8435796e-005
  6.4200000e+000  1.8532340e-005
  6.4400000e+000  1.8559323e-005
  6.4600000e+000  1.8519572e-005
  6.4800000e+000  1.8418635e-005
  6.5000000e+000  1.8259753e-005
  6.5200000e+000  1.8046164e-005
  6.5400000e+000  1.7781109e-005
  6.5600000e+000  1.7467827e-005
  6.5800000e+000  1.7109556e-005
  6.6000000e+000  1.6709538e-005
  6.6200000e+000  1.6271012e-005
  6.6400000e+000  1.5797217e-005
  6.6600000e+000  1.5291392e-005
  6.6800000e+000  1.4756778e-005
  6.7000000e+000  1.4196614e-005
  6.7200000e+000  1.3614139e-005
  6.7400000e+000  1.3012593e-005
  6.7600000e+000  1.2395215e-005
  6.7800000e+000  1.1765246e-005
  6.8000000e+000  1.1125925e-005
  6.8200000e+000  1.0480491e-005
  6.8400000e+000  9.8321837e-006
  6.8600000e+000  9.1842430e-006
  6.8800000e+000  8.5399083e-006
  6.9000000e+000  7.9024193e-006
  6.9200000e+000  7.2750155e-006
  6.9400000e+000  6.6609364e-006
  6.9600000e+000  6.0634217e-006
  6.9800000e+000  5.4857108e-006
  7.0000000e+000  4.9310435e-006
  7.0200000e+000  4.4026592e-006
  7.0400000e+000  3.9037976e-006
  7.0600000e+000  3.4376982e-006
  7.0800000e+000  3.0076005e-006
  7.1000000e+000  2.6167443e-006
  7.1200000e+000  2.2683689e-006
  7.1400000e+000  1.9657141e-006
  7.1600000e+000  1.7120193e-006
  7.1800000e+000  1.5105242e-006
  7.2000000e+000  1.3644683e-006
  7.2200000e+000  1.2769730e-006
  7.2400000e+000  1.2168370e-006
  7.2600000e+000  1.1579319e-006
  7.2800000e+000  1.1002754e-006
  7.3000000e+000  1.0438853e-006
  7.3200000e+000  9.8877898e-007
  7.3400000e+000  9.3497427e-007
  7.3600000e+000  8.8248879e-007
  7.3800000e+000  8.3134019e-007
  7.4000000e+000  7.8154612e-007
  7.4200000e+000  7.3312426e-007
  7.4400000e+000  6.8609224e-007
  7.4600000e+000  6.4046772e-007
  7.4800000e+000  5.9626837e-007
  7.5000000e+000  5.5351183e-007
  7.5200000e+000  5.1221577e-007
  7.5400000e+000  4.7239783e-007
  7.5600000e+000  4.3407568e-007
  7.5800000e+000  3.9726697e-007
  7.6000000e+000  3.6198935e-007
  7.6200000e+000  3.2826048e-007
  7.6400000e+000  2.9609802e-007
  7.6600000e+000  2.6551963e-007
  7.6800000e+000  2.3654295e-007
  7.7000000e+000  2.0918565e-007
  7.7200000e+000  1.8346538e-007
  7.7400000e+000  1.5939979e-007
  7.7600000e+000  1.3700655e-007
  7.7800000e+000  1.1630330e-007
  7.8000000e+000  9.7307706e-008
  7.8200000e+000  8.0037422e-008
  7.8400000e+000  6.4510103e-008
  7.8600000e+000  5.0743404e-008
  7.8800000e+000  3.8754983e-008
  7.9000000e+000  2.8562493e-008
  7.9200000e+000  2.0183592e-008
  7.9400000e+000  1.3635935e-008
  7.9600000e+000  8.9371768e-009
  7.9800000e+000  6.1049747e-009
  8.0000000e+000  5.1569838e-009
  8.0200000e+000  0.0000000e+000
  8.0400000e+000  0.0000000e+000
  8.0600000e+000  0.0000000e+000
  8.0800000e+000  0.0000000e+000
  8.1000000e+000  0.0000000e+000
  8.1200000e+000  0.0000000e+000
  8.1400000e+000  0.0000000e+000
  8.1600000e+000  0.0000000e+000
  8.1800000e+000  0.0000000e+000
  8.2000000e+000  0.0000000e+000
  8.2200000e+000  0.0000000e+000
  8.2400000e+000  0.0000000e+000
  8.2600000e+000  0.0000000e+000
  8.2800000e+000  0.0000000e+000
  8.3000000e+000  0.0000000e+000
  8.3200000e+000  0.0000000e+000
  8.3400000e+000  0.0000000e+000
  8.3600000e+000  0.0000000e+000
  8.3800000e+000  0.0000000e+000
  8.4000000e+000  0.0000000e+000
  8.4200000e+000  0.0000000e+000
  8.4400000e+000  0.0000000e+000
  8.4600000e+000  0.0000000e+000
  8.4800000e+000  0.0000000e+000
  8.5000000e+000  0.0000000e+000
  8.5200000e+000  0.0000000e+000
  8.5400000e+000  0.0000000e+000
  8.5600000e+000  0.0000000e+000
  8.5800000e+000  0.0000000e+000
  8.6000000e+000  0.0000000e+000
  8.6200000e+000  0.0000000e+000
  8.6400000e+000  0.0000000e+000
  8.6600000e+000  0.0000000e+000
  8.6800000e+000  0.0000000e+000
  8.7000000e+000  0.0000000e+000
  8.7200000e+000  0.0000000e+000
  8.7400000e+000  0.0000000e+000
  8.7600000e+000  0.0000000e+000
  8.7800000e+000  0.0000000e+000
  8.8000000e+000  0.0000000e+000
  8.8200000e+000  0.0000000e+000
  8.8400000e+000  0.0000000e+000
  8.8600000e+000  0.0000000e+000
  8.8800000e+000  0.0000000e+000
  8.9000000e+000  0.0000000e+000
  8.9200000e+000  0.0000000e+000
  8.9400000e+000  0.0000000e+000
  8.9600000e+000  0.0000000e+000
  8.9800000e+000  0.0000000e+000
  9.0000000e+000  0.0000000e+000
  9.0200000e+000  0.0000000e+000
  9.0400000e+000  0.0000000e+000
  9.0600000e+000  0.0000000e+000
  9.0800000e+000  0.0000000e+000
  9.1000000e+000  0.0000000e+000
  9.1200000e+000  0.0000000e+000
  9.1400000e+000  0.0000000e+000
  9.1600000e+000  0.0000000e+000
  9.1800000e+000  0.0000000e+000
  9.2000000e+000  0.0000000e+000
  9.2200000e+000  0.0000000e+000
  9.2400000e+000  0.0000000e+000
  9.2600000e+000  0.0000000e+000
  9.2800000e+000  0.0000000e+000
  9.3000000e+000  0.0000000e+000
  9.3200000e+000  0.0000000e+000
  9.3400000e+000  0.0000000e+000
  9.3600000e+000  0.0000000e+000
  9.3800000e+000  0.0000000e+000
  9.4000000e+000  0.0000000e+000
  9.4200000e+000  0.0000000e+000
  9.4400000e+000  0.0000000e+000
  9.4600000e+000  0.0000000e+000
  9.4800000e+000  0.0000000e+000
  9.5000000e+000  0.0000000e+000
  9.5200000e+000  0.0000000e+000
  9.5400000e+000  0.0000000e+000
  9.5600000e+000  0.0000000e+000
  9.5800000e+000  0.0000000e+000
  9.6000000e+000  0.0000000e+000
  9.6200000e+000  0.0000000e+000
  9.6400000e+000  0.0000000e+000
  9.6600000e+000  0.0000000e+000
  9.6800000e+000  0.0000000e+000
  9.7000000e+000  0.0000000e+000
  9.7200000e+000  0.0000000e+000
  9.7400000e+000  0.0000000e+000
  9.7600000e+000  0.0000000e+000
  9.7800000e+000  0.0000000e+000
  9.8000000e+000  0.0000000e+000
  9.8200000e+000  0.0000000e+000
  9.8400000e+000  0.0000000e+000
  9.8600000e+000  0.0000000e+000
  9.8800000e+000  0.0000000e+000
  9.9000000e+000  0.0000000e+000
  9.9200000e+000  0.0000000e+000
  9.9400000e+000  0.0000000e+000
  9.9600000e+000  0.0000000e+000
  9.9800000e+000  0.0000000e+000
  1.0000000e+001  0.0000000e+000
  1.0020000e+001  0.0000000e+000
  1.0040000e+001  0.0000000e+000
  1.0060000e+001  0.0000000e+000
  1.0080000e+001  0.0000000e+000
  1.0100000e+001  0.0000000e+000
  1.0120000e+001  0.0000000e+000
  1.0140000e+001  0.0000000e+000
  1.0160000e+001  0.0000000e+000
  1.0180000e+001  0.0000000e+000
  1.0200000e+001  0.0000000e+000
  1.0220000e+001  0.0000000e+000
  1.0240000e+001  0.0000000e+000
  1.0260000e+001  0.0000000e+000
  1.0280000e+001  0.0000000e+000
  1.0300000e+001  0.0000000e+000
  1.0320000e+001  0.0000000e+000
  1.0340000e+001  0.0000000e+000
  1.0360000e+001  0.0000000e+000
  1.0380000e+001  0.0000000e+000
  1.0400000e+001  0.0000000e+000
  1.0420000e+001  0.0000000e+000
  1.0440000e+001  0.0000000e+000
  1.0460000e+001  0.0000000e+000
  1.0480000e+001  0.0000000e+000
  1.0500000e+001  0.0000000e+000
  1.0520000e+001  0.0000000e+000
  1.0540000e+001  0.0000000e+000
  1.0560000e+001  0.0000000e+000
  1.0580000e+001  0.0000000e+000
  1.0600000e+001  0.0000000e+000
  1.0620000e+001  0.0000000e+000
  1.0640000e+001  0.0000000e+000
  1.0660000e+001  0.0000000e+000
  1.0680000e+001  0.0000000e+000
  1.0700000e+001  0.0000000e+000
  1.0720000e+001  0.0000000e+000
  1.0740000e+001  0.0000000e+000
  1.0760000e+001  0.0000000e+000
  1.0780000e+001  0.0000000e+000
  1.0800000e+001  0.0000000e+000
  1.0820000e+001  0.0000000e+000
  1.0840000e+001  0.0000000e+000
  1.0860000e+001  0.0000000e+000
  1.0880000e+001  0.0000000e+000
  1.0900000e+001  0.0000000e+000
  1.0920000e+001  0.0000000e+000
  1.0940000e+001  0.0000000e+000
  1.0960000e+001  0.0000000e+000
  1.0980000e+001  0.0000000e+000
  1.1000000e+001  0.0000000e+000
  1.1020000e+001  0.0000000e+000
  1.1040000e+001  0.0000000e+000
  1.1060000e+001  0.0000000e+000
  1.1080000e+001  0.0000000e+000
  1.1100000e+001  0.0000000e+000
  1.1120000e+001  0.0000000e+000
  1.1140000e+001  0.0000000e+000
  1.1160000e+001  0.0000000e+000
  1.1180000e+001  0.0000000e+000
  1.1200000e+001  0.0000000e+000
  1.1220000e+001  0.0000000e+000
  1.1240000e+001  0.0000000e+000
  1.1260000e+001  0.0000000e+000
  1.1280000e+001  0.0000000e+000
  1.1300000e+001  0.0000000e+000
  1.1320000e+001  0.0000000e+000
  1.1340000e+001  0.0000000e+000
  1.1360000e+001  0.0000000e+000
  1.1380000e+001  0.0000000e+000
  1.1400000e+001  0.0000000e+000
  1.1420000e+001  0.0000000e+000
  1.1440000e+001  0.0000000e+000
  1.1460000e+001  0.0000000e+000
  1.1480000e+001  0.0000000e+000
  1.1500000e+001  0.0000000e+000
  1.1520000e+001  0.0000000e+000
  1.1540000e+001  0.0000000e+000
  1.1560000e+001  0.0000000e+000
  1.1580000e+001  0.0000000e+000
  1.1600000e+001  0.0000000e+000
  1.1620000e+001  0.0000000e+000
  1.1640000e+001  0.0000000e+000
  1.1660000e+001  0.0000000e+000
  1.1680000e+001  0.0000000e+000
  1.1700000e+001  0.0000000e+000
  1.1720000e+001  0.0000000e+000
  1.1740000e+001  0.0000000e+000
  1.1760000e+001  0.0000000e+000
  1.1780000e+001  0.0000000e+000
  1.1800000e+001  0.0000000e+000
  1.1820000e+001  0.0000000e+000
  1.1840000e+001  0.0000000e+000
  1.1860000e+001  0.0000000e+000
  1.1880000e+001  0.0000000e+000
  1.1900000e+001  0.0000000e+000
  1.1920000e+001  0.0000000e+000
  1.1940000e+001  0.0000000e+000
  1.1960000e+001  0.0000000e+000
  1.1980000e+001  0.0000000e+000
  1.2000000e+001  0.0000000e+000
  1.2020000e+001  0.0000000e+000
  1.2040000e+001  0.0000000e+000
  1.2060000e+001  0.0000000e+000
  1.2080000e+001  0.0000000e+000
  1.2100000e+001  0.0000000e+000
  1.2120000e+001  0.0000000e+000
  1.2140000e+001  0.0000000e+000
  1.2160000e+001  0.0000000e+000
  1.2180000e+001  0.0000000e+000
  1.2200000e+001  0.0000000e+000
  1.2220000e+001  0.0000000e+000
  1.2240000e+001  0.0000000e+000
  1.2260000e+001  0.0000000e+000
  1.2280000e+001  0.0000000e+000
  1.2300000e+001  0.0000000e+000
  1.2320000e+001  0.0000000e+000
  1.2340000e+001  0.0000000e+000
  1.2360000e+001  0.0000000e+000
  1.2380000e+001  0.0000000e+000
  1.2400000e+001  0.0000000e+000
  1.2420000e+001  0.0000000e+000
  1.2440000e+001  0.0000000e+000
  1.2460000e+001  0.0000000e+000
  1.2480000e+001  0.0000000e+000
  1.2500000e+001  0.0000000e+000
  1.2520000e+001  0.0000000e+000
  1.2540000e+001  0.0000000e+000
  1.2560000e+001  0.0000000e+000
  1.2580000e+001  0.0000000e+000
  1.2600000e+001  0.0000000e+000
  1.2620000e+001  0.0000000e+000
  1.2640000e+001  0.0000000e+000
  1.2660000e+001  0.0000000e+000
  1.2680000e+001  0.0000000e+000
  1.2700000e+001  0.0000000e+000
  1.2720000e+001  0.0000000e+000
  1.2740000e+001  0.0000000e+000
  1.2760000e+001  0.0000000e+000
  1.2780000e+001  0.0000000e+000
  1.2800000e+001  0.0000000e+000
  1.2820000e+001  0.0000000e+000
  1.2840000e+001  0.0000000e+000
  1.2860000e+001  0.0000000e+000
  1.2880000e+001  0.0000000e+000
  1.2900000e+001  0.0000000e+000
  1.2920000e+001  0.0000000e+000
  1.2940000e+001  0.0000000e+000
  1.2960000e+001  0.0000000e+000
  1.2980000e+001  0.0000000e+000
  1.3000000e+001  0.0000000e+000
  1.3020000e+001  0.0000000e+000
  1.3040000e+001  0.0000000e+000
  1.3060000e+001  0.0000000e+000
  1.3080000e+001  0.0000000e+000
  1.3100000e+001  0.0000000e+000
  1.3120000e+001  0.0000000e+000
  1.3140000e+001  0.0000000e+000
  1.3160000e+001  0.0000000e+000
  1.3180000e+001  0.0000000e+000
  1.3200000e+001  0.0000000e+000
  1.3220000e+001  0.0000000e+000
  1.3240000e+001  0.0000000e+000
  1.3260000e+001  0.0000000e+000
  1.3280000e+001  0.0000000e+000
  1.3300000e+001  0.0000000e+000
  1.3320000e+001  0.0000000e+000
  1.3340000e+001  0.0000000e+000
  1.3360000e+001  0.0000000e+000
  1.3380000e+001  0.0000000e+000
  1.3400000e+001  0.0000000e+000
  1.3420000e+001  0.0000000e+000
  1.3440000e+001  0.0000000e+000
  1.3460000e+001  0.0000000e+000
  1.3480000e+001  0.0000000e+000
  1.3500000e+001  0.0000000e+000
  1.3520000e+001  0.0000000e+000
  1.3540000e+001  0.0000000e+000
  1.3560000e+001  0.0000000e+000
  1.3580000e+001  0.0000000e+000
  1.3600000e+001  0.0000000e+000
  1.3620000e+001  0.0000000e+000
  1.3640000e+001  0.0000000e+000
  1.3660000e+001  0.0000000e+000
  1.3680000e+001  0.0000000e+000
  1.3700000e+001  0.0000000e+000
  1.3720000e+001  0.0000000e+000
  1.3740000e+001  0.0000000e+000
  1.3760000e+001  0.0000000e+000
  1.3780000e+001  0.0000000e+000
  1.3800000e+001  0.0000000e+000
  1.3820000e+001  0.0000000e+000
  1.3840000e+001  0.0000000e+000
  1.3860000e+001  0.0000000e+000
  1.3880000e+001  0.0000000e+000
  1.3900000e+001  0.0000000e+000
  1.3920000e+001  0.0000000e+000
  1.3940000e+001  0.0000000e+000
  1.3960000e+001  0.0000000e+000
  1.3980000e+001  0.0000000e+000
  1.4000000e+001  0.0000000e+000
  1.4020000e+001  0.0000000e+000
  1.4040000e+001  0.0000000e+000
  1.4060000e+001  0.0000000e+000
  1.4080000e+001  0.0000000e+000
  1.4100000e+001  0.0000000e+000
  1.4120000e+001  0.0000000e+000
  1.4140000e+001  0.0000000e+000
  1.4160000e+001  0.0000000e+000
  1.4180000e+001  0.0000000e+000
  1.4200000e+001  0.0000000e+000
  1.4220000e+001  0.0000000e+000
  1.4240000e+001  0.0000000e+000
  1.4260000e+001  0.0000000e+000
  1.4280000e+001  0.0000000e+000
  1.4300000e+001  0.0000000e+000
  1.4320000e+001  0.0000000e+000
  1.4340000e+001  0.0000000e+000
  1.4360000e+001  0.0000000e+000
  1.4380000e+001  0.0000000e+000
  1.4400000e+001  0.0000000e+000
  1.4420000e+001  0.0000000e+000
  1.4440000e+001  0.0000000e+000
  1.4460000e+001  0.0000000e+000
  1.4480000e+001  0.0000000e+000
  1.4500000e+001  0.0000000e+000
  1.4520000e+001  0.0000000e+000
  1.4540000e+001  0.0000000e+000
  1.4560000e+001  0.0000000e+000
  1.4580000e+001  0.0000000e+000
  1.4600000e+001  0.0000000e+000
  1.4620000e+001  0.0000000e+000
  1.4640000e+001  0.0000000e+000
  1.4660000e+001  0.0000000e+000
  1.4680000e+001  0.0000000e+000
  1.4700000e+001  0.0000000e+000
  1.4720000e+001  0.0000000e+000
  1.4740000e+001  0.0000000e+000
  1.4760000e+001  0.0000000e+000
  1.4780000e+001  0.0000000e+000
  1.4800000e+001  0.0000000e+000
  1.4820000e+001  0.0000000e+000
  1.4840000e+001  0.0000000e+000
  1.4860000e+001  0.0000000e+000
  1.4880000e+001  0.0000000e+000
  1.4900000e+001  0.0000000e+000
  1.4920000e+001  0.0000000e+000
  1.4940000e+001  0.0000000e+000
  1.4960000e+001  0.0000000e+000
  1.4980000e+001  0.0000000e+000
  1.5000000e+001  0.0000000e+000
  1.5020000e+001  0.0000000e+000
  1.5040000e+001  0.0000000e+000
  1.5060000e+001  0.0000000e+000
  1.5080000e+001  0.0000000e+000
  1.5100000e+001  0.0000000e+000
  1.5120000e+001  0.0000000e+000
  1.5140000e+001  0.0000000e+000
  1.5160000e+001  0.0000000e+000
  1.5180000e+001  0.0000000e+000
  1.5200000e+001  0.0000000e+000
  1.5220000e+001  0.0000000e+000
  1.5240000e+001  0.0000000e+000
  1.5260000e+001  0.0000000e+000
  1.5280000e+001  0.0000000e+000
  1.5300000e+001  0.0000000e+000
  1.5320000e+001  0.0000000e+000
  1.5340000e+001  0.0000000e+000
  1.5360000e+001  0.0000000e+000
  1.5380000e+001  0.0000000e+000
  1.5400000e+001  0.0000000e+000
  1.5420000e+001  0.0000000e+000
  1.5440000e+001  0.0000000e+000
  1.5460000e+001  0.0000000e+000
  1.5480000e+001  0.0000000e+000
  1.5500000e+001  0.0000000e+000
  1.5520000e+001  0.0000000e+000
  1.5540000e+001  0.0000000e+000
  1.5560000e+001  0.0000000e+000
  1.5580000e+001  0.0000000e+000
  1.5600000e+001  0.0000000e+000
  1.5620000e+001  0.0000000e+000
  1.5640000e+001  0.0000000e+000
  1.5660000e+001  0.0000000e+000
  1.5680000e+001  0.0000000e+000
  1.5700000e+001  0.0000000e+000
  1.5720000e+001  0.0000000e+000
  1.5740000e+001  0.0000000e+000
  1.5760000e+001  0.0000000e+000
  1.5780000e+001  0.0000000e+000
  1.5800000e+001  0.0000000e+000
  1.5820000e+001  0.0000000e+000
  1.5840000e+001  0.0000000e+000
  1.5860000e+001  0.0000000e+000
  1.5880000e+001  0.0000000e+000
  1.5900000e+001  0.0000000e+000
  1.5920000e+001  0.0000000e+000
  1.5940000e+001  0.0000000e+000
  1.5960000e+001  0.0000000e+000
  1.5980000e+001  0.0000000e+000
  1.6000000e+001  0.0000000e+000
  1.6020000e+001  0.0000000e+000
  1.6040000e+001  0.0000000e+000
  1.6060000e+001  0.0000000e+000
  1.6080000e+001  0.0000000e+000
  1.6100000e+001  0.0000000e+000
  1.6120000e+001  0.0000000e+000
  1.6140000e+001  0.0000000e+000
  1.6160000e+001  0.0000000e+000
  1.6180000e+001  0.0000000e+000
  1.6200000e+001  0.0000000e+000
  1.6220000e+001  0.0000000e+000
  1.6240000e+001  0.0000000e+000
  1.6260000e+001  0.0000000e+000
  1.6280000e+001  0.0000000e+000
  1.6300000e+001  0.0000000e+000
  1.6320000e+001  0.0000000e+000
  1.6340000e+001  0.0000000e+000
  1.6360000e+001  0.0000000e+000
  1.6380000e+001  0.0000000e+000
  1.6400000e+001  0.0000000e+000
  1.6420000e+001  0.0000000e+000
  1.6440000e+001  0.0000000e+000
  1.6460000e+001  0.0000000e+000
  1.6480000e+001  0.0000000e+000
  1.6500000e+001  0.0000000e+000
  1.6520000e+001  0.0000000e+000
  1.6540000e+001  0.0000000e+000
  1.6560000e+001  0.0000000e+000
  1.6580000e+001  0.0000000e+000
  1.6600000e+001  0.0000000e+000
  1.6620000e+001  0.0000000e+000
  1.6640000e+001  0.0000000e+000
  1.6660000e+001  0.0000000e+000
  1.6680000e+001  0.0000000e+000
  1.6700000e+001  0.0000000e+000
  1.6720000e+001  0.0000000e+000
  1.6740000e+001  0.0000000e+000
  1.6760000e+001  0.0000000e+000
  1.6780000e+001  0.0000000e+000
  1.6800000e+001  0.0000000e+000
  1.6820000e+001  0.0000000e+000
  1.6840000e+001  0.0000000e+000
  1.6860000e+001  0.0000000e+000
  1.6880000e+001  0.0000000e+000
  1.6900000e+001  0.0000000e+000
  1.6920000e+001  0.0000000e+000
  1.6940000e+001  0.0000000e+000
  1.6960000e+001  0.0000000e+000
  1.6980000e+001  0.0000000e+000
  1.7000000e+001  0.0000000e+000
  1.7020000e+001  0.0000000e+000
  1.7040000e+001  0.0000000e+000
  1.7060000e+001  0.0000000e+000
  1.7080000e+001  0.0000000e+000
  1.7100000e+001  0.0000000e+000
  1.7120000e+001  0.0000000e+000
  1.7140000e+001  0.0000000e+000
  1.7160000e+001  0.0000000e+000
  1.7180000e+001  0.0000000e+000
  1.7200000e+001  0.0000000e+000
  1.7220000e+001  0.0000000e+000
  1.7240000e+001  0.0000000e+000
  1.7260000e+001  0.0000000e+000
  1.7280000e+001  0.0000000e+000
  1.7300000e+001  0.0000000e+000
  1.7320000e+001  0.0000000e+000
  1.7340000e+001  0.0000000e+000
  1.7360000e+001  0.0000000e+000
  1.7380000e+001  0.0000000e+000
  1.7400000e+001  0.0000000e+000
  1.7420000e+001  0.0000000e+000
  1.7440000e+001  0.0000000e+000
  1.7460000e+001  0.0000000e+000
  1.7480000e+001  0.0000000e+000
  1.7500000e+001  0.0000000e+000
  1.7520000e+001  0.0000000e+000
  1.7540000e+001  0.0000000e+000
  1.7560000e+001  0.0000000e+000
  1.7580000e+001  0.0000000e+000
  1.7600000e+001  0.0000000e+000
  1.7620000e+001  0.0000000e+000
  1.7640000e+001  0.0000000e+000
  1.7660000e+001  0.0000000e+000
  1.7680000e+001  0.0000000e+000
  1.7700000e+001  0.0000000e+000
  1.7720000e+001  0.0000000e+000
  1.7740000e+001  0.0000000e+000
  1.7760000e+001  0.0000000e+000
  1.7780000e+001  0.0000000e+000
  1.7800000e+001  0.0000000e+000
  1.7820000e+001  0.0000000e+000
  1.7840000e+001  0.0000000e+000
  1.7860000e+001  0.0000000e+000
  1.7880000e+001  0.0000000e+000
  1.7900000e+001  0.0000000e+000
  1.7920000e+001  0.0000000e+000
  1.7940000e+001  0.0000000e+000
  1.7960000e+001  0.0000000e+000
  1.7980000e+001  0.0000000e+000
  1.8000000e+001  0.0000000e+000
  1.8020000e+001  0.0000000e+000
  1.8040000e+001  0.0000000e+000
  1.8060000e+001  0.0000000e+000
  1.8080000e+001  0.0000000e+000
  1.8100000e+001  0.0000000e+000
  1.8120000e+001  0.0000000e+000
  1.8140000e+001  0.0000000e+000
  1.8160000e+001  0.0000000e+000
  1.8180000e+001  0.0000000e+000
  1.8200000e+001  0.0000000e+000
  1.8220000e+001  0.0000000e+000
  1.8240000e+001  0.0000000e+000
  1.8260000e+001  0.0000000e+000
  1.8280000e+001  0.0000000e+000
  1.8300000e+001  0.0000000e+000
  1.8320000e+001  0.0000000e+000
  1.8340000e+001  0.0000000e+000
  1.8360000e+001  0.0000000e+000
  1.8380000e+001  0.0000000e+000
  1.8400000e+001  0.0000000e+000
  1.8420000e+001  0.0000000e+000
  1.8440000e+001  0.0000000e+000
  1.8460000e+001  0.0000000e+000
  1.8480000e+001  0.0000000e+000
  1.8500000e+001  0.0000000e+000
  1.8520000e+001  0.0000000e+000
  1.8540000e+001  0.0000000e+000
  1.8560000e+001  0.0000000e+000
  1.8580000e+001  0.0000000e+000
  1.8600000e+001  0.0000000e+000
  1.8620000e+001  0.0000000e+000
  1.8640000e+001  0.0000000e+000
  1.8660000e+001  0.0000000e+000
  1.8680000e+001  0.0000000e+000
  1.8700000e+001  0.0000000e+000
  1.8720000e+001  0.0000000e+000
  1.8740000e+001  0.0000000e+000
  1.8760000e+001  0.0000000e+000
  1.8780000e+001  0.0000000e+000
  1.8800000e+001  0.0000000e+000
  1.8820000e+001  0.0000000e+000
  1.8840000e+001  0.0000000e+000
  1.8860000e+001  0.0000000e+000
  1.8880000e+001  0.0000000e+000
  1.8900000e+001  0.0000000e+000
  1.8920000e+001  0.0000000e+000
  1.8940000e+001  0.0000000e+000
  1.8960000e+001  0.0000000e+000
  1.8980000e+001  0.0000000e+000
  1.9000000e+001  0.0000000e+000
  1.9020000e+001  0.0000000e+000
  1.9040000e+001  0.0000000e+000
  1.9060000e+001  0.0000000e+000
  1.9080000e+001  0.0000000e+000
  1.9100000e+001  0.0000000e+000
  1.9120000e+001  0.0000000e+000
  1.9140000e+001  0.0000000e+000
  1.9160000e+001  0.0000000e+000
  1.9180000e+001  0.0000000e+000
  1.9200000e+001  0.0000000e+000
  1.9220000e+001  0.0000000e+000
  1.9240000e+001  0.0000000e+000
  1.9260000e+001  0.0000000e+000
  1.9280000e+001  0.0000000e+000
  1.9300000e+001  0.0000000e+000
  1.9320000e+001  0.0000000e+000
  1.9340000e+001  0.0000000e+000
  1.9360000e+001  0.0000000e+000
  1.9380000e+001  0.0000000e+000
  1.9400000e+001  0.0000000e+000
  1.9420000e+001  0.0000000e+000
  1.9440000e+001  0.0000000e+000
  1.9460000e+001  0.0000000e+000
  1.9480000e+001  0.0000000e+000
  1.9500000e+001  0.0000000e+000
  1.9520000e+001  0.0000000e+000
  1.9540000e+001  0.0000000e+000
  1.9560000e+001  0.0000000e+000
  1.9580000e+001  0.0000000e+000
  1.9600000e+001  0.0000000e+000
  1.9620000e+001  0.0000000e+000
  1.9640000e+001  0.0000000e+000
  1.9660000e+001  0.0000000e+000
  1.9680000e+001  0.0000000e+000
  1.9700000e+001  0.0000000e+000
  1.9720000e+001  0.0000000e+000
  1.9740000e+001  0.0000000e+000
  1.9760000e+001  0.0000000e+000
  1.9780000e+001  0.0000000e+000
  1.9800000e+001  0.0000000e+000
  1.9820000e+001  0.0000000e+000
  1.9840000e+001  0.0000000e+000
  1.9860000e+001  0.0000000e+000
  1.9880000e+001  0.0000000e+000
  1.9900000e+001  0.0000000e+000
  1.9920000e+001  0.0000000e+000
  1.9940000e+001  0.0000000e+000
  1.9960000e+001  0.0000000e+000
  1.9980000e+001  0.0000000e+000
  2.0000000e+001  0.0000000e+000
  2.0020000e+001  0.0000000e+000
  2.0040000e+001  0.0000000e+000
  2.0060000e+001  0.0000000e+000
  2.0080000e+001  0.0000000e+000
  2.0100000e+001  0.0000000e+000
  2.0120000e+001  0.0000000e+000
  2.0140000e+001  0.0000000e+000
  2.0160000e+001  0.0000000e+000
  2.0180000e+001  0.0000000e+000
  2.0200000e+001  0.0000000e+000
  2.0220000e+001  0.0000000e+000
  2.0240000e+001  0.0000000e+000
  2.0260000e+001  0.0000000e+000
  2.0280000e+001  0.0000000e+000
  2.0300000e+001  0.0000000e+000
  2.0320000e+001  0.0000000e+000
  2.0340000e+001  0.0000000e+000
  2.0360000e+001  0.0000000e+000
  2.0380000e+001  0.0000000e+000
  2.0400000e+001  0.0000000e+000
  2.0420000e+001  0.0000000e+000
  2.0440000e+001  0.0000000e+000
  2.0460000e+001  0.0000000e+000
  2.0480000e+001  0.0000000e+000
  2.0500000e+001  0.0000000e+000
  2.0520000e+001  0.0000000e+000
  2.0540000e+001  0.0000000e+000
  2.0560000e+001  0.0000000e+000
  2.0580000e+001  0.0000000e+000
  2.0600000e+001  0.0000000e+000
  2.0620000e+001  0.0000000e+000
  2.0640000e+001  0.0000000e+000
  2.0660000e+001  0.0000000e+000
  2.0680000e+001  0.0000000e+000
  2.0700000e+001  0.0000000e+000
  2.0720000e+001  0.0000000e+000
  2.0740000e+001  0.0000000e+000
  2.0760000e+001  0.0000000e+000
  2.0780000e+001  0.0000000e+000
  2.0800000e+001  0.0000000e+000
  2.0820000e+001  0.0000000e+000
  2.0840000e+001  0.0000000e+000
  2.0860000e+001  0.0000000e+000
  2.0880000e+001  0.0000000e+000
  2.0900000e+001  0.0000000e+000
  2.0920000e+001  0.0000000e+000
  2.0940000e+001  0.0000000e+000
  2.0960000e+001  0.0000000e+000
  2.0980000e+001  0.0000000e+000
  2.1000000e+001  0.0000000e+000
  2.1020000e+001  0.0000000e+000
  2.1040000e+001  0.0000000e+000
  2.1060000e+001  0.0000000e+000
  2.1080000e+001  0.0000000e+000
  2.1100000e+001  0.0000000e+000
  2.1120000e+001  0.0000000e+000
  2.1140000e+001  0.0000000e+000
  2.1160000e+001  0.0000000e+000
  2.1180000e+001  0.0000000e+000
  2.1200000e+001  0.0000000e+000
  2.1220000e+001  0.0000000e+000
  2.1240000e+001  0.0000000e+000
  2.1260000e+001  0.0000000e+000
  2.1280000e+001  0.0000000e+000
  2.1300000e+001  0.0000000e+000
  2.1320000e+001  0.0000000e+000
  2.1340000e+001  0.0000000e+000
  2.1360000e+001  0.0000000e+000
  2.1380000e+001  0.0000000e+000
  2.1400000e+001  0.0000000e+000
  2.1420000e+001  0.0000000e+000
  2.1440000e+001  0.0000000e+000
  2.1460000e+001  0.0000000e+000
  2.1480000e+001  0.0000000e+000
  2.1500000e+001  0.0000000e+000
  2.1520000e+001  0.0000000e+000
  2.1540000e+001  0.0000000e+000
  2.1560000e+001  0.0000000e+000
  2.1580000e+001  0.0000000e+000
  2.1600000e+001  0.0000000e+000
  2.1620000e+001  0.0000000e+000
  2.1640000e+001  0.0000000e+000
  2.1660000e+001  0.0000000e+000
  2.1680000e+001  0.0000000e+000
  2.1700000e+001  0.0000000e+000
  2.1720000e+001  0.0000000e+000
  2.1740000e+001  0.0000000e+000
  2.1760000e+001  0.0000000e+000
  2.1780000e+001  0.0000000e+000
  2.1800000e+001  0.0000000e+000
  2.1820000e+001  0.0000000e+000
  2.1840000e+001  0.0000000e+000
  2.1860000e+001  0.0000000e+000
  2.1880000e+001  0.0000000e+000
  2.1900000e+001  0.0000000e+000
  2.1920000e+001  0.0000000e+000
  2.1940000e+001  0.0000000e+000
  2.1960000e+001  0.0000000e+000
  2.1980000e+001  0.0000000e+000
  2.2000000e+001  0.0000000e+000
  2.2020000e+001  0.0000000e+000
  2.2040000e+001  0.0000000e+000
  2.2060000e+001  0.0000000e+000
  2.2080000e+001  0.0000000e+000
  2.2100000e+001  0.0000000e+000
  2.2120000e+001  0.0000000e+000
  2.2140000e+001  0.0000000e+000
  2.2160000e+001  0.0000000e+000
  2.2180000e+001  0.0000000e+000
  2.2200000e+001  0.0000000e+000
  2.2220000e+001  0.0000000e+000
  2.2240000e+001  0.0000000e+000
  2.2260000e+001  0.0000000e+000
  2.2280000e+001  0.0000000e+000
  2.2300000e+001  0.0000000e+000
  2.2320000e+001  0.0000000e+000
  2.2340000e+001  0.0000000e+000
  2.2360000e+001  0.0000000e+000
  2.2380000e+001  0.0000000e+000
  2.2400000e+001  0.0000000e+000
  2.2420000e+001  0.0000000e+000
  2.2440000e+001  0.0000000e+000
  2.2460000e+001  0.0000000e+000
  2.2480000e+001  0.0000000e+000
  2.2500000e+001  0.0000000e+000
  2.2520000e+001  0.0000000e+000
  2.2540000e+001  0.0000000e+000
  2.2560000e+001  0.0000000e+000
  2.2580000e+001  0.0000000e+000
  2.2600000e+001  0.0000000e+000
  2.2620000e+001  0.0000000e+000
  2.2640000e+001  0.0000000e+000
  2.2660000e+001  0.0000000e+000
  2.2680000e+001  0.0000000e+000
  2.2700000e+001  0.0000000e+000
  2.2720000e+001  0.0000000e+000
  2.2740000e+001  0.0000000e+000
  2.2760000e+001  0.0000000e+000
  2.2780000e+001  0.0000000e+000
  2.2800000e+001  0.0000000e+000
  2.2820000e+001  0.0000000e+000
  2.2840000e+001  0.0000000e+000
  2.2860000e+001  0.0000000e+000
  2.2880000e+001  0.0000000e+000
  2.2900000e+001  0.0000000e+000
  2.2920000e+001  0.0000000e+000
  2.2940000e+001  0.0000000e+000
  2.2960000e+001  0.0000000e+000
  2.2980000e+001  0.0000000e+000
  2.3000000e+001  0.0000000e+000
  2.3020000e+001  0.0000000e+000
  2.3040000e+001  0.0000000e+000
  2.3060000e+001  0.0000000e+000
  2.3080000e+001  0.0000000e+000
  2.3100000e+001  0.0000000e+000
  2.3120000e+001  0.0000000e+000
  2.3140000e+001  0.0000000e+000
  2.3160000e+001  0.0000000e+000
  2.3180000e+001  0.0000000e+000
  2.3200000e+001  0.0000000e+000
  2.3220000e+001  0.0000000e+000
  2.3240000e+001  0.0000000e+000
  2.3260000e+001  0.0000000e+000
  2.3280000e+001  0.0000000e+000
  2.3300000e+001  0.0000000e+000
  2.3320000e+001  0.0000000e+000
  2.3340000e+001  0.0000000e+000
  2.3360000e+001  0.0000000e+000
  2.3380000e+001  0.0000000e+000
  2.3400000e+001  0.0000000e+000
  2.3420000e+001  0.0000000e+000
  2.3440000e+001  0.0000000e+000
  2.3460000e+001  0.0000000e+000
  2.3480000e+001  0.0000000e+000
  2.3500000e+001  0.0000000e+000
  2.3520000e+001  0.0000000e+000
  2.3540000e+001  0.0000000e+000
  2.3560000e+001  0.0000000e+000
  2.3580000e+001  0.0000000e+000
  2.3600000e+001  0.0000000e+000
  2.3620000e+001  0.0000000e+000
  2.3640000e+001  0.0000000e+000
  2.3660000e+001  0.0000000e+000
  2.3680000e+001  0.0000000e+000
  2.3700000e+001  0.0000000e+000
  2.3720000e+001  0.0000000e+000
  2.3740000e+001  0.0000000e+000
  2.3760000e+001  0.0000000e+000
  2.3780000e+001  0.0000000e+000
  2.3800000e+001  0.0000000e+000
  2.3820000e+001  0.0000000e+000
  2.3840000e+001  0.0000000e+000
  2.3860000e+001  0.0000000e+000
  2.3880000e+001  0.0000000e+000
  2.3900000e+001  0.0000000e+000
  2.3920000e+001  0.0000000e+000
  2.3940000e+001  0.0000000e+000
  2.3960000e+001  0.0000000e+000
  2.3980000e+001  0.0000000e+000
  2.4000000e+001  0.0000000e+000
  2.4020000e+001  0.0000000e+000
  2.4040000e+001  0.0000000e+000
  2.4060000e+001  0.0000000e+000
  2.4080000e+001  0.0000000e+000
  2.4100000e+001  0.0000000e+000
  2.4120000e+001  0.0000000e+000
  2.4140000e+001  0.0000000e+000
  2.4160000e+001  0.0000000e+000
  2.4180000e+001  0.0000000e+000
  2.4200000e+001  0.0000000e+000
  2.4220000e+001  0.0000000e+000
  2.4240000e+001  0.0000000e+000
  2.4260000e+001  0.0000000e+000
  2.4280000e+001  0.0000000e+000
  2.4300000e+001  0.0000000e+000
  2.4320000e+001  0.0000000e+000
  2.4340000e+001  0.0000000e+000
  2.4360000e+001  0.0000000e+000
  2.4380000e+001  0.0000000e+000
  2.4400000e+001  0.0000000e+000
  2.4420000e+001  0.0000000e+000
  2.4440000e+001  0.0000000e+000
  2.4460000e+001  0.0000000e+000
  2.4480000e+001  0.0000000e+000
  2.4500000e+001  0.0000000e+000
  2.4520000e+001  0.0000000e+000
  2.4540000e+001  0.0000000e+000
  2.4560000e+001  0.0000000e+000
  2.4580000e+001  0.0000000e+000
  2.4600000e+001  0.0000000e+000
  2.4620000e+001  0.0000000e+000
  2.4640000e+001  0.0000000e+000
  2.4660000e+001  0.0000000e+000
  2.4680000e+001  0.0000000e+000
  2.4700000e+001  0.0000000e+000
  2.4720000e+001  0.0000000e+000
  2.4740000e+001  0.0000000e+000
  2.4760000e+001  0.0000000e+000
  2.4780000e+001  0.0000000e+000
  2.4800000e+001  0.0000000e+000
  2.4820000e+001  0.0000000e+000
  2.4840000e+001  0.0000000e+000
  2.4860000e+001  0.0000000e+000
  2.4880000e+001  0.0000000e+000
  2.4900000e+001  0.0000000e+000
  2.4920000e+001  0.0000000e+000
  2.4940000e+001  0.0000000e+000
  2.4960000e+001  0.0000000e+000
  2.4980000e+001  0.0000000e+000
  2.5000000e+001  0.0000000e+000
  2.5020000e+001  0.0000000e+000
  2.5040000e+001  0.0000000e+000
  2.5060000e+001  0.0000000e+000
  2.5080000e+001  0.0000000e+000
  2.5100000e+001  0.0000000e+000
  2.5120000e+001  0.0000000e+000
  2.5140000e+001  0.0000000e+000
  2.5160000e+001  0.0000000e+000
  2.5180000e+001  0.0000000e+000
  2.5200000e+001  0.0000000e+000
  2.5220000e+001  0.0000000e+000
  2.5240000e+001  0.0000000e+000
  2.5260000e+001  0.0000000e+000
  2.5280000e+001  0.0000000e+000
  2.5300000e+001  0.0000000e+000
  2.5320000e+001  0.0000000e+000
  2.5340000e+001  0.0000000e+000
  2.5360000e+001  0.0000000e+000
  2.5380000e+001  0.0000000e+000
  2.5400000e+001  0.0000000e+000
  2.5420000e+001  0.0000000e+000
  2.5440000e+001  0.0000000e+000
  2.5460000e+001  0.0000000e+000
  2.5480000e+001  0.0000000e+000
  2.5500000e+001  0.0000000e+000
  2.5520000e+001  0.0000000e+000
  2.5540000e+001  0.0000000e+000
  2.5560000e+001  0.0000000e+000
  2.5580000e+001  0.0000000e+000
  2.5600000e+001  0.0000000e+000
  2.5620000e+001  0.0000000e+000
  2.5640000e+001  0.0000000e+000
  2.5660000e+001  0.0000000e+000
  2.5680000e+001  0.0000000e+000
  2.5700000e+001  0.0000000e+000
  2.5720000e+001  0.0000000e+000
  2.5740000e+001  0.0000000e+000
  2.5760000e+001  0.0000000e+000
  2.5780000e+001  0.0000000e+000
  2.5800000e+001  0.0000000e+000
  2.5820000e+001  0.0000000e+000
  2.5840000e+001  0.0000000e+000
  2.5860000e+001  0.0000000e+000
  2.5880000e+001  0.0000000e+000
  2.5900000e+001  0.0000000e+000
  2.5920000e+001  0.0000000e+000
  2.5940000e+001  0.0000000e+000
  2.5960000e+001  0.0000000e+000
  2.5980000e+001  0.0000000e+000
  2.6000000e+001  0.0000000e+000
  2.6020000e+001  0.0000000e+000
  2.6040000e+001  0.0000000e+000
  2.6060000e+001  0.0000000e+000
  2.6080000e+001  0.0000000e+000
  2.6100000e+001  0.0000000e+000
  2.6120000e+001  0.0000000e+000
  2.6140000e+001  0.0000000e+000
  2.6160000e+001  0.0000000e+000
  2.6180000e+001  0.0000000e+000
  2.6200000e+001  0.0000000e+000
  2.6220000e+001  0.0000000e+000
  2.6240000e+001  0.0000000e+000
  2.6260000e+001  0.0000000e+000
  2.6280000e+001  0.0000000e+000
  2.6300000e+001  0.0000000e+000
  2.6320000e+001  0.0000000e+000
  2.6340000e+001  0.0000000e+000
  2.6360000e+001  0.0000000e+000
  2.6380000e+001  0.0000000e+000
  2.6400000e+001  0.0000000e+000
  2.6420000e+001  0.0000000e+000
  2.6440000e+001  0.0000000e+000
  2.6460000e+001  0.0000000e+000
  2.6480000e+001  0.0000000e+000
  2.6500000e+001  0.0000000e+000
  2.6520000e+001  0.0000000e+000
  2.6540000e+001  0.0000000e+000
  2.6560000e+001  0.0000000e+000
  2.6580000e+001  0.0000000e+000
  2.6600000e+001  0.0000000e+000
  2.6620000e+001  0.0000000e+000
  2.6640000e+001  0.0000000e+000
  2.6660000e+001  0.0000000e+000
  2.6680000e+001  0.0000000e+000
  2.6700000e+001  0.0000000e+000
  2.6720000e+001  0.0000000e+000
  2.6740000e+001  0.0000000e+000
  2.6760000e+001  0.0000000e+000
  2.6780000e+001  0.0000000e+000
  2.6800000e+001  0.0000000e+000
  2.6820000e+001  0.0000000e+000
  2.6840000e+001  0.0000000e+000
  2.6860000e+001  0.0000000e+000
  2.6880000e+001  0.0000000e+000
  2.6900000e+001  0.0000000e+000
  2.6920000e+001  0.0000000e+000
  2.6940000e+001  0.0000000e+000
  2.6960000e+001  0.0000000e+000
  2.6980000e+001  0.0000000e+000
  2.7000000e+001  0.0000000e+000
  2.7020000e+001  0.0000000e+000
  2.7040000e+001  0.0000000e+000
  2.7060000e+001  0.0000000e+000
  2.7080000e+001  0.0000000e+000
  2.7100000e+001  0.0000000e+000
  2.7120000e+001  0.0000000e+000
  2.7140000e+001  0.0000000e+000
  2.7160000e+001  0.0000000e+000
  2.7180000e+001  0.0000000e+000
  2.7200000e+001  0.0000000e+000
  2.7220000e+001  0.0000000e+000
  2.7240000e+001  0.0000000e+000
  2.7260000e+001  0.0000000e+000
  2.7280000e+001  0.0000000e+000
  2.7300000e+001  0.0000000e+000
  2.7320000e+001  0.0000000e+000
  2.7340000e+001  0.0000000e+000
  2.7360000e+001  0.0000000e+000
  2.7380000e+001  0.0000000e+000
  2.7400000e+001  0.0000000e+000
  2.7420000e+001  0.0000000e+000
  2.7440000e+001  0.0000000e+000
  2.7460000e+001  0.0000000e+000
  2.7480000e+001  0.0000000e+000
  2.7500000e+001  0.0000000e+000
  2.7520000e+001  0.0000000e+000
  2.7540000e+001  0.0000000e+000
  2.7560000e+001  0.0000000e+000
  2.7580000e+001  0.0000000e+000
  2.7600000e+001  0.0000000e+000
  2.7620000e+001  0.0000000e+000
  2.7640000e+001  0.0000000e+000
  2.7660000e+001  0.0000000e+000
  2.7680000e+001  0.0000000e+000
  2.7700000e+001  0.0000000e+000
  2.7720000e+001  0.0000000e+000
  2.7740000e+001  0.0000000e+000
  2.7760000e+001  0.0000000e+000
  2.7780000e+001  0.0000000e+000
  2.7800000e+001  0.0000000e+000
  2.7820000e+001  0.0000000e+000
  2.7840000e+001  0.0000000e+000
  2.7860000e+001  0.0000000e+000
  2.7880000e+001  0.0000000e+000
  2.7900000e+001  0.0000000e+000
  2.7920000e+001  0.0000000e+000
  2.7940000e+001  0.0000000e+000
  2.7960000e+001  0.0000000e+000
  2.7980000e+001  0.0000000e+000
  2.8000000e+001  0.0000000e+000
  2.8020000e+001  0.0000000e+000
  2.8040000e+001  0.0000000e+000
  2.8060000e+001  0.0000000e+000
  2.8080000e+001  0.0000000e+000
  2.8100000e+001  0.0000000e+000
  2.8120000e+001  0.0000000e+000
  2.8140000e+001  0.0000000e+000
  2.8160000e+001  0.0000000e+000
  2.8180000e+001  0.0000000e+000
  2.8200000e+001  0.0000000e+000
  2.8220000e+001  0.0000000e+000
  2.8240000e+001  0.0000000e+000
  2.8260000e+001  0.0000000e+000
  2.8280000e+001  0.0000000e+000
  2.8300000e+001  0.0000000e+000
  2.8320000e+001  0.0000000e+000
  2.8340000e+001  0.0000000e+000
  2.8360000e+001  0.0000000e+000
  2.8380000e+001  0.0000000e+000
  2.8400000e+001  0.0000000e+000
  2.8420000e+001  0.0000000e+000
  2.8440000e+001  0.0000000e+000
  2.8460000e+001  0.0000000e+000
  2.8480000e+001  0.0000000e+000
  2.8500000e+001  0.0000000e+000
  2.8520000e+001  0.0000000e+000
  2.8540000e+001  0.0000000e+000
  2.8560000e+001  0.0000000e+000
  2.8580000e+001  0.0000000e+000
  2.8600000e+001  0.0000000e+000
  2.8620000e+001  0.0000000e+000
  2.8640000e+001  0.0000000e+000
  2.8660000e+001  0.0000000e+000
  2.8680000e+001  0.0000000e+000
  2.8700000e+001  0.0000000e+000
  2.8720000e+001  0.0000000e+000
  2.8740000e+001  0.0000000e+000
  2.8760000e+001  0.0000000e+000
  2.8780000e+001  0.0000000e+000
  2.8800000e+001  0.0000000e+000
  2.8820000e+001  0.0000000e+000
  2.8840000e+001  0.0000000e+000
  2.8860000e+001  0.0000000e+000
  2.8880000e+001  0.0000000e+000
  2.8900000e+001  0.0000000e+000
  2.8920000e+001  0.0000000e+000
  2.8940000e+001  0.0000000e+000
  2.8960000e+001  0.0000000e+000
  2.8980000e+001  0.0000000e+000
  2.9000000e+001  0.0000000e+000
  2.9020000e+001  0.0000000e+000
  2.9040000e+001  0.0000000e+000
  2.9060000e+001  0.0000000e+000
  2.9080000e+001  0.0000000e+000
  2.9100000e+001  0.0000000e+000
  2.9120000e+001  0.0000000e+000
  2.9140000e+001  0.0000000e+000
  2.9160000e+001  0.0000000e+000
  2.9180000e+001  0.0000000e+000
  2.9200000e+001  0.0000000e+000
  2.9220000e+001  0.0000000e+000
  2.9240000e+001  0.0000000e+000
  2.9260000e+001  0.0000000e+000
  2.9280000e+001  0.0000000e+000
  2.9300000e+001  0.0000000e+000
  2.9320000e+001  0.0000000e+000
  2.9340000e+001  0.0000000e+000
  2.9360000e+001  0.0000000e+000
  2.9380000e+001  0.0000000e+000
  2.9400000e+001  0.0000000e+000
  2.9420000e+001  0.0000000e+000
  2.9440000e+001  0.0000000e+000
  2.9460000e+001  0.0000000e+000
  2.9480000e+001  0.0000000e+000
  2.9500000e+001  0.0000000e+000
  2.9520000e+001  0.0000000e+000
  2.9540000e+001  0.0000000e+000
  2.9560000e+001  0.0000000e+000
  2.9580000e+001  0.0000000e+000
  2.9600000e+001  0.0000000e+000
  2.9620000e+001  0.0000000e+000
  2.9640000e+001  0.0000000e+000
  2.9660000e+001  0.0000000e+000
  2.9680000e+001  0.0000000e+000
  2.9700000e+001  0.0000000e+000
  2.9720000e+001  0.0000000e+000
  2.9740000e+001  0.0000000e+000
  2.9760000e+001  0.0000000e+000
  2.9780000e+001  0.0000000e+000
  2.9800000e+001  0.0000000e+000
  2.9820000e+001  0.0000000e+000
  2.9840000e+001  0.0000000e+000
  2.9860000e+001  0.0000000e+000
  2.9880000e+001  0.0000000e+000
  2.9900000e+001  0.0000000e+000
  2.9920000e+001  0.0000000e+000
  2.9940000e+001  0.0000000e+000
  2.9960000e+001  0.0000000e+000
  2.9980000e+001  0.0000000e+000
  3.0000000e+001  0.0000000e+000
  3.0020000e+001  0.0000000e+000
  3.0040000e+001  0.0000000e+000
  3.0060000e+001  0.0000000e+000
  3.0080000e+001  0.0000000e+000
  3.0100000e+001  0.0000000e+000
  3.0120000e+001  0.0000000e+000
  3.0140000e+001  0.0000000e+000
  3.0160000e+001  0.0000000e+000
  3.0180000e+001  0.0000000e+000
  3.0200000e+001  0.0000000e+000
  3.0220000e+001  0.0000000e+000
  3.0240000e+001  0.0000000e+000
  3.0260000e+001  0.0000000e+000
  3.0280000e+001  0.0000000e+000
  3.0300000e+001  0.0000000e+000
  3.0320000e+001  0.0000000e+000
  3.0340000e+001  0.0000000e+000
  3.0360000e+001  0.0000000e+000
  3.0380000e+001  0.0000000e+000
  3.0400000e+001  0.0000000e+000
  3.0420000e+001  0.0000000e+000
  3.0440000e+001  0.0000000e+000
  3.0460000e+001  0.0000000e+000
  3.0480000e+001  0.0000000e+000
  3.0500000e+001  0.0000000e+000
  3.0520000e+001  0.0000000e+000
  3.0540000e+001  0.0000000e+000
  3.0560000e+001  0.0000000e+000
  3.0580000e+001  0.0000000e+000
  3.0600000e+001  0.0000000e+000
  3.0620000e+001  0.0000000e+000
  3.0640000e+001  0.0000000e+000
  3.0660000e+001  0.0000000e+000
  3.0680000e+001  0.0000000e+000
  3.0700000e+001  0.0000000e+000
  3.0720000e+001  0.0000000e+000
  3.0740000e+001  0.0000000e+000
  3.0760000e+001  0.0000000e+000
  3.0780000e+001  0.0000000e+000
  3.0800000e+001  0.0000000e+000
  3.0820000e+001  0.0000000e+000
  3.0840000e+001  0.0000000e+000
  3.0860000e+001  0.0000000e+000
  3.0880000e+001  0.0000000e+000
  3.0900000e+001  0.0000000e+000
  3.0920000e+001  0.0000000e+000
  3.0940000e+001  0.0000000e+000
  3.0960000e+001  0.0000000e+000
  3.0980000e+001  0.0000000e+000
  3.1000000e+001  0.0000000e+000
  3.1020000e+001  0.0000000e+000
  3.1040000e+001  0.0000000e+000
  3.1060000e+001  0.0000000e+000
  3.1080000e+001  0.0000000e+000
  3.1100000e+001  0.0000000e+000
  3.1120000e+001  0.0000000e+000
  3.1140000e+001  0.0000000e+000
  3.1160000e+001  0.0000000e+000
  3.1180000e+001  0.0000000e+000
  3.1200000e+001  0.0000000e+000
  3.1220000e+001  0.0000000e+000
  3.1240000e+001  0.0000000e+000
  3.1260000e+001  0.0000000e+000
  3.1280000e+001  0.0000000e+000
  3.1300000e+001  0.0000000e+000
  3.1320000e+001  0.0000000e+000
  3.1340000e+001  0.0000000e+000
  3.1360000e+001  0.0000000e+000
  3.1380000e+001  0.0000000e+000
  3.1400000e+001  0.0000000e+000
  3.1420000e+001  0.0000000e+000
  3.1440000e+001  0.0000000e+000
  3.1460000e+001  0.0000000e+000
  3.1480000e+001  0.0000000e+000
  3.1500000e+001  0.0000000e+000
  3.1520000e+001  0.0000000e+000
  3.1540000e+001  0.0000000e+000
  3.1560000e+001  0.0000000e+000
  3.1580000e+001  0.0000000e+000
  3.1600000e+001  0.0000000e+000
  3.1620000e+001  0.0000000e+000
  3.1640000e+001  0.0000000e+000
  3.1660000e+001  0.0000000e+000
  3.1680000e+001  0.0000000e+000
  3.1700000e+001  0.0000000e+000
  3.1720000e+001  0.0000000e+000
  3.1740000e+001  0.0000000e+000
  3.1760000e+001  0.0000000e+000
  3.1780000e+001  0.0000000e+000
  3.1800000e+001  0.0000000e+000
  3.1820000e+001  0.0000000e+000
  3.1840000e+001  0.0000000e+000
  3.1860000e+001  0.0000000e+000
  3.1880000e+001  0.0000000e+000
  3.1900000e+001  0.0000000e+000
  3.1920000e+001  0.0000000e+000
  3.1940000e+001  0.0000000e+000
  3.1960000e+001  0.0000000e+000
  3.1980000e+001  0.0000000e+000
  3.2000000e+001  0.0000000e+000
  3.2020000e+001  0.0000000e+000
  3.2040000e+001  0.0000000e+000
  3.2060000e+001  0.0000000e+000
  3.2080000e+001  0.0000000e+000
  3.2100000e+001  0.0000000e+000
  3.2120000e+001  0.0000000e+000
  3.2140000e+001  0.0000000e+000
  3.2160000e+001  0.0000000e+000
  3.2180000e+001  0.0000000e+000
  3.2200000e+001  0.0000000e+000
  3.2220000e+001  0.0000000e+000
  3.2240000e+001  0.0000000e+000
  3.2260000e+001  0.0000000e+000
  3.2280000e+001  0.0000000e+000
  3.2300000e+001  0.0000000e+000
  3.2320000e+001  0.0000000e+000
  3.2340000e+001  0.0000000e+000
  3.2360000e+001  0.0000000e+000
  3.2380000e+001  0.0000000e+000
  3.2400000e+001  0.0000000e+000
  3.2420000e+001  0.0000000e+000
  3.2440000e+001  0.0000000e+000
  3.2460000e+001  0.0000000e+000
  3.2480000e+001  0.0000000e+000
  3.2500000e+001  0.0000000e+000
  3.2520000e+001  0.0000000e+000
  3.2540000e+001  0.0000000e+000
  3.2560000e+001  0.0000000e+000
  3.2580000e+001  0.0000000e+000
  3.2600000e+001  0.0000000e+000
  3.2620000e+001  0.0000000e+000
  3.2640000e+001  0.0000000e+000
  3.2660000e+001  0.0000000e+000
  3.2680000e+001  0.0000000e+000
  3.2700000e+001  0.0000000e+000
  3.2720000e+001  0.0000000e+000
  3.2740000e+001  0.0000000e+000
  3.2760000e+001  0.0000000e+000
  3.2780000e+001  0.0000000e+000
  3.2800000e+001  0.0000000e+000
  3.2820000e+001  0.0000000e+000
  3.2840000e+001  0.0000000e+000
  3.2860000e+001  0.0000000e+000
  3.2880000e+001  0.0000000e+000
  3.2900000e+001  0.0000000e+000
  3.2920000e+001  0.0000000e+000
  3.2940000e+001  0.0000000e+000
  3.2960000e+001  0.0000000e+000
  3.2980000e+001  0.0000000e+000
  3.3000000e+001  0.0000000e+000
  3.3020000e+001  0.0000000e+000
  3.3040000e+001  0.0000000e+000
  3.3060000e+001  0.0000000e+000
  3.3080000e+001  0.0000000e+000
  3.3100000e+001  0.0000000e+000
  3.3120000e+001  0.0000000e+000
  3.3140000e+001  0.0000000e+000
  3.3160000e+001  0.0000000e+000
  3.3180000e+001  0.0000000e+000
  3.3200000e+001  0.0000000e+000
  3.3220000e+001  0.0000000e+000
  3.3240000e+001  0.0000000e+000
  3.3260000e+001  0.0000000e+000
  3.3280000e+001  0.0000000e+000
  3.3300000e+001  0.0000000e+000
  3.3320000e+001  0.0000000e+000
  3.3340000e+001  0.0000000e+000
  3.3360000e+001  0.0000000e+000
  3.3380000e+001  0.0000000e+000
  3.3400000e+001  0.0000000e+000
  3.3420000e+001  0.0000000e+000
  3.3440000e+001  0.0000000e+000
  3.3460000e+001  0.0000000e+000
  3.3480000e+001  0.0000000e+000
  3.3500000e+001  0.0000000e+000
  3.3520000e+001  0.0000000e+000
  3.3540000e+001  0.0000000e+000
  3.3560000e+001  0.0000000e+000
  3.3580000e+001  0.0000000e+000
  3.3600000e+001  0.0000000e+000
  3.3620000e+001  0.0000000e+000
  3.3640000e+001  0.0000000e+000
  3.3660000e+001  0.0000000e+000
  3.3680000e+001  0.0000000e+000
  3.3700000e+001  0.0000000e+000
  3.3720000e+001  0.0000000e+000
  3.3740000e+001  0.0000000e+000
  3.3760000e+001  0.0000000e+000
  3.3780000e+001  0.0000000e+000
  3.3800000e+001  0.0000000e+000
  3.3820000e+001  0.0000000e+000
  3.3840000e+001  0.0000000e+000
  3.3860000e+001  0.0000000e+000
  3.3880000e+001  0.0000000e+000
  3.3900000e+001  0.0000000e+000
  3.3920000e+001  0.0000000e+000
  3.3940000e+001  0.0000000e+000
  3.3960000e+001  0.0000000e+000
  3.3980000e+001  0.0000000e+000
  3.4000000e+001  0.0000000e+000
  3.4020000e+001  0.0000000e+000
  3.4040000e+001  0.0000000e+000
  3.4060000e+001  0.0000000e+000
  3.4080000e+001  0.0000000e+000
  3.4100000e+001  0.0000000e+000
  3.4120000e+001  0.0000000e+000
  3.4140000e+001  0.0000000e+000
  3.4160000e+001  0.0000000e+000
  3.4180000e+001  0.0000000e+000
  3.4200000e+001  0.0000000e+000
  3.4220000e+001  0.0000000e+000
  3.4240000e+001  0.0000000e+000
  3.4260000e+001  0.0000000e+000
  3.4280000e+001  0.0000000e+000
  3.4300000e+001  0.0000000e+000
  3.4320000e+001  0.0000000e+000
  3.4340000e+001  0.0000000e+000
  3.4360000e+001  0.0000000e+000
  3.4380000e+001  0.0000000e+000
  3.4400000e+001  0.0000000e+000
  3.4420000e+001  0.0000000e+000
  3.4440000e+001  0.0000000e+000
  3.4460000e+001  0.0000000e+000
  3.4480000e+001  0.0000000e+000
  3.4500000e+001  0.0000000e+000
  3.4520000e+001  0.0000000e+000
  3.4540000e+001  0.0000000e+000
  3.4560000e+001  0.0000000e+000
  3.4580000e+001  0.0000000e+000
  3.4600000e+001  0.0000000e+000
  3.4620000e+001  0.0000000e+000
  3.4640000e+001  0.0000000e+000
  3.4660000e+001  0.0000000e+000
  3.4680000e+001  0.0000000e+000
  3.4700000e+001  0.0000000e+000
  3.4720000e+001  0.0000000e+000
  3.4740000e+001  0.0000000e+000
  3.4760000e+001  0.0000000e+000
  3.4780000e+001  0.0000000e+000
  3.4800000e+001  0.0000000e+000
  3.4820000e+001  0.0000000e+000
  3.4840000e+001  0.0000000e+000
  3.4860000e+001  0.0000000e+000
  3.4880000e+001  0.0000000e+000
  3.4900000e+001  0.0000000e+000
  3.4920000e+001  0.0000000e+000
  3.4940000e+001  0.0000000e+000
  3.4960000e+001  0.0000000e+000
  3.4980000e+001  0.0000000e+000
  3.5000000e+001  0.0000000e+000
  3.5020000e+001  0.0000000e+000
  3.5040000e+001  0.0000000e+000
  3.5060000e+001  0.0000000e+000
  3.5080000e+001  0.0000000e+000
  3.5100000e+001  0.0000000e+000
  3.5120000e+001  0.0000000e+000
  3.5140000e+001  0.0000000e+000
  3.5160000e+001  0.0000000e+000
  3.5180000e+001  0.0000000e+000
  3.5200000e+001  0.0000000e+000
  3.5220000e+001  0.0000000e+000
  3.5240000e+001  0.0000000e+000
  3.5260000e+001  0.0000000e+000
  3.5280000e+001  0.0000000e+000
  3.5300000e+001  0.0000000e+000
  3.5320000e+001  0.0000000e+000
  3.5340000e+001  0.0000000e+000
  3.5360000e+001  0.0000000e+000
  3.5380000e+001  0.0000000e+000
  3.5400000e+001  0.0000000e+000
  3.5420000e+001  0.0000000e+000
  3.5440000e+001  0.0000000e+000
  3.5460000e+001  0.0000000e+000
  3.5480000e+001  0.0000000e+000
  3.5500000e+001  0.0000000e+000
  3.5520000e+001  0.0000000e+000
  3.5540000e+001  0.0000000e+000
  3.5560000e+001  0.0000000e+000
  3.5580000e+001  0.0000000e+000
  3.5600000e+001  0.0000000e+000
  3.5620000e+001  0.0000000e+000
  3.5640000e+001  0.0000000e+000
  3.5660000e+001  0.0000000e+000
  3.5680000e+001  0.0000000e+000
  3.5700000e+001  0.0000000e+000
  3.5720000e+001  0.0000000e+000
  3.5740000e+001  0.0000000e+000
  3.5760000e+001  0.0000000e+000
  3.5780000e+001  0.0000000e+000
  3.5800000e+001  0.0000000e+000
  3.5820000e+001  0.0000000e+000
  3.5840000e+001  0.0000000e+000
  3.5860000e+001  0.0000000e+000
  3.5880000e+001  0.0000000e+000
  3.5900000e+001  0.0000000e+000
  3.5920000e+001  0.0000000e+000
  3.5940000e+001  0.0000000e+000
  3.5960000e+001  0.0000000e+000
  3.5980000e+001  0.0000000e+000
  3.6000000e+001  0.0000000e+000
  3.6020000e+001  0.0000000e+000
  3.6040000e+001  0.0000000e+000
  3.6060000e+001  0.0000000e+000
  3.6080000e+001  0.0000000e+000
  3.6100000e+001  0.0000000e+000
  3.6120000e+001  0.0000000e+000
  3.6140000e+001  0.0000000e+000
  3.6160000e+001  0.0000000e+000
  3.6180000e+001  0.0000000e+000
  3.6200000e+001  0.0000000e+000
  3.6220000e+001  0.0000000e+000
  3.6240000e+001  0.0000000e+000
  3.6260000e+001  0.0000000e+000
  3.6280000e+001  0.0000000e+000
  3.6300000e+001  0.0000000e+000
  3.6320000e+001  0.0000000e+000
  3.6340000e+001  0.0000000e+000
  3.6360000e+001  0.0000000e+000
  3.6380000e+001  0.0000000e+000
  3.6400000e+001  0.0000000e+000
  3.6420000e+001  0.0000000e+000
  3.6440000e+001  0.0000000e+000
  3.6460000e+001  0.0000000e+000
  3.6480000e+001  0.0000000e+000
  3.6500000e+001  0.0000000e+000
  3.6520000e+001  0.0000000e+000
  3.6540000e+001  0.0000000e+000
  3.6560000e+001  0.0000000e+000
  3.6580000e+001  0.0000000e+000
  3.6600000e+001  0.0000000e+000
  3.6620000e+001  0.0000000e+000
  3.6640000e+001  0.0000000e+000
  3.6660000e+001  0.0000000e+000
  3.6680000e+001  0.0000000e+000
  3.6700000e+001  0.0000000e+000
  3.6720000e+001  0.0000000e+000
  3.6740000e+001  0.0000000e+000
  3.6760000e+001  0.0000000e+000
  3.6780000e+001  0.0000000e+000
  3.6800000e+001  0.0000000e+000
  3.6820000e+001  0.0000000e+000
  3.6840000e+001  0.0000000e+000
  3.6860000e+001  0.0000000e+000
  3.6880000e+001  0.0000000e+000
  3.6900000e+001  0.0000000e+000
  3.6920000e+001  0.0000000e+000
  3.6940000e+001  0.0000000e+000
  3.6960000e+001  0.0000000e+000
  3.6980000e+001  0.0000000e+000
  3.7000000e+001  0.0000000e+000
  3.7020000e+001  0.0000000e+000
  3.7040000e+001  0.0000000e+000
  3.7060000e+001  0.0000000e+000
  3.7080000e+001  0.0000000e+000
  3.7100000e+001  0.0000000e+000
  3.7120000e+001  0.0000000e+000
  3.7140000e+001  0.0000000e+000
  3.7160000e+001  0.0000000e+000
  3.7180000e+001  0.0000000e+000
  3.7200000e+001  0.0000000e+000
  3.7220000e+001  0.0000000e+000
  3.7240000e+001  0.0000000e+000
  3.7260000e+001  0.0000000e+000
  3.7280000e+001  0.0000000e+000
  3.7300000e+001  0.0000000e+000
  3.7320000e+001  0.0000000e+000
  3.7340000e+001  0.0000000e+000
  3.7360000e+001  0.0000000e+000
  3.7380000e+001  0.0000000e+000
  3.7400000e+001  0.0000000e+000
  3.7420000e+001  0.0000000e+000
  3.7440000e+001  0.0000000e+000
  3.7460000e+001  0.0000000e+000
  3.7480000e+001  0.0000000e+000
  3.7500000e+001  0.0000000e+000
  3.7520000e+001  0.0000000e+000
  3.7540000e+001  0.0000000e+000
  3.7560000e+001  0.0000000e+000
  3.7580000e+001  0.0000000e+000
  3.7600000e+001  0.0000000e+000
  3.7620000e+001  0.0000000e+000
  3.7640000e+001  0.0000000e+000
  3.7660000e+001  0.0000000e+000
  3.7680000e+001  0.0000000e+000
  3.7700000e+001  0.0000000e+000
  3.7720000e+001  0.0000000e+000
  3.7740000e+001  0.0000000e+000
  3.7760000e+001  0.0000000e+000
  3.7780000e+001  0.0000000e+000
  3.7800000e+001  0.0000000e+000
  3.7820000e+001  0.0000000e+000
  3.7840000e+001  0.0000000e+000
  3.7860000e+001  0.0000000e+000
  3.7880000e+001  0.0000000e+000
  3.7900000e+001  0.0000000e+000
  3.7920000e+001  0.0000000e+000
  3.7940000e+001  0.0000000e+000
  3.7960000e+001  0.0000000e+000
  3.7980000e+001  0.0000000e+000
  3.8000000e+001  0.0000000e+000
  3.8020000e+001  0.0000000e+000
  3.8040000e+001  0.0000000e+000
  3.8060000e+001  0.0000000e+000
  3.8080000e+001  0.0000000e+000
  3.8100000e+001  0.0000000e+000
  3.8120000e+001  0.0000000e+000
  3.8140000e+001  0.0000000e+000
  3.8160000e+001  0.0000000e+000
  3.8180000e+001  0.0000000e+000
  3.8200000e+001  0.0000000e+000
  3.8220000e+001  0.0000000e+000
  3.8240000e+001  0.0000000e+000
  3.8260000e+001  0.0000000e+000
  3.8280000e+001  0.0000000e+000
  3.8300000e+001  0.0000000e+000
  3.8320000e+001  0.0000000e+000
  3.8340000e+001  0.0000000e+000
  3.8360000e+001  0.0000000e+000
  3.8380000e+001  0.0000000e+000
  3.8400000e+001  0.0000000e+000
  3.8420000e+001  0.0000000e+000
  3.8440000e+001  0.0000000e+000
  3.8460000e+001  0.0000000e+000
  3.8480000e+001  0.0000000e+000
  3.8500000e+001  0.0000000e+000
  3.8520000e+001  0.0000000e+000
  3.8540000e+001  0.0000000e+000
  3.8560000e+001  0.0000000e+000
  3.8580000e+001  0.0000000e+000
  3.8600000e+001  0.0000000e+000
  3.8620000e+001  0.0000000e+000
  3.8640000e+001  0.0000000e+000
  3.8660000e+001  0.0000000e+000
  3.8680000e+001  0.0000000e+000
  3.8700000e+001  0.0000000e+000
  3.8720000e+001  0.0000000e+000
  3.8740000e+001  0.0000000e+000
  3.8760000e+001  0.0000000e+000
  3.8780000e+001  0.0000000e+000
  3.8800000e+001  0.0000000e+000
  3.8820000e+001  0.0000000e+000
  3.8840000e+001  0.0000000e+000
  3.8860000e+001  0.0000000e+000
  3.8880000e+001  0.0000000e+000
  3.8900000e+001  0.0000000e+000
  3.8920000e+001  0.0000000e+000
  3.8940000e+001  0.0000000e+000
  3.8960000e+001  0.0000000e+000
  3.8980000e+001  0.0000000e+000
  3.9000000e+001  0.0000000e+000
  3.9020000e+001  0.0000000e+000
  3.9040000e+001  0.0000000e+000
  3.9060000e+001  0.0000000e+000
  3.9080000e+001  0.0000000e+000
  3.9100000e+001  0.0000000e+000
  3.9120000e+001  0.0000000e+000
  3.9140000e+001  0.0000000e+000
  3.9160000e+001  0.0000000e+000
  3.9180000e+001  0.0000000e+000
  3.9200000e+001  0.0000000e+000
  3.9220000e+001  0.0000000e+000
  3.9240000e+001  0.0000000e+000
  3.9260000e+001  0.0000000e+000
  3.9280000e+001  0.0000000e+000
  3.9300000e+001  0.0000000e+000
  3.9320000e+001  0.0000000e+000
  3.9340000e+001  0.0000000e+000
  3.9360000e+001  0.0000000e+000
  3.9380000e+001  0.0000000e+000
  3.9400000e+001  0.0000000e+000
  3.9420000e+001  0.0000000e+000
  3.9440000e+001  0.0000000e+000
  3.9460000e+001  0.0000000e+000
  3.9480000e+001  0.0000000e+000
  3.9500000e+001  0.0000000e+000
  3.9520000e+001  0.0000000e+000
  3.9540000e+001  0.0000000e+000
  3.9560000e+001  0.0000000e+000
  3.9580000e+001  0.0000000e+000
  3.9600000e+001  0.0000000e+000
  3.9620000e+001  0.0000000e+000
  3.9640000e+001  0.0000000e+000
  3.9660000e+001  0.0000000e+000
  3.9680000e+001  0.0000000e+000
  3.9700000e+001  0.0000000e+000
  3.9720000e+001  0.0000000e+000
  3.9740000e+001  0.0000000e+000
  3.9760000e+001  0.0000000e+000
  3.9780000e+001  0.0000000e+000
  3.9800000e+001  0.0000000e+000
  3.9820000e+001  0.0000000e+000
  3.9840000e+001  0.0000000e+000
  3.9860000e+001  0.0000000e+000
  3.9880000e+001  0.0000000e+000
  3.9900000e+001  0.0000000e+000
  3.9920000e+001  0.0000000e+000
  3.9940000e+001  0.0000000e+000
  3.9960000e+001  0.0000000e+000
  3.9980000e+001  0.0000000e+000
  4.0000000e+001  0.0000000e+000
