  0.0000000e+000  1.0000000e+000  1.0000000e+000
  8.0000000e-003  9.9624461e-001  9.9996487e-001
  1.6000000e-002  9.9600680e-001  9.9986026e-001
  2.4000000e-002  9.9588436e-001  9.9968841e-001
  3.2000000e-002  9.9464170e-001  9.9945300e-001
  4.0000000e-002  9.9276901e-001  9.9915899e-001
  4.8000000e-002  9.8656450e-001  9.9881243e-001
  5.6000000e-002  9.7576314e-001  9.9842027e-001
  6.4000000e-002  9.6426447e-001  9.9799012e-001
  7.2000000e-002  9.5133622e-001  9.9752998e-001
  8.0000000e-002  9.4023603e-001  9.9704800e-001
  8.8000000e-002  9.3035760e-001  9.9655221e-001
  9.6000000e-002  9.2367955e-001  9.9605033e-001
  1.0400000e-001  9.1486255e-001  9.9554949e-001
  1.1200000e-001  9.0579701e-001  9.9505612e-001
  1.2000000e-001  8.9489814e-001  9.9457579e-001
  1.2800000e-001  8.8358405e-001  9.9411314e-001
  1.3600000e-001  8.7298537e-001  9.9367179e-001
  1.4400000e-001  8.6317243e-001  9.9325440e-001
  1.5200000e-001  8.5520117e-001  9.9286265e-001
  1.6000000e-001  8.4886812e-001  9.9249734e-001
  1.6800000e-001  8.4171729e-001  9.9215850e-001
  1.7600000e-001  8.3593502e-001  9.9184551e-001
  1.8400000e-001  8.3001189e-001  9.9155723e-001
  1.9200000e-001  8.2396091e-001  9.9129216e-001
  2.0000000e-001  8.1944463e-001  9.9104859e-001
  2.0800000e-001  8.1512381e-001  9.9082474e-001
  2.1600000e-001  8.1073662e-001  9.9061884e-001
  2.2400000e-001  8.0549479e-001  9.9042931e-001
  2.3200000e-001  8.0099088e-001  9.9025478e-001
  2.4000000e-001  7.9625885e-001  9.9009418e-001
  2.4800000e-001  7.9153045e-001  9.8994672e-001
  2.5600000e-001  7.8998632e-001  9.8981194e-001
  2.6400000e-001  7.8950794e-001  9.8968968e-001
  2.7200000e-001  7.8827080e-001  9.8958000e-001
  2.8000000e-001  7.8697415e-001  9.8948317e-001
  2.8800000e-001  7.8481184e-001  9.8939956e-001
  2.9600000e-001  7.8025916e-001  9.8932960e-001
  3.0400000e-001  7.7719619e-001  9.8927365e-001
  3.1200000e-001  7.7466858e-001  9.8923200e-001
  3.2000000e-001  7.7364211e-001  9.8920473e-001
  3.2800000e-001  7.7520193e-001  9.8919170e-001
  3.3600000e-001  7.7870857e-001  9.8919252e-001
  3.4400000e-001  7.8041636e-001  9.8920648e-001
  3.5200000e-001  7.8085108e-001  9.8923258e-001
  3.6000000e-001  7.7929174e-001  9.8926954e-001
  3.6800000e-001  7.7676374e-001  9.8931582e-001
  3.7600000e-001  7.7494552e-001  9.8936965e-001
  3.8400000e-001  7.7516642e-001  9.8942908e-001
  3.9200000e-001  7.7943123e-001  9.8949207e-001
  4.0000000e-001  7.8327810e-001  9.8955649e-001
  4.0800000e-001  7.8808074e-001  9.8962028e-001
  4.1600000e-001  7.9094533e-001  9.8968140e-001
  4.2400000e-001  7.9020959e-001  9.8973800e-001
  4.3200000e-001  7.8861509e-001  9.8978838e-001
  4.4000000e-001  7.8563143e-001  9.8983109e-001
  4.4800000e-001  7.8423228e-001  9.8986496e-001
  4.5600000e-001  7.8552860e-001  9.8988910e-001
  4.6400000e-001  7.8827765e-001  9.8990291e-001
  4.7200000e-001  7.9128024e-001  9.8990613e-001
  4.8000000e-001  7.9259373e-001  9.8989875e-001
  4.8800000e-001  7.9345507e-001  9.8988108e-001
  4.9600000e-001  7.9039194e-001  9.8985366e-001
  5.0400000e-001  7.8773291e-001  9.8981726e-001
  5.1200000e-001  7.8492486e-001  9.8977282e-001
  5.2000000e-001  7.8403894e-001  9.8972144e-001
  5.2800000e-001  7.8425789e-001  9.8966434e-001
  5.3600000e-001  7.8632282e-001  9.8960280e-001
  5.4400000e-001  7.8613652e-001  9.8953812e-001
  5.5200000e-001  7.8674050e-001  9.8947162e-001
  5.6000000e-001  7.8468520e-001  9.8940459e-001
  5.6800000e-001  7.8291986e-001  9.8933826e-001
  5.7600000e-001  7.7925478e-001  9.8927379e-001
  5.8400000e-001  7.7816428e-001  9.8921224e-001
  5.9200000e-001  7.7916107e-001  9.8915458e-001
  6.0000000e-001  7.7908034e-001  9.8910167e-001
  6.0800000e-001  7.7931133e-001  9.8905424e-001
  6.1600000e-001  7.7974950e-001  9.8901291e-001
  6.2400000e-001  7.7984846e-001  9.8897820e-001
  6.3200000e-001  7.7888278e-001  9.8895050e-001
  6.4000000e-001  7.7800807e-001  9.8893010e-001
  6.4800000e-001  7.7853075e-001  9.8891720e-001
  6.5600000e-001  7.7872667e-001  9.8891190e-001
  6.6400000e-001  7.7964276e-001  9.8891423e-001
  6.7200000e-001  7.8061988e-001  9.8892411e-001
  6.8000000e-001  7.8192764e-001  9.8894144e-001
  6.8800000e-001  7.8202041e-001  9.8896601e-001
  6.9600000e-001  7.8393208e-001  9.8899759e-001
  7.0400000e-001  7.8458917e-001  9.8903586e-001
  7.1200000e-001  7.8558773e-001  9.8908048e-001
  7.2000000e-001  7.8772507e-001  9.8913107e-001
  7.2800000e-001  7.8941724e-001  9.8918719e-001
  7.3600000e-001  7.9076089e-001  9.8924837e-001
  7.4400000e-001  7.9322706e-001  9.8931412e-001
  7.5200000e-001  7.9538821e-001  9.8938392e-001
  7.6000000e-001  7.9648294e-001  9.8945720e-001
  7.6800000e-001  7.9739796e-001  9.8953340e-001
  7.7600000e-001  7.9994422e-001  9.8961192e-001
  7.8400000e-001  8.0133645e-001  9.8969215e-001
  7.9200000e-001  8.0444900e-001  9.8977349e-001
  8.0000000e-001  8.0747133e-001  9.8985530e-001
  8.0800000e-001  8.0971672e-001  9.8993699e-001
  8.1600000e-001  8.1179113e-001  9.9001793e-001
  8.2400000e-001  8.1373740e-001  9.9009752e-001
  8.3200000e-001  8.1562602e-001  9.9017521e-001
  8.4000000e-001  8.1726346e-001  9.9025043e-001
  8.4800000e-001  8.1923463e-001  9.9032267e-001
  8.5600000e-001  8.2158080e-001  9.9039145e-001
  8.6400000e-001  8.2326984e-001  9.9045635e-001
  8.7200000e-001  8.2512263e-001  9.9051697e-001
  8.8000000e-001  8.2720060e-001  9.9057300e-001
  8.8800000e-001  8.2854200e-001  9.9062415e-001
  8.9600000e-001  8.2928861e-001  9.9067022e-001
  9.0400000e-001  8.3268674e-001  9.9071105e-001
  9.1200000e-001  8.3194546e-001  9.9074656e-001
  9.2000000e-001  8.3325790e-001  9.9077671e-001
  9.2800000e-001  8.3451701e-001  9.9080153e-001
  9.3600000e-001  8.3540887e-001  9.9082111e-001
  9.4400000e-001  8.3652961e-001  9.9083559e-001
  9.5200000e-001  8.3675311e-001  9.9084515e-001
  9.6000000e-001  8.3742798e-001  9.9085003e-001
  9.6800000e-001  8.3786980e-001  9.9085049e-001
  9.7600000e-001  8.3713320e-001  9.9084683e-001
  9.8400000e-001  8.3707498e-001  9.9083939e-001
  9.9200000e-001  8.3751277e-001  9.9082850e-001
  1.0000000e+000  8.3852617e-001  9.9081453e-001
  1.0080000e+000  8.3838219e-001  9.9079784e-001
  1.0160000e+000  8.3838114e-001  9.9077880e-001
  1.0240000e+000  8.3830991e-001  9.9075777e-001
  1.0320000e+000  8.3747650e-001  9.9073512e-001
  1.0400000e+000  8.3690560e-001  9.9071119e-001
  1.0480000e+000  8.3658622e-001  9.9068629e-001
  1.0560000e+000  8.3565362e-001  9.9066073e-001
  1.0640000e+000  8.3539758e-001  9.9063479e-001
  1.0720000e+000  8.3549111e-001  9.9060872e-001
  1.0800000e+000  8.3520617e-001  9.9058276e-001
  1.0880000e+000  8.3458662e-001  9.9055709e-001
  1.0960000e+000  8.3481498e-001  9.9053188e-001
  1.1040000e+000  8.3470281e-001  9.9050727e-001
  1.1120000e+000  8.3280865e-001  9.9048337e-001
  1.1200000e+000  8.3290159e-001  9.9046026e-001
  1.1280000e+000  8.3380465e-001  9.9043799e-001
  1.1360000e+000  8.3261173e-001  9.9041658e-001
  1.1440000e+000  8.3237634e-001  9.9039605e-001
  1.1520000e+000  8.3233837e-001  9.9037636e-001
  1.1600000e+000  8.3190371e-001  9.9035749e-001
  1.1680000e+000  8.3167338e-001  9.9033939e-001
  1.1760000e+000  8.3188065e-001  9.9032197e-001
  1.1840000e+000  8.3095464e-001  9.9030518e-001
  1.1920000e+000  8.3076360e-001  9.9028891e-001
  1.2000000e+000  8.3064211e-001  9.9027307e-001
  1.2080000e+000  8.3064554e-001  9.9025758e-001
  1.2160000e+000  8.3043206e-001  9.9024232e-001
  1.2240000e+000  8.2974305e-001  9.9022721e-001
  1.2320000e+000  8.3020792e-001  9.9021214e-001
  1.2400000e+000  8.3035296e-001  9.9019704e-001
  1.2480000e+000  8.2976647e-001  9.9018182e-001
  1.2560000e+000  8.2852155e-001  9.9016641e-001
  1.2640000e+000  8.2930209e-001  9.9015074e-001
  1.2720000e+000  8.2986480e-001  9.9013477e-001
  1.2800000e+000  8.2852151e-001  9.9011844e-001
  1.2880000e+000  8.2974706e-001  9.9010172e-001
  1.2960000e+000  8.2841887e-001  9.9008461e-001
  1.3040000e+000  8.2874990e-001  9.9006708e-001
  1.3120000e+000  8.2901398e-001  9.9004915e-001
  1.3200000e+000  8.2623422e-001  9.9003083e-001
  1.3280000e+000  8.2827034e-001  9.9001214e-001
  1.3360000e+000  8.2757947e-001  9.8999312e-001
  1.3440000e+000  8.2683997e-001  9.8997382e-001
  1.3520000e+000  8.2643604e-001  9.8995427e-001
  1.3600000e+000  8.2544119e-001  9.8993455e-001
  1.3680000e+000  8.2578702e-001  9.8991472e-001
  1.3760000e+000  8.2538119e-001  9.8989485e-001
  1.3840000e+000  8.2375244e-001  9.8987501e-001
  1.3920000e+000  8.2263195e-001  9.8985527e-001
  1.4000000e+000  8.2234558e-001  9.8983573e-001
  1.4080000e+000  8.2245919e-001  9.8981644e-001
  1.4160000e+000  8.2252560e-001  9.8979750e-001
  1.4240000e+000  8.2178191e-001  9.8977898e-001
  1.4320000e+000  8.2145333e-001  9.8976097e-001
  1.4400000e+000  8.2075670e-001  9.8974353e-001
  1.4480000e+000  8.2025419e-001  9.8972675e-001
  1.4560000e+000  8.1860968e-001  9.8971069e-001
  1.4640000e+000  8.1882394e-001  9.8969543e-001
  1.4720000e+000  8.1973022e-001  9.8968104e-001
  1.4800000e+000  8.1660964e-001  9.8966758e-001
  1.4880000e+000  8.1844097e-001  9.8965511e-001
  1.4960000e+000  8.1715356e-001  9.8964370e-001
  1.5040000e+000  8.1716805e-001  9.8963340e-001
  1.5120000e+000  8.1606163e-001  9.8962426e-001
  1.5200000e+000  8.1516828e-001  9.8961633e-001
  1.5280000e+000  8.1470367e-001  9.8960966e-001
  1.5360000e+000  8.1551870e-001  9.8960429e-001
  1.5440000e+000  8.1542800e-001  9.8960026e-001
  1.5520000e+000  8.1513139e-001  9.8959758e-001
  1.5600000e+000  8.1450020e-001  9.8959630e-001
  1.5680000e+000  8.1445291e-001  9.8959641e-001
  1.5760000e+000  8.1421351e-001  9.8959795e-001
  1.5840000e+000  8.1377216e-001  9.8960091e-001
  1.5920000e+000  8.1495519e-001  9.8960529e-001
  1.6000000e+000  8.1465472e-001  9.8961108e-001
  1.6080000e+000  8.1555742e-001  9.8961827e-001
  1.6160000e+000  8.1516090e-001  9.8962683e-001
  1.6240000e+000  8.1618508e-001  9.8963673e-001
  1.6320000e+000  8.1610528e-001  9.8964794e-001
  1.6400000e+000  8.1620302e-001  9.8966041e-001
  1.6480000e+000  8.1684303e-001  9.8967408e-001
  1.6560000e+000  8.1654472e-001  9.8968891e-001
  1.6640000e+000  8.1742962e-001  9.8970483e-001
  1.6720000e+000  8.1842467e-001  9.8972177e-001
  1.6800000e+000  8.1910130e-001  9.8973967e-001
  1.6880000e+000  8.1980242e-001  9.8975844e-001
  1.6960000e+000  8.1986741e-001  9.8977801e-001
  1.7040000e+000  8.1996800e-001  9.8979830e-001
  1.7120000e+000  8.2058202e-001  9.8981922e-001
  1.7200000e+000  8.2163001e-001  9.8984068e-001
  1.7280000e+000  8.2169292e-001  9.8986261e-001
  1.7360000e+000  8.2232409e-001  9.8988490e-001
  1.7440000e+000  8.2256217e-001  9.8990747e-001
  1.7520000e+000  8.2443139e-001  9.8993024e-001
  1.7600000e+000  8.2379601e-001  9.8995312e-001
  1.7680000e+000  8.2502755e-001  9.8997601e-001
  1.7760000e+000  8.2618349e-001  9.8999883e-001
  1.7840000e+000  8.2476316e-001  9.9002150e-001
  1.7920000e+000  8.2678373e-001  9.9004394e-001
  1.8000000e+000  8.2750012e-001  9.9006607e-001
  1.8080000e+000  8.2708152e-001  9.9008782e-001
  1.8160000e+000  8.2754468e-001  9.9010911e-001
  1.8240000e+000  8.2962376e-001  9.9012988e-001
  1.8320000e+000  8.2884677e-001  9.9015006e-001
  1.8400000e+000  8.3016577e-001  9.9016960e-001
  1.8480000e+000  8.2913142e-001  9.9018844e-001
  1.8560000e+000  8.2786655e-001  9.9020654e-001
  1.8640000e+000  8.2982340e-001  9.9022384e-001
  1.8720000e+000  8.3146784e-001  9.9024032e-001
  1.8800000e+000  8.2975717e-001  9.9025593e-001
  1.8880000e+000  8.3146534e-001  9.9027065e-001
  1.8960000e+000  8.3025853e-001  9.9028446e-001
  1.9040000e+000  8.3039010e-001  9.9029733e-001
  1.9120000e+000  8.3174715e-001  9.9030924e-001
  1.9200000e+000  8.3239731e-001  9.9032020e-001
  1.9280000e+000  8.3149991e-001  9.9033018e-001
  1.9360000e+000  8.3077262e-001  9.9033919e-001
  1.9440000e+000  8.3135602e-001  9.9034724e-001
  1.9520000e+000  8.3220312e-001  9.9035431e-001
  1.9600000e+000  8.3272024e-001  9.9036043e-001
  1.9680000e+000  8.3290128e-001  9.9036560e-001
  1.9760000e+000  8.3052129e-001  9.9036983e-001
  1.9840000e+000  8.3115253e-001  9.9037315e-001
  1.9920000e+000  8.2896410e-001  9.9037557e-001
  2.0000000e+000  8.3191347e-001  9.9037710e-001
  2.0080000e+000  8.3082526e-001  9.9037779e-001
  2.0160000e+000  8.3095871e-001  9.9037764e-001
  2.0240000e+000  8.3117598e-001  9.9037669e-001
  2.0320000e+000  8.3117358e-001  9.9037496e-001
  2.0400000e+000  8.3074022e-001  9.9037248e-001
  2.0480000e+000  8.3025593e-001  9.9036928e-001
  2.0560000e+000  8.2960345e-001  9.9036539e-001
  2.0640000e+000  8.2979423e-001  9.9036084e-001
  2.0720000e+000  8.3003300e-001  9.9035566e-001
  2.0800000e+000  8.2976245e-001  9.9034988e-001
  2.0880000e+000  8.2970544e-001  9.9034353e-001
  2.0960000e+000  8.2932431e-001  9.9033665e-001
  2.1040000e+000  8.3029294e-001  9.9032926e-001
  2.1120000e+000  8.2889127e-001  9.9032139e-001
  2.1200000e+000  8.2830213e-001  9.9031308e-001
  2.1280000e+000  8.2893432e-001  9.9030435e-001
  2.1360000e+000  8.2765384e-001  9.9029523e-001
  2.1440000e+000  8.2862350e-001  9.9028575e-001
  2.1520000e+000  8.2591766e-001  9.9027594e-001
  2.1600000e+000  8.2643122e-001  9.9026582e-001
  2.1680000e+000  8.2740999e-001  9.9025543e-001
  2.1760000e+000  8.2531056e-001  9.9024477e-001
  2.1840000e+000  8.2390557e-001  9.9023389e-001
  2.1920000e+000  8.2578131e-001  9.9022279e-001
  2.2000000e+000  8.2538273e-001  9.9021151e-001
  2.2080000e+000  8.2609975e-001  9.9020006e-001
  2.2160000e+000  8.2743188e-001  9.9018845e-001
  2.2240000e+000  8.2554298e-001  9.9017672e-001
  2.2320000e+000  8.2647987e-001  9.9016488e-001
  2.2400000e+000  8.2547617e-001  9.9015293e-001
  2.2480000e+000  8.2487253e-001  9.9014091e-001
  2.2560000e+000  8.2255816e-001  9.9012881e-001
  2.2640000e+000  8.2285860e-001  9.9011667e-001
  2.2720000e+000  8.2182921e-001  9.9010448e-001
  2.2800000e+000  8.2220541e-001  9.9009226e-001
  2.2880000e+000  8.2257997e-001  9.9008003e-001
  2.2960000e+000  8.2280864e-001  9.9006780e-001
  2.3040000e+000  8.2201674e-001  9.9005558e-001
  2.3120000e+000  8.2100776e-001  9.9004339e-001
  2.3200000e+000  8.2149494e-001  9.9003123e-001
  2.3280000e+000  8.1887098e-001  9.9001912e-001
  2.3360000e+000  8.1841870e-001  9.9000708e-001
  2.3440000e+000  8.1934808e-001  9.8999512e-001
  2.3520000e+000  8.1866473e-001  9.8998326e-001
  2.3600000e+000  8.1971493e-001  9.8997151e-001
  2.3680000e+000  8.1805836e-001  9.8995989e-001
  2.3760000e+000  8.1622269e-001  9.8994841e-001
  2.3840000e+000  8.1442083e-001  9.8993710e-001
  2.3920000e+000  8.1563504e-001  9.8992598e-001
  2.4000000e+000  8.1647081e-001  9.8991506e-001
  2.4080000e+000  8.1463586e-001  9.8990436e-001
  2.4160000e+000  8.1370256e-001  9.8989390e-001
  2.4240000e+000  8.1678545e-001  9.8988372e-001
  2.4320000e+000  8.1418879e-001  9.8987381e-001
  2.4400000e+000  8.1500969e-001  9.8986422e-001
  2.4480000e+000  8.1476377e-001  9.8985496e-001
  2.4560000e+000  8.1263775e-001  9.8984606e-001
  2.4640000e+000  8.1279456e-001  9.8983754e-001
  2.4720000e+000  8.1201073e-001  9.8982942e-001
  2.4800000e+000  8.1298832e-001  9.8982173e-001
  2.4880000e+000  8.1068080e-001  9.8981449e-001
  2.4960000e+000  8.1373166e-001  9.8980774e-001
  2.5040000e+000  8.1198660e-001  9.8980148e-001
  2.5120000e+000  8.1177355e-001  9.8979576e-001
  2.5200000e+000  8.1002467e-001  9.8979059e-001
  2.5280000e+000  8.1136150e-001  9.8978600e-001
  2.5360000e+000  8.0805760e-001  9.8978200e-001
  2.5440000e+000  8.0899552e-001  9.8977864e-001
  2.5520000e+000  8.1014667e-001  9.8977592e-001
  2.5600000e+000  8.0988100e-001  9.8977387e-001
  2.5680000e+000  8.1124703e-001  9.8977250e-001
  2.5760000e+000  8.0980558e-001  9.8977184e-001
  2.5840000e+000  8.0852373e-001  9.8977190e-001
  2.5920000e+000  8.0757181e-001  9.8977270e-001
  2.6000000e+000  8.0786240e-001  9.8977424e-001
  2.6080000e+000  8.0861939e-001  9.8977654e-001
  2.6160000e+000  8.0638571e-001  9.8977961e-001
  2.6240000e+000  8.0720432e-001  9.8978344e-001
  2.6320000e+000  8.0749009e-001  9.8978805e-001
  2.6400000e+000  8.0955550e-001  9.8979343e-001
  2.6480000e+000  8.0946821e-001  9.8979958e-001
  2.6560000e+000  8.0683313e-001  9.8980648e-001
  2.6640000e+000  8.0611947e-001  9.8981414e-001
  2.6720000e+000  8.0510149e-001  9.8982253e-001
  2.6800000e+000  8.0438600e-001  9.8983165e-001
  2.6880000e+000  8.0626878e-001  9.8984146e-001
  2.6960000e+000  8.0646112e-001  9.8985196e-001
  2.7040000e+000  8.0742898e-001  9.8986311e-001
  2.7120000e+000  8.0596612e-001  9.8987488e-001
  2.7200000e+000  8.0585547e-001  9.8988725e-001
  2.7280000e+000  8.0564188e-001  9.8990017e-001
  2.7360000e+000  8.0746149e-001  9.8991361e-001
  2.7440000e+000  8.0727884e-001  9.8992754e-001
  2.7520000e+000  8.0510239e-001  9.8994190e-001
  2.7600000e+000  8.0594972e-001  9.8995665e-001
  2.7680000e+000  8.0804239e-001  9.8997175e-001
  2.7760000e+000  8.0729496e-001  9.8998714e-001
  2.7840000e+000  8.0804320e-001  9.9000278e-001
  2.7920000e+000  8.0620990e-001  9.9001861e-001
  2.8000000e+000  8.0310190e-001  9.9003458e-001
  2.8080000e+000  8.0535730e-001  9.9005062e-001
  2.8160000e+000  8.0656051e-001  9.9006670e-001
  2.8240000e+000  8.0679462e-001  9.9008275e-001
  2.8320000e+000  8.1001295e-001  9.9009870e-001
  2.8400000e+000  8.1207088e-001  9.9011452e-001
  2.8480000e+000  8.1327126e-001  9.9013013e-001
  2.8560000e+000  8.1229721e-001  9.9014548e-001
  2.8640000e+000  8.0670240e-001  9.9016051e-001
