 -1.2800000e-001  9.2685195e-001  7.2835521e-001 -1.3436666e-001
 -1.2000000e-001  9.3663290e-001  7.2678065e-001 -1.0320824e-001
 -1.1200000e-001  9.3303924e-001  7.2520949e-001 -1.0843962e-001
 -1.0400000e-001  9.4625364e-001  7.2364173e-001 -7.8941184e-002
 -9.6000000e-002  9.5252433e-001  7.2207736e-001 -6.8302103e-002
 -8.8000000e-002  9.3834619e-001  7.2051637e-001 -7.3925279e-002
 -8.0000000e-002  9.4945449e-001  7.1895875e-001 -4.7988030e-002
 -7.2000000e-002  9.5130975e-001  7.1740451e-001 -6.3730736e-002
 -6.4000000e-002  9.4549916e-001  7.1585362e-001 -5.6991719e-002
 -5.6000000e-002  9.6356067e-001  7.1430608e-001 -5.0077337e-002
 -4.8000000e-002  9.6684149e-001  7.1276189e-001 -3.3596798e-002
 -4.0000000e-002  9.7430808e-001  7.1122104e-001 -3.9863279e-002
 -3.2000000e-002  9.7336912e-001  7.0968352e-001 -4.4820331e-002
 -2.4000000e-002  9.8399790e-001  7.0814932e-001 -3.4533255e-002
 -1.6000000e-002  9.8185436e-001  7.0661844e-001 -3.4596412e-002
 -8.0000000e-003  1.0000000e+000  7.0509087e-001 -3.7073244e-002
  0.0000000e+000  9.6620334e-001  7.0356660e-001 -3.1880195e-002
  8.0000000e-003  9.7221455e-001  7.0204563e-001 -2.3298568e-002
  1.6000000e-002  9.6421580e-001  7.0052794e-001 -3.8236587e-002
  2.4000000e-002  9.6717679e-001  6.9901354e-001 -3.1972654e-002
  3.2000000e-002  9.6957653e-001  6.9750240e-001 -2.2046683e-002
  4.0000000e-002  9.7377223e-001  6.9599454e-001 -3.4948112e-002
  4.8000000e-002  9.6678845e-001  6.9448994e-001 -8.5545174e-003
  5.6000000e-002  9.5170386e-001  6.9298858e-001 -1.4331261e-002
  6.4000000e-002  9.5536320e-001  6.9149048e-001 -1.2311186e-002
  7.2000000e-002  9.4577402e-001  6.8999561e-001 -3.6144347e-002
  8.0000000e-002  9.3447167e-001  6.8850397e-001 -2.0439127e-002
  8.8000000e-002  9.4350869e-001  6.8701556e-001 -3.7283672e-002
  9.6000000e-002  9.4063724e-001  6.8553037e-001 -2.2251542e-002
  1.0400000e-001  9.3919630e-001  6.8404839e-001 -3.6412432e-002
  1.1200000e-001  9.3001290e-001  6.8256961e-001 -1.0800825e-002
  1.2000000e-001  9.3359777e-001  6.8109402e-001 -1.6769263e-002
  1.2800000e-001  9.1942530e-001  6.7962163e-001 -2.8305885e-002
  1.3600000e-001  9.3632595e-001  6.7815242e-001 -2.3763323e-002
  1.4400000e-001  9.2438345e-001  6.7668639e-001 -1.1535414e-002
  1.5200000e-001  9.1429215e-001  6.7522353e-001 -2.1915221e-002
  1.6000000e-001  9.0211262e-001  6.7376382e-001 -1.7651341e-002
  1.6800000e-001  9.1106527e-001  6.7230728e-001 -1.5895100e-002
  1.7600000e-001  9.0644097e-001  6.7085388e-001 -2.2165642e-002
  1.8400000e-001  9.0613030e-001  6.6940363e-001 -1.9100505e-002
  1.9200000e-001  8.9665469e-001  6.6795651e-001 -3.2106309e-002
  2.0000000e-001  8.7495037e-001  6.6651251e-001 -2.4556842e-002
  2.0800000e-001  8.7688410e-001  6.6507164e-001 -2.4866761e-002
  2.1600000e-001  8.6225032e-001  6.6363389e-001 -8.0719917e-003
  2.2400000e-001  8.8012236e-001  6.6219924e-001 -1.5720020e-002
  2.3200000e-001  8.8437966e-001  6.6076770e-001 -1.4116570e-002
  2.4000000e-001  8.5629532e-001  6.5933925e-001 -1.4510572e-002
  2.4800000e-001  8.6874467e-001  6.5791388e-001 -1.8739330e-002
  2.5600000e-001  8.7194951e-001  6.5649160e-001 -3.5954067e-002
  2.6400000e-001  8.5379687e-001  6.5507239e-001 -1.4314861e-002
  2.7200000e-001  8.4706782e-001  6.5365626e-001 -3.0366478e-002
  2.8000000e-001  8.4523125e-001  6.5224318e-001 -1.3037448e-002
  2.8800000e-001  8.3579032e-001  6.5083316e-001 -2.8983499e-002
  2.9600000e-001  8.4143006e-001  6.4942618e-001 -2.5455829e-002
  3.0400000e-001  8.3654406e-001  6.4802225e-001 -1.1133102e-002
  3.1200000e-001  8.2844386e-001  6.4662135e-001 -1.9752630e-002
  3.2000000e-001  8.1909437e-001  6.4522348e-001 -2.3150733e-002
  3.2800000e-001  8.0774493e-001  6.4382863e-001 -1.6606981e-002
  3.3600000e-001  8.0639635e-001  6.4243680e-001 -1.8308334e-002
  3.4400000e-001  8.2682852e-001  6.4104798e-001 -3.2543214e-002
  3.5200000e-001  7.9686792e-001  6.3966216e-001 -1.0165761e-002
  3.6000000e-001  8.0302809e-001  6.3827933e-001 -1.9649422e-002
  3.6800000e-001  7.8814775e-001  6.3689950e-001 -1.6868970e-002
  3.7600000e-001  7.9130977e-001  6.3552265e-001 -2.1624863e-002
  3.8400000e-001  8.0488923e-001  6.3414877e-001 -2.1120993e-002
  3.9200000e-001  7.9742759e-001  6.3277786e-001 -2.3854746e-002
  4.0000000e-001  7.6905806e-001  6.3140992e-001 -1.0326993e-002
  4.0800000e-001  7.5860464e-001  6.3004494e-001 -1.9583665e-002
  4.1600000e-001  7.7187833e-001  6.2868290e-001 -2.4648705e-002
  4.2400000e-001  7.7738860e-001  6.2732381e-001 -2.9290757e-002
  4.3200000e-001  7.4987025e-001  6.2596766e-001 -2.1133570e-002
  4.4000000e-001  7.5395420e-001  6.2461444e-001 -8.3375658e-003
  4.4800000e-001  7.5438160e-001  6.2326415e-001 -6.0090647e-003
  4.5600000e-001  7.5700606e-001  6.2191677e-001 -2.5148170e-002
  4.6400000e-001  7.4717422e-001  6.2057231e-001 -1.5506677e-003
  4.7200000e-001  7.4242012e-001  6.1923075e-001 -4.6993489e-003
  4.8000000e-001  7.4159456e-001  6.1789209e-001 -1.3819860e-002
  4.8800000e-001  7.3330730e-001  6.1655633e-001 -2.1892882e-002
  4.9600000e-001  7.2933605e-001  6.1522346e-001 -1.2175394e-002
  5.0400000e-001  7.1100685e-001  6.1389347e-001 -1.1461379e-002
  5.1200000e-001  7.1719095e-001  6.1256635e-001 -1.0671312e-002
  5.2000000e-001  7.3366199e-001  6.1124210e-001 -2.4002591e-002
  5.2800000e-001  6.9758503e-001  6.0992071e-001 -1.2092257e-002
  5.3600000e-001  7.0641465e-001  6.0860218e-001 -2.3914664e-002
  5.4400000e-001  6.9352373e-001  6.0728650e-001 -1.1729751e-002
  5.5200000e-001  6.9774687e-001  6.0597367e-001 -2.1539227e-002
  5.6000000e-001  6.8376454e-001  6.0466367e-001 -3.7811289e-003
  5.6800000e-001  6.9172810e-001  6.0335651e-001 -1.5950780e-002
  5.7600000e-001  6.7265507e-001  6.0205217e-001  6.2832578e-003
  5.8400000e-001  6.7633823e-001  6.0075065e-001 -1.6130787e-002
  5.9200000e-001  6.7608631e-001  5.9945194e-001 -8.2627654e-003
  6.0000000e-001  6.6341856e-001  5.9815604e-001 -1.5909726e-002
  6.0800000e-001  6.5609191e-001  5.9686295e-001 -3.8757100e-003
  6.1600000e-001  6.6619139e-001  5.9557265e-001 -3.1876007e-003
  6.2400000e-001  6.5619268e-001  5.9428513e-001 -1.5999775e-002
  6.3200000e-001  6.4894814e-001  5.9300041e-001 -9.2462720e-003
  6.4000000e-001  6.4277603e-001  5.9171845e-001 -1.7669797e-003
  6.4800000e-001  6.4035728e-001  5.9043927e-001 -1.2460742e-003
  6.5600000e-001  6.4002906e-001  5.8916286e-001 -9.3948514e-003
  6.6400000e-001  6.3813672e-001  5.8788920e-001 -1.0761531e-002
  6.7200000e-001  6.4092722e-001  5.8661830e-001 -1.6315716e-002
  6.8000000e-001  6.2638746e-001  5.8535015e-001 -5.3627653e-003
  6.8800000e-001  6.2530593e-001  5.8408474e-001 -1.1903411e-002
  6.9600000e-001  6.0872442e-001  5.8282206e-001 -1.1069030e-002
  7.0400000e-001  6.3514373e-001  5.8156211e-001 -2.5333219e-004
  7.1200000e-001  6.0994268e-001  5.8030489e-001  1.6551256e-003
  7.2000000e-001  6.1495824e-001  5.7905038e-001 -1.6100503e-002
  7.2800000e-001  6.1643928e-001  5.7779859e-001 -2.0988696e-002
  7.3600000e-001  5.9074705e-001  5.7654950e-001 -2.0118366e-002
  7.4400000e-001  6.0718616e-001  5.7530311e-001 -1.4409765e-002
  7.5200000e-001  5.8559663e-001  5.7405942e-001 -7.1062388e-003
  7.6000000e-001  5.8252124e-001  5.7281841e-001 -1.6161961e-002
  7.6800000e-001  5.7436511e-001  5.7158009e-001 -8.2680626e-003
  7.7600000e-001  5.8071441e-001  5.7034445e-001 -1.2598213e-002
  7.8400000e-001  5.9112671e-001  5.6911147e-001 -5.2687405e-003
  7.9200000e-001  5.7014738e-001  5.6788117e-001 -1.1743970e-003
  8.0000000e-001  5.6960686e-001  5.6665352e-001  8.3555469e-004
  8.0800000e-001  5.7333546e-001  5.6542852e-001  1.1254899e-003
  8.1600000e-001  5.6134787e-001  5.6420618e-001 -7.8171813e-003
  8.2400000e-001  5.7154590e-001  5.6298647e-001 -9.4668991e-003
  8.3200000e-001  5.6381653e-001  5.6176941e-001 -8.6694356e-003
  8.4000000e-001  5.6876094e-001  5.6055497e-001 -4.3066579e-003
  8.4800000e-001  5.5244473e-001  5.5934316e-001 -4.9976327e-003
  8.5600000e-001  5.6676060e-001  5.5813397e-001 -1.5899969e-002
  8.6400000e-001  5.5447589e-001  5.5692739e-001 -1.4217850e-002
  8.7200000e-001  5.5446211e-001  5.5572342e-001 -1.5093629e-002
  8.8000000e-001  5.4079659e-001  5.5452206e-001 -1.8690117e-002
  8.8800000e-001  5.6020854e-001  5.5332329e-001 -9.1458493e-003
  8.9600000e-001  5.3980501e-001  5.5212711e-001 -8.4468949e-003
  9.0400000e-001  5.3203111e-001  5.5093352e-001 -5.8845114e-005
  9.1200000e-001  5.3231358e-001  5.4974251e-001  4.5106095e-003
  9.2000000e-001  5.1804737e-001  5.4855407e-001  7.4659961e-004
  9.2800000e-001  5.3092936e-001  5.4736821e-001  2.0191447e-003
  9.3600000e-001  5.1016985e-001  5.4618490e-001 -9.4563056e-003
  9.4400000e-001  5.1449446e-001  5.4500416e-001 -1.4878826e-002
  9.5200000e-001  5.3227916e-001  5.4382597e-001  2.5456925e-003
  9.6000000e-001  5.2656632e-001  5.4265032e-001 -1.1851876e-002
  9.6800000e-001  5.1827659e-001  5.4147722e-001 -2.1209264e-002
  9.7600000e-001  5.2546948e-001  5.4030665e-001 -1.1822105e-002
  9.8400000e-001  5.0280180e-001  5.3913861e-001 -5.3033575e-003
  9.9200000e-001  5.1047865e-001  5.3797310e-001  9.7722157e-004
  1.0000000e+000  5.0365090e-001  5.3681011e-001 -3.4241313e-003
  1.0080000e+000  5.0101962e-001  5.3564963e-001 -4.9399699e-003
  1.0160000e+000  5.0565189e-001  5.3449166e-001  1.4423260e-003
  1.0240000e+000  4.9861735e-001  5.3333619e-001  7.5898005e-003
  1.0320000e+000  5.0147123e-001  5.3218322e-001 -7.3486252e-003
  1.0400000e+000  5.0559118e-001  5.3103275e-001  8.1999650e-003
  1.0480000e+000  4.8448141e-001  5.2988476e-001 -5.0067665e-003
  1.0560000e+000  5.0508230e-001  5.2873925e-001 -6.6411378e-003
  1.0640000e+000  4.8561355e-001  5.2759622e-001 -7.1577448e-003
  1.0720000e+000  4.8468417e-001  5.2645566e-001 -5.1805256e-003
  1.0800000e+000  4.8653174e-001  5.2531756e-001  4.6446861e-003
  1.0880000e+000  4.8411106e-001  5.2418193e-001  8.4151828e-004
  1.0960000e+000  4.8835103e-001  5.2304875e-001 -5.0457743e-003
  1.1040000e+000  4.9332703e-001  5.2191802e-001 -1.3210126e-002
  1.1120000e+000  4.7540324e-001  5.2078974e-001 -1.7594653e-002
  1.1200000e+000  4.7694100e-001  5.1966389e-001 -2.3598428e-002
  1.1280000e+000  4.9300041e-001  5.1854048e-001 -3.9562405e-003
  1.1360000e+000  4.6040779e-001  5.1741949e-001 -7.1320242e-003
  1.1440000e+000  4.6781703e-001  5.1630093e-001 -5.3854193e-003
  1.1520000e+000  4.8693334e-001  5.1518479e-001 -1.4573706e-002
  1.1600000e+000  4.7045022e-001  5.1407106e-001 -4.2448620e-003
  1.1680000e+000  4.7977530e-001  5.1295974e-001 -6.5575725e-003
  1.1760000e+000  4.8486398e-001  5.1185082e-001 -3.3990689e-004
  1.1840000e+000  4.6789332e-001  5.1074430e-001  1.9942752e-003
  1.1920000e+000  4.7262608e-001  5.0964017e-001 -1.1303577e-002
  1.2000000e+000  4.6498590e-001  5.0853843e-001 -5.9434706e-003
  1.2080000e+000  4.6603065e-001  5.0743907e-001 -6.7171352e-003
  1.2160000e+000  4.5847536e-001  5.0634208e-001 -6.7009175e-003
  1.2240000e+000  4.5049097e-001  5.0524747e-001 -1.1219240e-002
  1.2320000e+000  4.4847055e-001  5.0415522e-001 -1.3261187e-002
  1.2400000e+000  4.5277177e-001  5.0306534e-001 -2.5659351e-003
  1.2480000e+000  4.5557377e-001  5.0197781e-001  3.2826601e-004
  1.2560000e+000  4.5840085e-001  5.0089263e-001 -3.6148742e-003
  1.2640000e+000  4.7709436e-001  4.9980980e-001  1.1022173e-002
  1.2720000e+000  4.4966574e-001  4.9872931e-001 -1.5721180e-003
  1.2800000e+000  4.5211582e-001  4.9765115e-001 -6.6807374e-003
  1.2880000e+000  4.4103821e-001  4.9657533e-001 -5.2296702e-003
  1.2960000e+000  4.4424163e-001  4.9550183e-001 -1.3383832e-002
  1.3040000e+000  4.4875655e-001  4.9443065e-001 -8.8364075e-004
  1.3120000e+000  4.4144960e-001  4.9336179e-001 -1.4944245e-002
  1.3200000e+000  4.3246317e-001  4.9229524e-001 -3.2173112e-003
  1.3280000e+000  4.3673629e-001  4.9123099e-001 -4.3997203e-003
  1.3360000e+000  4.3199560e-001  4.9016904e-001 -1.1035968e-002
  1.3440000e+000  4.2769416e-001  4.8910939e-001  1.3366755e-002
  1.3520000e+000  4.5131380e-001  4.8805204e-001  5.3324528e-004
  1.3600000e+000  4.3892888e-001  4.8699696e-001 -8.6019922e-004
  1.3680000e+000  4.4365905e-001  4.8594417e-001  4.7544113e-003
  1.3760000e+000  4.3464114e-001  4.8489365e-001 -7.7550764e-003
  1.3840000e+000  4.1687688e-001  4.8384541e-001  1.0010401e-002
  1.3920000e+000  4.3990411e-001  4.8279943e-001 -6.6557760e-003
  1.4000000e+000  4.2720974e-001  4.8175571e-001 -6.1106160e-003
  1.4080000e+000  4.3810852e-001  4.8071425e-001 -2.0037144e-003
  1.4160000e+000  4.3090352e-001  4.7967504e-001  2.4742642e-003
  1.4240000e+000  4.2278749e-001  4.7863807e-001  1.9079933e-003
  1.4320000e+000  4.3308592e-001  4.7760335e-001 -2.5629091e-004
  1.4400000e+000  4.3051833e-001  4.7657087e-001 -1.2447639e-003
  1.4480000e+000  4.2451867e-001  4.7554061e-001 -4.3069444e-003
  1.4560000e+000  4.1899428e-001  4.7451259e-001 -1.2642998e-002
  1.4640000e+000  4.2950078e-001  4.7348678e-001 -6.2278252e-003
  1.4720000e+000  4.2651337e-001  4.7246320e-001 -5.9833061e-003
  1.4800000e+000  4.2880027e-001  4.7144182e-001 -1.6023164e-002
  1.4880000e+000  4.2304070e-001  4.7042266e-001 -8.7282786e-003
  1.4960000e+000  4.3083464e-001  4.6940570e-001 -1.0177999e-002
  1.5040000e+000  4.1732809e-001  4.6839093e-001 -2.3644525e-003
  1.5120000e+000  4.1086528e-001  4.6737836e-001 -1.4461114e-002
  1.5200000e+000  4.2878580e-001  4.6636798e-001 -1.4317542e-002
  1.5280000e+000  4.2025371e-001  4.6535979e-001 -1.1327628e-002
  1.5360000e+000  4.0763618e-001  4.6435377e-001  1.3982514e-002
  1.5440000e+000  4.1435658e-001  4.6334993e-001 -7.8430280e-003
  1.5520000e+000  4.0774998e-001  4.6234825e-001  4.4516349e-003
  1.5600000e+000  4.1795660e-001  4.6134875e-001 -3.6883563e-003
  1.5680000e+000  4.1886459e-001  4.6035140e-001  1.1231015e-002
  1.5760000e+000  4.1940323e-001  4.5935621e-001  8.1418690e-003
  1.5840000e+000  4.2238613e-001  4.5836317e-001  8.0520302e-004
  1.5920000e+000  4.1447266e-001  4.5737228e-001  2.2886020e-003
  1.6000000e+000  4.1075530e-001  4.5638353e-001 -3.6777926e-003
  1.6080000e+000  4.1334420e-001  4.5539692e-001 -6.0739025e-003
  1.6160000e+000  4.1571300e-001  4.5441244e-001 -1.0570793e-002
  1.6240000e+000  4.0921388e-001  4.5343009e-001 -7.3295532e-003
  1.6320000e+000  4.2124970e-001  4.5244986e-001 -3.4187624e-003
  1.6400000e+000  4.2235658e-001  4.5147175e-001 -4.3986122e-003
  1.6480000e+000  4.1944348e-001  4.5049576e-001  7.4668241e-005
  1.6560000e+000  3.9148905e-001  4.4952188e-001 -5.3384137e-003
  1.6640000e+000  4.0947157e-001  4.4855010e-001 -1.3982037e-002
  1.6720000e+000  4.1815036e-001  4.4758042e-001  8.0102039e-005
  1.6800000e+000  4.0410184e-001  4.4661284e-001 -6.9442135e-003
  1.6880000e+000  4.1534634e-001  4.4564735e-001 -3.8401228e-003
  1.6960000e+000  4.1414433e-001  4.4468394e-001  4.7536263e-003
  1.7040000e+000  3.9991648e-001  4.4372262e-001  3.5599271e-003
  1.7120000e+000  4.1457262e-001  4.4276338e-001 -1.4187035e-002
  1.7200000e+000  4.0347337e-001  4.4180621e-001  6.5995767e-003
  1.7280000e+000  3.9759948e-001  4.4085112e-001  4.1594266e-003
  1.7360000e+000  4.0066981e-001  4.3989808e-001  2.0371209e-003
  1.7440000e+000  3.9847950e-001  4.3894711e-001 -1.4572546e-002
  1.7520000e+000  4.1400859e-001  4.3799819e-001 -9.0866244e-003
  1.7600000e+000  4.0904738e-001  4.3705132e-001 -2.7566736e-003
  1.7680000e+000  4.0306844e-001  4.3610650e-001 -6.2748896e-003
  1.7760000e+000  4.0423362e-001  4.3516373e-001  7.7019354e-004
  1.7840000e+000  3.9567851e-001  4.3422299e-001  1.5406615e-003
  1.7920000e+000  4.1813702e-001  4.3328428e-001 -9.6347198e-003
  1.8000000e+000  4.0065259e-001  4.3234761e-001 -1.9351805e-002
  1.8080000e+000  4.1125450e-001  4.3141295e-001 -6.2920891e-003
  1.8160000e+000  4.0744847e-001  4.3048032e-001  3.4448287e-003
  1.8240000e+000  3.9457294e-001  4.2954971e-001 -1.2441791e-002
  1.8320000e+000  3.9661198e-001  4.2862111e-001 -1.2964819e-002
  1.8400000e+000  4.1532012e-001  4.2769451e-001 -6.0214730e-003
  1.8480000e+000  4.2356766e-001  4.2676992e-001  6.0448721e-003
  1.8560000e+000  4.0554271e-001  4.2584733e-001  4.1648851e-003
  1.8640000e+000  4.0980626e-001  4.2492673e-001 -2.9941799e-003
  1.8720000e+000  4.0754031e-001  4.2400812e-001 -3.8530360e-003
  1.8800000e+000  4.0145675e-001  4.2309150e-001  2.4744953e-003
  1.8880000e+000  3.9373657e-001  4.2217685e-001 -1.0576100e-002
  1.8960000e+000  3.9831235e-001  4.2126419e-001  1.5684352e-003
  1.9040000e+000  3.9526406e-001  4.2035350e-001  2.2139588e-003
  1.9120000e+000  3.9548556e-001  4.1944478e-001  6.1156435e-003
  1.9200000e+000  3.9863069e-001  4.1853802e-001 -9.9157122e-003
  1.9280000e+000  4.0393222e-001  4.1763322e-001 -1.0850414e-002
  1.9360000e+000  4.1051651e-001  4.1673038e-001 -5.9499232e-003
  1.9440000e+000  3.8987641e-001  4.1582949e-001 -6.3878923e-003
  1.9520000e+000  4.0343046e-001  4.1493055e-001 -4.9410584e-003
  1.9600000e+000  3.8826012e-001  4.1403355e-001  4.5386842e-004
  1.9680000e+000  4.0340016e-001  4.1313849e-001  4.9926883e-004
  1.9760000e+000  3.9613043e-001  4.1224536e-001 -7.2729814e-003
  1.9840000e+000  4.1412767e-001  4.1135417e-001 -8.2620729e-003
  1.9920000e+000  4.0043245e-001  4.1046490e-001  2.1626956e-003
  2.0000000e+000  4.0862944e-001  4.0957756e-001 -9.6525582e-003
  2.0080000e+000  3.9760862e-001  4.0869213e-001  1.5219244e-002
  2.0160000e+000  4.1568330e-001  4.0780862e-001  1.4901746e-004
  2.0240000e+000  3.9535935e-001  4.0692702e-001 -2.1004698e-003
  2.0320000e+000  3.8841446e-001  4.0604732e-001 -1.1650624e-002
  2.0400000e+000  4.0627414e-001  4.0516952e-001  1.9008046e-003
  2.0480000e+000  3.9223655e-001  4.0429363e-001 -4.6733951e-003
  2.0560000e+000  3.9613979e-001  4.0341962e-001 -5.9683436e-003
  2.0640000e+000  3.9504122e-001  4.0254751e-001  9.2144485e-003
  2.0720000e+000  4.0030429e-001  4.0167728e-001 -3.6185640e-003
  2.0800000e+000  3.8824848e-001  4.0080893e-001  2.7299695e-003
  2.0880000e+000  3.9464326e-001  3.9994246e-001 -5.5627993e-003
  2.0960000e+000  4.0497136e-001  3.9907786e-001 -7.6024780e-003
  2.1040000e+000  3.9329396e-001  3.9821513e-001 -1.2501683e-002
  2.1120000e+000  3.8617019e-001  3.9735427e-001 -7.1014791e-003
  2.1200000e+000  3.8307708e-001  3.9649527e-001  7.1958691e-003
  2.1280000e+000  3.9131926e-001  3.9563812e-001 -1.0066657e-002
  2.1360000e+000  4.0219605e-001  3.9478283e-001  3.6996964e-003
  2.1440000e+000  4.1061477e-001  3.9392939e-001  7.3082436e-003
  2.1520000e+000  3.9207053e-001  3.9307779e-001 -5.2714513e-003
  2.1600000e+000  3.8796515e-001  3.9222803e-001 -5.1373722e-003
  2.1680000e+000  4.0116417e-001  3.9138011e-001  2.9118512e-003
  2.1760000e+000  3.8803702e-001  3.9053402e-001  4.8389894e-003
  2.1840000e+000  4.0263985e-001  3.8968976e-001 -7.2408708e-003
  2.1920000e+000  4.0316069e-001  3.8884733e-001 -1.8016689e-002
  2.2000000e+000  4.0263549e-001  3.8800672e-001 -1.1397285e-002
  2.2080000e+000  3.9289369e-001  3.8716792e-001  3.5622842e-003
  2.2160000e+000  3.9370130e-001  3.8633094e-001 -2.7525735e-003
  2.2240000e+000  4.0374649e-001  3.8549577e-001 -1.2571901e-002
  2.2320000e+000  3.9600724e-001  3.8466240e-001  1.3405736e-002
  2.2400000e+000  4.0967581e-001  3.8383084e-001 -4.9021464e-003
  2.2480000e+000  4.0243544e-001  3.8300107e-001 -5.2612944e-003
  2.2560000e+000  3.9638915e-001  3.8217310e-001  7.6631381e-004
  2.2640000e+000  3.8115508e-001  3.8134691e-001 -1.2512624e-002
  2.2720000e+000  3.8286259e-001  3.8052252e-001 -3.1426744e-003
  2.2800000e+000  3.7712781e-001  3.7969990e-001  3.5891831e-003
  2.2880000e+000  3.8450957e-001  3.7887906e-001  3.8260625e-003
  2.2960000e+000  3.8489747e-001  3.7806000e-001 -1.2508831e-002
  2.3040000e+000  3.8687063e-001  3.7724271e-001  9.6882995e-003
  2.3120000e+000  3.9880620e-001  3.7642718e-001  4.5710792e-003
  2.3200000e+000  3.9208454e-001  3.7561342e-001 -1.2701748e-002
  2.3280000e+000  3.9493990e-001  3.7480142e-001  3.9049545e-003
  2.3360000e+000  3.8435483e-001  3.7399117e-001 -1.8628708e-003
  2.3440000e+000  3.7373712e-001  3.7318268e-001 -3.0846903e-003
  2.3520000e+000  3.8394867e-001  3.7237593e-001 -2.3373140e-003
  2.3600000e+000  3.9946591e-001  3.7157092e-001 -4.6170979e-003
  2.3680000e+000  3.8306492e-001  3.7076766e-001  2.5070381e-005
  2.3760000e+000  3.8433740e-001  3.6996613e-001 -2.2172808e-003
  2.3840000e+000  3.9550160e-001  3.6916634e-001 -1.1721388e-003
  2.3920000e+000  3.8876338e-001  3.6836827e-001 -4.3216199e-003
  2.4000000e+000  3.8965182e-001  3.6757193e-001 -6.7618464e-003
  2.4080000e+000  3.9252724e-001  3.6677731e-001 -8.4430791e-003
  2.4160000e+000  3.7899467e-001  3.6598441e-001 -6.6748726e-004
  2.4240000e+000  3.8098301e-001  3.6519322e-001  3.3439636e-003
  2.4320000e+000  3.9032363e-001  3.6440375e-001 -5.9497518e-003
  2.4400000e+000  3.8312727e-001  3.6361598e-001  1.5702593e-003
  2.4480000e+000  3.7568362e-001  3.6282991e-001  8.6636505e-003
  2.4560000e+000  3.7979375e-001  3.6204554e-001  1.5836215e-002
  2.4640000e+000  3.7746863e-001  3.6126287e-001  1.0646529e-002
  2.4720000e+000  3.8975476e-001  3.6048189e-001 -1.5347382e-002
  2.4800000e+000  3.7803721e-001  3.5970260e-001 -2.0956284e-003
  2.4880000e+000  3.9302634e-001  3.5892499e-001 -7.2054243e-003
  2.4960000e+000  3.7964185e-001  3.5814907e-001  3.9729753e-003
  2.5040000e+000  3.8563220e-001  3.5737482e-001 -1.0622655e-002
  2.5120000e+000  3.7448620e-001  3.5660224e-001  6.6896361e-003
  2.5200000e+000  3.7309346e-001  3.5583134e-001  4.0206888e-003
  2.5280000e+000  3.7776644e-001  3.5506210e-001  3.3669504e-003
  2.5360000e+000  3.6982362e-001  3.5429453e-001  3.1195777e-003
  2.5440000e+000  3.7889314e-001  3.5352861e-001  9.4917356e-003
  2.5520000e+000  3.8639418e-001  3.5276435e-001 -2.4522644e-003
  2.5600000e+000  3.6639939e-001  3.5200174e-001 -3.1048348e-003
  2.5680000e+000  3.6386405e-001  3.5124078e-001  1.5722766e-003
  2.5760000e+000  3.8310119e-001  3.5048147e-001  2.3075772e-003
  2.5840000e+000  3.6240960e-001  3.4972380e-001 -2.8540692e-003
  2.5920000e+000  3.7285934e-001  3.4896776e-001  8.8075225e-003
  2.6000000e+000  3.7984095e-001  3.4821336e-001  9.8181242e-003
  2.6080000e+000  3.6131637e-001  3.4746059e-001  8.0214426e-003
  2.6160000e+000  3.7658374e-001  3.4670945e-001  2.0213472e-003
  2.6240000e+000  3.7640605e-001  3.4595993e-001 -6.5998912e-003
  2.6320000e+000  3.7508579e-001  3.4521204e-001 -1.3003026e-002
  2.6400000e+000  3.6571979e-001  3.4446575e-001 -9.8348934e-003
  2.6480000e+000  3.7648495e-001  3.4372109e-001 -1.0691606e-002
  2.6560000e+000  3.6561368e-001  3.4297803e-001  1.5050761e-003
  2.6640000e+000  3.7036161e-001  3.4223658e-001  1.2397588e-003
  2.6720000e+000  3.7125832e-001  3.4149673e-001 -8.7380254e-003
  2.6800000e+000  3.5882719e-001  3.4075848e-001  1.2620907e-002
  2.6880000e+000  3.5948131e-001  3.4002183e-001 -1.0581009e-002
  2.6960000e+000  3.6332846e-001  3.3928676e-001  1.3125888e-002
  2.7040000e+000  3.6366331e-001  3.3855329e-001 -1.3001852e-002
  2.7120000e+000  3.4308784e-001  3.3782141e-001 -9.3839538e-003
  2.7200000e+000  3.5882000e-001  3.3709110e-001 -5.6122129e-004
  2.7280000e+000  3.7023606e-001  3.3636238e-001  2.8805787e-003
  2.7360000e+000  3.7007941e-001  3.3563523e-001 -3.9886154e-004
  2.7440000e+000  3.6693592e-001  3.3490965e-001 -1.3689774e-002
  2.7520000e+000  3.6298152e-001  3.3418564e-001  4.5497853e-003
  2.7600000e+000  3.5171100e-001  3.3346320e-001 -5.4407045e-004
  2.7680000e+000  3.5267027e-001  3.3274231e-001 -4.6995918e-003
  2.7760000e+000  3.5661096e-001  3.3202299e-001 -9.7680619e-003
  2.7840000e+000  3.4870115e-001  3.3130522e-001  1.2076319e-002
  2.7920000e+000  3.6400488e-001  3.3058900e-001  8.2143889e-003
  2.8000000e+000  3.5888128e-001  3.2987433e-001 -4.0794354e-003
  2.8080000e+000  3.4668028e-001  3.2916121e-001  9.0856073e-003
  2.8160000e+000  3.5024465e-001  3.2844963e-001 -4.7357941e-003
  2.8240000e+000  3.5997477e-001  3.2773958e-001  1.0222413e-003
  2.8320000e+000  3.5684240e-001  3.2703108e-001 -6.9363850e-003
  2.8400000e+000  3.5263482e-001  3.2632410e-001  3.8416927e-003
  2.8480000e+000  3.6654288e-001  3.2561865e-001 -1.1965502e-002
  2.8560000e+000  3.4633023e-001  3.2491472e-001 -1.1361719e-002
  2.8640000e+000  3.4528720e-001  3.2421232e-001  7.6656490e-004
  2.8720000e+000  3.4057802e-001  3.2351144e-001 -4.7541311e-003
  2.8800000e+000  3.4509407e-001  3.2281207e-001  1.9396865e-003
  2.8880000e+000  3.4854128e-001  3.2211421e-001  5.4511267e-003
  2.8960000e+000  3.3556638e-001  3.2141787e-001 -3.0763635e-003
  2.9040000e+000  3.3163967e-001  3.2072302e-001 -1.1927474e-002
  2.9120000e+000  3.3947813e-001  3.2002968e-001  1.1875559e-002
  2.9200000e+000  3.4063945e-001  3.1933784e-001  1.1389068e-002
  2.9280000e+000  3.4292311e-001  3.1864749e-001 -9.8437581e-003
  2.9360000e+000  3.3753084e-001  3.1795864e-001 -8.7463629e-004
  2.9440000e+000  3.5429987e-001  3.1727128e-001  1.4832114e-003
  2.9520000e+000  3.3765547e-001  3.1658540e-001  3.4878292e-004
  2.9600000e+000  3.3781937e-001  3.1590100e-001 -5.2080871e-003
  2.9680000e+000  3.3567055e-001  3.1521808e-001  5.0084713e-003
  2.9760000e+000  3.3088321e-001  3.1453664e-001  5.8168982e-003
  2.9840000e+000  3.2662957e-001  3.1385668e-001  7.3060676e-003
  2.9920000e+000  3.2642884e-001  3.1317818e-001  2.4997586e-003
  3.0000000e+000  3.4286617e-001  3.1250115e-001 -2.1096396e-003
  3.0080000e+000  3.2208501e-001  3.1182558e-001 -8.2023198e-003
  3.0160000e+000  3.2447635e-001  3.1115148e-001  1.2732358e-002
  3.0240000e+000  3.3018913e-001  3.1047883e-001 -1.3950201e-002
  3.0320000e+000  3.2208258e-001  3.0980763e-001 -3.6990429e-003
  3.0400000e+000  3.2768254e-001  3.0913789e-001  3.6766612e-003
  3.0480000e+000  3.3132172e-001  3.0846960e-001  1.8204704e-003
  3.0560000e+000  3.2059435e-001  3.0780274e-001 -7.5125450e-003
  3.0640000e+000  3.2128460e-001  3.0713733e-001  9.1297810e-003
  3.0720000e+000  3.0425318e-001  3.0647336e-001 -9.0393479e-003
  3.0800000e+000  3.1312137e-001  3.0581083e-001 -1.9906853e-002
  3.0880000e+000  3.1204703e-001  3.0514972e-001 -9.0974802e-003
  3.0960000e+000  3.2504761e-001  3.0449005e-001  3.5856891e-003
  3.1040000e+000  3.1378008e-001  3.0383180e-001  1.4476356e-002
  3.1120000e+000  3.0851649e-001  3.0317498e-001 -7.1565663e-003
  3.1200000e+000  3.1529736e-001  3.0251957e-001 -1.1361824e-003
  3.1280000e+000  3.0363390e-001  3.0186558e-001 -2.2862888e-003
  3.1360000e+000  3.0421870e-001  3.0121301e-001 -8.0129115e-003
  3.1440000e+000  3.1600032e-001  3.0056185e-001  4.6532133e-003
  3.1520000e+000  3.0946907e-001  2.9991209e-001  1.7295584e-003
  3.1600000e+000  3.1211019e-001  2.9926374e-001  2.5157417e-003
  3.1680000e+000  3.1893373e-001  2.9861679e-001 -8.5177080e-003
  3.1760000e+000  2.9782404e-001  2.9797124e-001 -6.5239449e-003
  3.1840000e+000  3.0481760e-001  2.9732708e-001  1.6586413e-002
  3.1920000e+000  2.8527055e-001  2.9668432e-001  2.7404385e-003
  3.2000000e+000  2.8429282e-001  2.9604294e-001 -6.1501474e-003
  3.2080000e+000  3.0822976e-001  2.9540296e-001 -3.9092801e-003
  3.2160000e+000  3.1470334e-001  2.9476435e-001 -3.2166761e-003
  3.2240000e+000  3.0950243e-001  2.9412713e-001 -6.3749784e-003
  3.2320000e+000  2.9666618e-001  2.9349129e-001 -7.7475265e-003
  3.2400000e+000  3.1744660e-001  2.9285681e-001  4.7901988e-003
  3.2480000e+000  3.0355972e-001  2.9222372e-001  1.6001670e-002
  3.2560000e+000  2.8999473e-001  2.9159198e-001  1.3627374e-002
  3.2640000e+000  3.0821125e-001  2.9096162e-001 -1.1384216e-002
  3.2720000e+000  2.8806006e-001  2.9033262e-001  6.6841185e-003
  3.2800000e+000  2.9219671e-001  2.8970497e-001 -2.3920704e-002
  3.2880000e+000  2.9238054e-001  2.8907869e-001 -1.2334530e-002
  3.2960000e+000  2.9276142e-001  2.8845376e-001  3.0448947e-003
  3.3040000e+000  2.9341951e-001  2.8783018e-001  4.9135055e-003
  3.3120000e+000  2.8987134e-001  2.8720794e-001 -2.8996471e-003
  3.3200000e+000  2.9720583e-001  2.8658706e-001  2.6844157e-003
  3.3280000e+000  2.7543453e-001  2.8596751e-001  1.7691726e-003
  3.3360000e+000  2.7529051e-001  2.8534930e-001  1.2291626e-002
  3.3440000e+000  2.7858572e-001  2.8473244e-001 -3.7118520e-003
  3.3520000e+000  2.8090143e-001  2.8411690e-001 -6.5832820e-003
  3.3600000e+000  2.8001475e-001  2.8350269e-001  3.7711481e-003
  3.3680000e+000  2.9446324e-001  2.8288982e-001 -6.5288635e-003
  3.3760000e+000  2.9398235e-001  2.8227826e-001  1.2218964e-002
  3.3840000e+000  2.7423338e-001  2.8166803e-001  8.0754186e-004
  3.3920000e+000  2.8819223e-001  2.8105912e-001  1.2321614e-003
  3.4000000e+000  2.7954773e-001  2.8045153e-001  3.1970748e-004
  3.4080000e+000  2.9815182e-001  2.7984525e-001  7.6139260e-004
  3.4160000e+000  2.7940638e-001  2.7924027e-001  9.0810341e-004
  3.4240000e+000  2.5781616e-001  2.7863661e-001 -2.6511908e-003
  3.4320000e+000  2.6407787e-001  2.7803425e-001  5.1541158e-003
  3.4400000e+000  2.6901145e-001  2.7743320e-001  5.3455000e-003
  3.4480000e+000  2.8632963e-001  2.7683344e-001 -5.1178793e-003
  3.4560000e+000  2.7620679e-001  2.7623498e-001 -1.2062236e-004
  3.4640000e+000  2.7304605e-001  2.7563782e-001 -4.8494809e-003
  3.4720000e+000  2.6254983e-001  2.7504194e-001 -4.9429087e-003
  3.4800000e+000  2.9178431e-001  2.7444735e-001  3.1643123e-003
  3.4880000e+000  2.7109434e-001  2.7385405e-001  9.9619083e-003
  3.4960000e+000  2.7770032e-001  2.7326203e-001 -9.1437427e-003
  3.5040000e+000  2.8093441e-001  2.7267129e-001 -2.1957667e-002
  3.5120000e+000  2.7150003e-001  2.7208183e-001  1.0371096e-002
  3.5200000e+000  2.7667250e-001  2.7149364e-001 -3.1460558e-003
  3.5280000e+000  2.5867524e-001  2.7090673e-001 -2.8191022e-003
  3.5360000e+000  2.7298317e-001  2.7032108e-001  2.0148249e-003
  3.5440000e+000  2.6680093e-001  2.6973670e-001  4.4659148e-003
  3.5520000e+000  2.7156295e-001  2.6915358e-001  1.1774785e-002
  3.5600000e+000  2.6325021e-001  2.6857172e-001 -1.7567829e-003
  3.5680000e+000  2.4798200e-001  2.6799112e-001 -7.6858328e-003
  3.5760000e+000  2.7023333e-001  2.6741178e-001  5.3542509e-004
  3.5840000e+000  2.6778384e-001  2.6683369e-001 -4.0834061e-003
  3.5920000e+000  2.6054051e-001  2.6625684e-001 -5.1388079e-003
  3.6000000e+000  2.5835984e-001  2.6568125e-001  1.1952336e-002
  3.6080000e+000  2.4430407e-001  2.6510690e-001 -7.4447057e-003
  3.6160000e+000  2.5583474e-001  2.6453379e-001  1.1112249e-003
  3.6240000e+000  2.6624012e-001  2.6396192e-001  2.6527711e-003
  3.6320000e+000  2.4462002e-001  2.6339128e-001 -6.8003092e-004
  3.6400000e+000  2.6492839e-001  2.6282188e-001 -4.2433150e-003
  3.6480000e+000  2.6002368e-001  2.6225371e-001  3.6630598e-003
  3.6560000e+000  2.3964290e-001  2.6168677e-001 -9.5234790e-003
  3.6640000e+000  2.5897184e-001  2.6112106e-001  7.6569882e-003
  3.6720000e+000  2.4954860e-001  2.6055656e-001  9.9148679e-003
  3.6800000e+000  2.5437687e-001  2.5999329e-001  4.9524954e-003
  3.6880000e+000  2.6080146e-001  2.5943124e-001  9.6838950e-003
  3.6960000e+000  2.5132927e-001  2.5887040e-001  1.0142205e-002
  3.7040000e+000  2.4485827e-001  2.5831077e-001  3.3362879e-003
  3.7120000e+000  2.5929207e-001  2.5775235e-001  2.2951393e-003
  3.7200000e+000  2.3584656e-001  2.5719514e-001  1.4259629e-002
  3.7280000e+000  2.4830685e-001  2.5663913e-001  1.8809361e-003
  3.7360000e+000  2.3984865e-001  2.5608433e-001  1.0688239e-002
  3.7440000e+000  2.4955803e-001  2.5553073e-001  2.2873974e-003
  3.7520000e+000  2.4145632e-001  2.5497832e-001 -2.3274039e-002
  3.7600000e+000  2.4654176e-001  2.5442711e-001  5.4009513e-003
  3.7680000e+000  2.5464117e-001  2.5387708e-001 -7.4005220e-003
  3.7760000e+000  2.4473959e-001  2.5332825e-001 -6.4326192e-003
  3.7840000e+000  2.4361006e-001  2.5278061e-001 -1.7890565e-003
  3.7920000e+000  2.3851855e-001  2.5223414e-001  1.2086229e-002
  3.8000000e+000  2.3775323e-001  2.5168886e-001 -7.9709491e-003
  3.8080000e+000  2.3703065e-001  2.5114476e-001 -4.2631802e-003
  3.8160000e+000  2.3886711e-001  2.5060183e-001  1.0804518e-002
  3.8240000e+000  2.3638104e-001  2.5006008e-001 -1.1886768e-002
  3.8320000e+000  2.2369689e-001  2.4951950e-001  4.5373302e-003
  3.8400000e+000  2.2560099e-001  2.4898009e-001  1.7989499e-003
  3.8480000e+000  2.3826930e-001  2.4844184e-001 -1.4522310e-003
  3.8560000e+000  2.5246087e-001  2.4790476e-001  1.1261074e-002
  3.8640000e+000  2.2989741e-001  2.4736884e-001  1.0528589e-002
  3.8720000e+000  2.4592512e-001  2.4683407e-001  1.8317625e-002
  3.8800000e+000  2.4267409e-001  2.4630047e-001  9.6192168e-003
  3.8880000e+000  2.2675772e-001  2.4576801e-001  5.0530355e-003
  3.8960000e+000  2.3094611e-001  2.4523671e-001  4.3712917e-003
  3.9040000e+000  2.4750278e-001  2.4470656e-001  1.4495292e-002
  3.9120000e+000  2.3488900e-001  2.4417755e-001  6.5718711e-003
  3.9200000e+000  2.4336333e-001  2.4364968e-001  2.5016908e-002
  3.9280000e+000  2.2791924e-001  2.4312296e-001  8.5310762e-003
  3.9360000e+000  2.2006888e-001  2.4259738e-001  9.7998318e-003
  3.9440000e+000  2.3515562e-001  2.4207293e-001 -4.0033158e-003
  3.9520000e+000  2.1766532e-001  2.4154961e-001 -7.1574560e-003
  3.9600000e+000  2.1528483e-001  2.4102743e-001 -4.7771232e-003
  3.9680000e+000  2.2644523e-001  2.4050638e-001 -1.1382536e-002
  3.9760000e+000  2.3308118e-001  2.3998645e-001  6.8880026e-004
  3.9840000e+000  2.3462108e-001  2.3946764e-001 -7.8595673e-003
  3.9920000e+000  2.2685018e-001  2.3894996e-001  1.4578260e-002
  4.0000000e+000  2.2959348e-001  2.3843340e-001 -7.8232025e-003
  4.0080000e+000  2.2475402e-001  2.3791795e-001  1.1540982e-002
  4.0160000e+000  2.2822427e-001  2.3740362e-001 -5.6671329e-003
  4.0240000e+000  2.2434441e-001  2.3689040e-001  3.0770518e-003
  4.0320000e+000  2.1870514e-001  2.3637829e-001 -9.6929007e-003
  4.0400000e+000  2.2733732e-001  2.3586729e-001 -7.8815177e-005
  4.0480000e+000  2.3026244e-001  2.3535739e-001 -8.4397354e-003
  4.0560000e+000  2.1700907e-001  2.3484859e-001  3.5709001e-003
  4.0640000e+000  2.3129825e-001  2.3434089e-001 -1.8851451e-002
  4.0720000e+000  2.3256557e-001  2.3383429e-001 -7.3103093e-003
  4.0800000e+000  2.1476833e-001  2.3332879e-001 -5.0336935e-003
  4.0880000e+000  2.2001832e-001  2.3282438e-001  4.9736019e-003
  4.0960000e+000  2.1983923e-001  2.3232106e-001  1.3643881e-002
  4.1040000e+000  2.1220026e-001  2.3181882e-001  1.2312530e-003
  4.1120000e+000  2.1776263e-001  2.3131768e-001 -9.3122233e-003
  4.1200000e+000  2.1658385e-001  2.3081761e-001  8.5567972e-003
  4.1280000e+000  2.0435738e-001  2.3031863e-001  2.1998338e-003
  4.1360000e+000  2.1135288e-001  2.2982073e-001 -8.5135267e-003
  4.1440000e+000  2.1837790e-001  2.2932390e-001 -7.7726977e-003
  4.1520000e+000  2.2847289e-001  2.2882815e-001  6.3959969e-003
  4.1600000e+000  2.1625363e-001  2.2833346e-001  2.5357039e-003
  4.1680000e+000  2.0788436e-001  2.2783985e-001  5.0339782e-003
  4.1760000e+000  2.1562574e-001  2.2734731e-001 -3.5605913e-003
  4.1840000e+000  2.2052875e-001  2.2685583e-001 -1.0045297e-003
  4.1920000e+000  2.2069184e-001  2.2636541e-001  2.4800546e-003
  4.2000000e+000  2.1429471e-001  2.2587605e-001  1.5510167e-003
  4.2080000e+000  2.1219521e-001  2.2538775e-001 -5.7588964e-003
  4.2160000e+000  2.2367469e-001  2.2490051e-001  7.2633345e-003
  4.2240000e+000  2.2130155e-001  2.2441431e-001 -3.9480913e-003
  4.2320000e+000  2.1999193e-001  2.2392917e-001 -2.2659414e-003
  4.2400000e+000  2.1910881e-001  2.2344508e-001  9.2571084e-003
  4.2480000e+000  2.1176440e-001  2.2296204e-001  1.3184147e-002
  4.2560000e+000  2.1397611e-001  2.2248004e-001  1.0639854e-003
  4.2640000e+000  2.0902787e-001  2.2199908e-001  5.0829876e-003
  4.2720000e+000  2.1681167e-001  2.2151916e-001 -5.8782913e-003
  4.2800000e+000  1.9494512e-001  2.2104028e-001  4.0203582e-004
  4.2880000e+000  2.0872315e-001  2.2056243e-001  2.2419459e-003
  4.2960000e+000  2.1781713e-001  2.2008562e-001 -4.8182269e-003
  4.3040000e+000  2.2274240e-001  2.1960984e-001  3.2797403e-004
  4.3120000e+000  2.0392591e-001  2.1913509e-001  2.7853598e-003
  4.3200000e+000  2.1784363e-001  2.1866136e-001  1.1321179e-003
  4.3280000e+000  2.2074969e-001  2.1818865e-001 -1.3257951e-002
  4.3360000e+000  2.1288782e-001  2.1771697e-001  5.4791050e-003
  4.3440000e+000  2.1243502e-001  2.1724631e-001  2.8804512e-003
  4.3520000e+000  2.1718291e-001  2.1677667e-001  4.5781627e-003
  4.3600000e+000  2.2178356e-001  2.1630804e-001  1.2435470e-002
  4.3680000e+000  2.0528026e-001  2.1584042e-001 -2.0625638e-003
  4.3760000e+000  2.0602257e-001  2.1537382e-001  1.1933962e-002
  4.3840000e+000  2.0578297e-001  2.1490822e-001 -8.8062460e-004
  4.3920000e+000  2.2929737e-001  2.1444363e-001 -7.6421998e-003
  4.4000000e+000  2.1267301e-001  2.1398005e-001 -8.7678761e-003
  4.4080000e+000  2.0039685e-001  2.1351746e-001  6.0844356e-003
  4.4160000e+000  2.0354677e-001  2.1305588e-001  9.0398498e-003
  4.4240000e+000  2.0738564e-001  2.1259530e-001 -7.7790451e-003
  4.4320000e+000  2.1566395e-001  2.1213571e-001 -1.7952582e-003
  4.4400000e+000  2.0332001e-001  2.1167711e-001  5.9655272e-003
  4.4480000e+000  2.0960956e-001  2.1121951e-001  3.4692041e-003
  4.4560000e+000  2.0195774e-001  2.1076289e-001  1.3960718e-002
  4.4640000e+000  2.0163583e-001  2.1030726e-001  4.5957921e-003
  4.4720000e+000  2.0658344e-001  2.0985262e-001 -5.2066087e-004
  4.4800000e+000  2.0833885e-001  2.0939896e-001  4.3070020e-003
  4.4880000e+000  2.0628619e-001  2.0894628e-001 -1.5027847e-004
  4.4960000e+000  2.0334158e-001  2.0849458e-001 -1.4978552e-002
  4.5040000e+000  1.9127137e-001  2.0804385e-001  1.0767668e-002
  4.5120000e+000  2.0183674e-001  2.0759410e-001 -6.6370398e-005
  4.5200000e+000  2.1243658e-001  2.0714532e-001  1.1100404e-002
  4.5280000e+000  1.9459543e-001  2.0669752e-001  3.0238292e-003
  4.5360000e+000  2.0059477e-001  2.0625068e-001  1.7372791e-003
  4.5440000e+000  1.8915604e-001  2.0580480e-001  1.1806490e-002
  4.5520000e+000  1.9610325e-001  2.0535989e-001  7.6077693e-003
  4.5600000e+000  2.0876359e-001  2.0491594e-001 -4.5058781e-003
  4.5680000e+000  2.0495684e-001  2.0447296e-001 -6.3763202e-003
  4.5760000e+000  1.9976082e-001  2.0403093e-001 -1.2571664e-002
  4.5840000e+000  2.1016126e-001  2.0358985e-001 -4.8027892e-003
  4.5920000e+000  1.9731873e-001  2.0314973e-001  2.4677229e-003
  4.6000000e+000  1.9906538e-001  2.0271056e-001 -1.6654377e-003
  4.6080000e+000  1.9445642e-001  2.0227234e-001 -6.3578572e-003
  4.6160000e+000  2.0199460e-001  2.0183507e-001  8.3929017e-004
  4.6240000e+000  2.0832810e-001  2.0139874e-001  7.8184946e-003
  4.6320000e+000  2.0527762e-001  2.0096335e-001  8.6984356e-003
  4.6400000e+000  1.9746239e-001  2.0052891e-001  7.2511581e-003
  4.6480000e+000  1.9719114e-001  2.0009540e-001  1.7017066e-004
  4.6560000e+000  2.0237925e-001  1.9966284e-001  1.0140790e-002
  4.6640000e+000  2.0128438e-001  1.9923121e-001 -3.3900447e-003
  4.6720000e+000  2.0393522e-001  1.9880051e-001 -1.0760902e-002
  4.6800000e+000  2.0287120e-001  1.9837074e-001  7.7739707e-003
  4.6880000e+000  2.0455720e-001  1.9794190e-001  2.1538394e-003
  4.6960000e+000  2.0798341e-001  1.9751399e-001  8.7392147e-003
  4.7040000e+000  2.0732741e-001  1.9708700e-001  1.6133323e-006
  4.7120000e+000  1.9934601e-001  1.9666094e-001  5.3934624e-003
  4.7200000e+000  1.9151456e-001  1.9623579e-001  1.0048187e-002
  4.7280000e+000  1.8189036e-001  1.9581157e-001  6.0750682e-003
  4.7360000e+000  2.0605270e-001  1.9538826e-001  3.9640645e-003
  4.7440000e+000  1.9188534e-001  1.9496587e-001 -2.3094509e-003
  4.7520000e+000  2.0263073e-001  1.9454440e-001  3.9208861e-003
  4.7600000e+000  1.8804328e-001  1.9412383e-001  9.3484015e-003
  4.7680000e+000  1.8688140e-001  1.9370417e-001 -6.1212796e-003
  4.7760000e+000  1.8622417e-001  1.9328542e-001  1.4332159e-002
  4.7840000e+000  1.9714744e-001  1.9286757e-001  8.6004015e-005
  4.7920000e+000  2.1172219e-001  1.9245063e-001 -3.3017081e-003
  4.8000000e+000  1.9383115e-001  1.9203459e-001  6.7699581e-003
  4.8080000e+000  2.0475150e-001  1.9161945e-001  8.2839127e-004
  4.8160000e+000  1.8629598e-001  1.9120521e-001  5.9118924e-003
  4.8240000e+000  2.0575776e-001  1.9079186e-001  1.4329109e-003
  4.8320000e+000  1.9646068e-001  1.9037940e-001  1.9143169e-003
  4.8400000e+000  1.8895072e-001  1.8996784e-001  7.8371782e-003
  4.8480000e+000  1.8355373e-001  1.8955717e-001  1.0195924e-002
  4.8560000e+000  2.0577412e-001  1.8914738e-001  1.0878189e-003
  4.8640000e+000  1.9651855e-001  1.8873848e-001  1.1885769e-002
  4.8720000e+000  1.9024697e-001  1.8833047e-001  8.3329349e-003
  4.8800000e+000  1.9576671e-001  1.8792333e-001  3.0159006e-003
  4.8880000e+000  1.7882705e-001  1.8751708e-001  2.2037312e-003
  4.8960000e+000  1.8698841e-001  1.8711170e-001  1.7158619e-003
  4.9040000e+000  1.8746026e-001  1.8670720e-001  7.4342387e-003
  4.9120000e+000  1.8507562e-001  1.8630358e-001  6.5230998e-003
  4.9200000e+000  1.9014399e-001  1.8590083e-001  1.1937781e-002
  4.9280000e+000  1.9015588e-001  1.8549895e-001  1.7658055e-002
  4.9360000e+000  1.9516043e-001  1.8509793e-001  2.8178482e-002
  4.9440000e+000  1.8592695e-001  1.8469779e-001 -5.9067704e-003
  4.9520000e+000  1.6558019e-001  1.8429851e-001 -4.2774936e-003
  4.9600000e+000  1.7124526e-001  1.8390009e-001  9.2223378e-003
  4.9680000e+000  1.8224111e-001  1.8350253e-001 -2.3535721e-003
  4.9760000e+000  1.9250371e-001  1.8310584e-001 -4.9680895e-003
  4.9840000e+000  1.9189641e-001  1.8271000e-001  8.6734856e-003
  4.9920000e+000  2.0423411e-001  1.8231501e-001  2.3253335e-003
  5.0000000e+000  1.9755604e-001  1.8192088e-001  2.9555405e-003
  5.0080000e+000  1.7379542e-001  1.8152761e-001  1.2072481e-002
  5.0160000e+000  1.7819022e-001  1.8113518e-001 -1.5667029e-003
  5.0240000e+000  1.7539439e-001  1.8074360e-001  9.1499878e-003
  5.0320000e+000  1.9295198e-001  1.8035287e-001 -9.2855601e-003
  5.0400000e+000  1.8817643e-001  1.7996298e-001 -2.7261253e-003
  5.0480000e+000  1.7151261e-001  1.7957394e-001 -7.5763155e-004
  5.0560000e+000  1.6257065e-001  1.7918573e-001 -9.3867762e-003
  5.0640000e+000  1.9139467e-001  1.7879837e-001 -2.0224730e-004
  5.0720000e+000  1.8580843e-001  1.7841184e-001  1.7859031e-002
  5.0800000e+000  1.7596016e-001  1.7802615e-001  2.4402438e-003
  5.0880000e+000  1.9732771e-001  1.7764129e-001  8.8472263e-003
  5.0960000e+000  1.8940896e-001  1.7725727e-001  1.3666622e-002
  5.1040000e+000  1.7053841e-001  1.7687407e-001  7.4674124e-003
  5.1120000e+000  1.9489404e-001  1.7649170e-001  3.0847266e-003
  5.1200000e+000  1.8583206e-001  1.7611016e-001 -8.8541007e-004
  5.1280000e+000  1.7685641e-001  1.7572945e-001 -3.9480659e-004
  5.1360000e+000  1.7978671e-001  1.7534955e-001  3.0054338e-003
  5.1440000e+000  1.5956364e-001  1.7497048e-001  1.5756785e-002
  5.1520000e+000  1.8631863e-001  1.7459223e-001 -1.0703317e-003
  5.1600000e+000  1.8748333e-001  1.7421480e-001  6.1055064e-003
  5.1680000e+000  1.8180381e-001  1.7383818e-001  8.2982017e-003
  5.1760000e+000  1.7691190e-001  1.7346237e-001 -1.4686225e-002
  5.1840000e+000  1.6864396e-001  1.7308738e-001  1.4427123e-002
  5.1920000e+000  1.7828784e-001  1.7271320e-001 -6.8903482e-003
  5.2000000e+000  1.7642172e-001  1.7233983e-001  4.9223236e-003
  5.2080000e+000  1.6007949e-001  1.7196726e-001  1.4999672e-003
  5.2160000e+000  1.8781716e-001  1.7159550e-001 -2.6688559e-003
  5.2240000e+000  1.6236605e-001  1.7122455e-001  1.2884480e-003
  5.2320000e+000  1.9339822e-001  1.7085439e-001  5.5097846e-004
  5.2400000e+000  1.8124118e-001  1.7048504e-001  7.1250834e-003
  5.2480000e+000  1.7730326e-001  1.7011648e-001 -2.2828773e-003
  5.2560000e+000  1.7171800e-001  1.6974872e-001  1.8360980e-002
  5.2640000e+000  1.8785859e-001  1.6938176e-001  3.4934656e-003
  5.2720000e+000  1.7170836e-001  1.6901559e-001  8.3154266e-003
  5.2800000e+000  1.8555874e-001  1.6865021e-001  6.1135055e-003
  5.2880000e+000  1.6318748e-001  1.6828562e-001 -4.1247960e-003
  5.2960000e+000  1.8126821e-001  1.6792182e-001 -3.0498015e-005
  5.3040000e+000  1.7538341e-001  1.6755881e-001  1.9098148e-002
  5.3120000e+000  1.7930225e-001  1.6719658e-001  7.4529623e-003
  5.3200000e+000  1.7003804e-001  1.6683513e-001  4.5887580e-003
  5.3280000e+000  1.6702901e-001  1.6647447e-001 -5.2890163e-004
  5.3360000e+000  1.6949154e-001  1.6611458e-001  5.0097180e-003
  5.3440000e+000  1.7236155e-001  1.6575547e-001 -3.7547298e-003
  5.3520000e+000  1.6277616e-001  1.6539714e-001  1.4616455e-002
  5.3600000e+000  1.6441780e-001  1.6503959e-001 -2.9307160e-003
  5.3680000e+000  1.6829497e-001  1.6468280e-001  1.0024135e-002
  5.3760000e+000  1.5842513e-001  1.6432679e-001  1.8460177e-004
  5.3840000e+000  1.7853147e-001  1.6397155e-001  2.3622151e-003
  5.3920000e+000  1.6410433e-001  1.6361707e-001 -6.1608135e-003
  5.4000000e+000  1.7279868e-001  1.6326337e-001  4.4860377e-003
  5.4080000e+000  1.6886829e-001  1.6291042e-001 -7.9208969e-003
  5.4160000e+000  1.6745191e-001  1.6255824e-001  2.9637548e-003
  5.4240000e+000  1.7856240e-001  1.6220682e-001  1.2548926e-002
  5.4320000e+000  1.7535497e-001  1.6185616e-001  7.9855700e-003
  5.4400000e+000  1.6074784e-001  1.6150626e-001  1.2973291e-004
  5.4480000e+000  1.6207278e-001  1.6115712e-001  9.1172455e-003
  5.4560000e+000  1.6071503e-001  1.6080873e-001 -3.3418251e-004
  5.4640000e+000  1.5956271e-001  1.6046109e-001  4.5658599e-003
  5.4720000e+000  1.6827971e-001  1.6011420e-001  2.9460237e-003
  5.4800000e+000  1.5564155e-001  1.5976807e-001 -3.2954285e-003
  5.4880000e+000  1.6628277e-001  1.5942268e-001  7.6692106e-003
  5.4960000e+000  1.5884948e-001  1.5907804e-001  2.4385372e-003
  5.5040000e+000  1.7144490e-001  1.5873414e-001  6.8086539e-003
  5.5120000e+000  1.5566206e-001  1.5839099e-001  1.1978600e-002
  5.5200000e+000  1.5467911e-001  1.5804858e-001 -1.8035337e-003
  5.5280000e+000  1.8247762e-001  1.5770691e-001  2.1783900e-004
  5.5360000e+000  1.6403714e-001  1.5736598e-001  4.5508026e-003
  5.5440000e+000  1.6306281e-001  1.5702579e-001  1.3962655e-002
  5.5520000e+000  1.6287891e-001  1.5668633e-001  1.0044277e-002
  5.5600000e+000  1.5924446e-001  1.5634760e-001  1.2359936e-002
  5.5680000e+000  1.5374127e-001  1.5600961e-001  4.3235247e-003
  5.5760000e+000  1.3673281e-001  1.5567235e-001  1.1017365e-002
  5.5840000e+000  1.4355863e-001  1.5533581e-001  1.3228324e-002
  5.5920000e+000  1.7078101e-001  1.5500001e-001  3.9658646e-003
  5.6000000e+000  1.5602798e-001  1.5466493e-001 -2.6859504e-003
  5.6080000e+000  1.5028994e-001  1.5433057e-001  9.1807511e-003
  5.6160000e+000  1.5713243e-001  1.5399694e-001  8.7983014e-003
  5.6240000e+000  1.4258667e-001  1.5366403e-001  1.2347232e-003
  5.6320000e+000  1.5416076e-001  1.5333184e-001  2.2022059e-003
  5.6400000e+000  1.5866997e-001  1.5300036e-001  9.4076194e-004
  5.6480000e+000  1.4490720e-001  1.5266961e-001  5.6021503e-003
  5.6560000e+000  1.4597025e-001  1.5233956e-001  1.2194238e-002
  5.6640000e+000  1.5273829e-001  1.5201024e-001  2.5477453e-003
  5.6720000e+000  1.5593441e-001  1.5168162e-001  8.9800109e-003
  5.6800000e+000  1.5290493e-001  1.5135371e-001  1.1547785e-002
  5.6880000e+000  1.4309046e-001  1.5102652e-001  1.3017580e-002
  5.6960000e+000  1.5558458e-001  1.5070003e-001  1.3379568e-002
  5.7040000e+000  1.4829070e-001  1.5037424e-001  8.0918139e-003
  5.7120000e+000  1.3602756e-001  1.5004916e-001  1.1575030e-003
  5.7200000e+000  1.5112241e-001  1.4972478e-001 -2.6715042e-003
  5.7280000e+000  1.4122876e-001  1.4940111e-001 -3.7825680e-003
  5.7360000e+000  1.3977977e-001  1.4907813e-001 -1.1555182e-002
  5.7440000e+000  1.5557278e-001  1.4875586e-001  2.2516038e-002
  5.7520000e+000  1.6055390e-001  1.4843427e-001  1.0114168e-002
  5.7600000e+000  1.4211668e-001  1.4811339e-001 -4.5239550e-003
  5.7680000e+000  1.5189951e-001  1.4779320e-001  7.9400784e-004
  5.7760000e+000  1.3615492e-001  1.4747370e-001 -8.4492985e-004
  5.7840000e+000  1.3375939e-001  1.4715489e-001 -1.6741145e-002
  5.7920000e+000  1.4808610e-001  1.4683677e-001  3.4504853e-003
  5.8000000e+000  1.4452157e-001  1.4651933e-001  3.6706450e-005
  5.8080000e+000  1.4821300e-001  1.4620259e-001  1.3926444e-002
  5.8160000e+000  1.4487913e-001  1.4588653e-001  4.8931396e-003
  5.8240000e+000  1.4348356e-001  1.4557115e-001 -1.2869188e-003
  5.8320000e+000  1.4392087e-001  1.4525645e-001  4.3637593e-003
  5.8400000e+000  1.3864738e-001  1.4494244e-001 -1.9250690e-003
  5.8480000e+000  1.3165603e-001  1.4462910e-001  1.5412417e-002
  5.8560000e+000  1.2113205e-001  1.4431644e-001  1.9989956e-002
  5.8640000e+000  1.5425225e-001  1.4400445e-001 -2.0008869e-003
  5.8720000e+000  1.3299265e-001  1.4369314e-001  2.8712579e-002
  5.8800000e+000  1.4796647e-001  1.4338251e-001  5.2536312e-003
  5.8880000e+000  1.3035918e-001  1.4307254e-001 -4.0905472e-004
  5.8960000e+000  1.3909680e-001  1.4276325e-001  6.8333568e-003
  5.9040000e+000  1.3444831e-001  1.4245462e-001  9.0787630e-003
