 -1.2800000e-001  9.2685195e-001  7.1900479e-001 -1.3436666e-001
 -1.2000000e-001  9.3663290e-001  7.1746663e-001 -1.0320824e-001
 -1.1200000e-001  9.3303924e-001  7.1593176e-001 -1.0843962e-001
 -1.0400000e-001  9.4625364e-001  7.1440018e-001 -7.8941184e-002
 -9.6000000e-002  9.5252433e-001  7.1287187e-001 -6.8302103e-002
 -8.8000000e-002  9.3834619e-001  7.1134683e-001 -7.3925279e-002
 -8.0000000e-002  9.4945449e-001  7.0982505e-001 -4.7988030e-002
 -7.2000000e-002  9.5130975e-001  7.0830653e-001 -6.3730736e-002
 -6.4000000e-002  9.4549916e-001  7.0679126e-001 -5.6991719e-002
 -5.6000000e-002  9.6356067e-001  7.0527923e-001 -5.0077337e-002
 -4.8000000e-002  9.6684149e-001  7.0377043e-001 -3.3596798e-002
 -4.0000000e-002  9.7430808e-001  7.0226486e-001 -3.9863279e-002
 -3.2000000e-002  9.7336912e-001  7.0076252e-001 -4.4820331e-002
 -2.4000000e-002  9.8399790e-001  6.9926338e-001 -3.4533255e-002
 -1.6000000e-002  9.8185436e-001  6.9776746e-001 -3.4596412e-002
 -8.0000000e-003  1.0000000e+000  6.9627473e-001 -3.7073244e-002
  0.0000000e+000  9.6620334e-001  6.9478520e-001 -3.1880195e-002
  8.0000000e-003  9.7221455e-001  6.9329885e-001 -2.3298568e-002
  1.6000000e-002  9.6421580e-001  6.9181569e-001 -3.8236587e-002
  2.4000000e-002  9.6717679e-001  6.9033569e-001 -3.1972654e-002
  3.2000000e-002  9.6957653e-001  6.8885887e-001 -2.2046683e-002
  4.0000000e-002  9.7377223e-001  6.8738520e-001 -3.4948112e-002
  4.8000000e-002  9.6678845e-001  6.8591468e-001 -8.5545174e-003
  5.6000000e-002  9.5170386e-001  6.8444731e-001 -1.4331261e-002
  6.4000000e-002  9.5536320e-001  6.8298308e-001 -1.2311186e-002
  7.2000000e-002  9.4577402e-001  6.8152198e-001 -3.6144347e-002
  8.0000000e-002  9.3447167e-001  6.8006401e-001 -2.0439127e-002
  8.8000000e-002  9.4350869e-001  6.7860916e-001 -3.7283672e-002
  9.6000000e-002  9.4063724e-001  6.7715742e-001 -2.2251542e-002
  1.0400000e-001  9.3919630e-001  6.7570878e-001 -3.6412432e-002
  1.1200000e-001  9.3001290e-001  6.7426325e-001 -1.0800825e-002
  1.2000000e-001  9.3359777e-001  6.7282080e-001 -1.6769263e-002
  1.2800000e-001  9.1942530e-001  6.7138144e-001 -2.8305885e-002
  1.3600000e-001  9.3632595e-001  6.6994516e-001 -2.3763323e-002
  1.4400000e-001  9.2438345e-001  6.6851196e-001 -1.1535414e-002
  1.5200000e-001  9.1429215e-001  6.6708182e-001 -2.1915221e-002
  1.6000000e-001  9.0211262e-001  6.6565474e-001 -1.7651341e-002
  1.6800000e-001  9.1106527e-001  6.6423071e-001 -1.5895100e-002
  1.7600000e-001  9.0644097e-001  6.6280973e-001 -2.2165642e-002
  1.8400000e-001  9.0613030e-001  6.6139179e-001 -1.9100505e-002
  1.9200000e-001  8.9665469e-001  6.5997688e-001 -3.2106309e-002
  2.0000000e-001  8.7495037e-001  6.5856500e-001 -2.4556842e-002
  2.0800000e-001  8.7688410e-001  6.5715614e-001 -2.4866761e-002
  2.1600000e-001  8.6225032e-001  6.5575029e-001 -8.0719917e-003
  2.2400000e-001  8.8012236e-001  6.5434745e-001 -1.5720020e-002
  2.3200000e-001  8.8437966e-001  6.5294761e-001 -1.4116570e-002
  2.4000000e-001  8.5629532e-001  6.5155077e-001 -1.4510572e-002
  2.4800000e-001  8.6874467e-001  6.5015691e-001 -1.8739330e-002
  2.5600000e-001  8.7194951e-001  6.4876604e-001 -3.5954067e-002
  2.6400000e-001  8.5379687e-001  6.4737814e-001 -1.4314861e-002
  2.7200000e-001  8.4706782e-001  6.4599321e-001 -3.0366478e-002
  2.8000000e-001  8.4523125e-001  6.4461125e-001 -1.3037448e-002
  2.8800000e-001  8.3579032e-001  6.4323224e-001 -2.8983499e-002
  2.9600000e-001  8.4143006e-001  6.4185618e-001 -2.5455829e-002
  3.0400000e-001  8.3654406e-001  6.4048306e-001 -1.1133102e-002
  3.1200000e-001  8.2844386e-001  6.3911288e-001 -1.9752630e-002
  3.2000000e-001  8.1909437e-001  6.3774564e-001 -2.3150733e-002
  3.2800000e-001  8.0774493e-001  6.3638131e-001 -1.6606981e-002
  3.3600000e-001  8.0639635e-001  6.3501991e-001 -1.8308334e-002
  3.4400000e-001  8.2682852e-001  6.3366142e-001 -3.2543214e-002
  3.5200000e-001  7.9686792e-001  6.3230584e-001 -1.0165761e-002
  3.6000000e-001  8.0302809e-001  6.3095315e-001 -1.9649422e-002
  3.6800000e-001  7.8814775e-001  6.2960336e-001 -1.6868970e-002
  3.7600000e-001  7.9130977e-001  6.2825646e-001 -2.1624863e-002
  3.8400000e-001  8.0488923e-001  6.2691243e-001 -2.1120993e-002
  3.9200000e-001  7.9742759e-001  6.2557129e-001 -2.3854746e-002
  4.0000000e-001  7.6905806e-001  6.2423301e-001 -1.0326993e-002
  4.0800000e-001  7.5860464e-001  6.2289760e-001 -1.9583665e-002
  4.1600000e-001  7.7187833e-001  6.2156504e-001 -2.4648705e-002
  4.2400000e-001  7.7738860e-001  6.2023533e-001 -2.9290757e-002
  4.3200000e-001  7.4987025e-001  6.1890847e-001 -2.1133570e-002
  4.4000000e-001  7.5395420e-001  6.1758444e-001 -8.3375658e-003
  4.4800000e-001  7.5438160e-001  6.1626325e-001 -6.0090647e-003
  4.5600000e-001  7.5700606e-001  6.1494489e-001 -2.5148170e-002
  4.6400000e-001  7.4717422e-001  6.1362934e-001 -1.5506677e-003
  4.7200000e-001  7.4242012e-001  6.1231661e-001 -4.6993489e-003
  4.8000000e-001  7.4159456e-001  6.1100669e-001 -1.3819860e-002
  4.8800000e-001  7.3330730e-001  6.0969957e-001 -2.1892882e-002
  4.9600000e-001  7.2933605e-001  6.0839525e-001 -1.2175394e-002
  5.0400000e-001  7.1100685e-001  6.0709371e-001 -1.1461379e-002
  5.1200000e-001  7.1719095e-001  6.0579496e-001 -1.0671312e-002
  5.2000000e-001  7.3366199e-001  6.0449899e-001 -2.4002591e-002
  5.2800000e-001  6.9758503e-001  6.0320580e-001 -1.2092257e-002
  5.3600000e-001  7.0641465e-001  6.0191536e-001 -2.3914664e-002
  5.4400000e-001  6.9352373e-001  6.0062769e-001 -1.1729751e-002
  5.5200000e-001  6.9774687e-001  5.9934278e-001 -2.1539227e-002
  5.6000000e-001  6.8376454e-001  5.9806061e-001 -3.7811289e-003
  5.6800000e-001  6.9172810e-001  5.9678119e-001 -1.5950780e-002
  5.7600000e-001  6.7265507e-001  5.9550450e-001  6.2832578e-003
  5.8400000e-001  6.7633823e-001  5.9423054e-001 -1.6130787e-002
  5.9200000e-001  6.7608631e-001  5.9295931e-001 -8.2627654e-003
  6.0000000e-001  6.6341856e-001  5.9169080e-001 -1.5909726e-002
  6.0800000e-001  6.5609191e-001  5.9042500e-001 -3.8757100e-003
  6.1600000e-001  6.6619139e-001  5.8916191e-001 -3.1876007e-003
  6.2400000e-001  6.5619268e-001  5.8790153e-001 -1.5999775e-002
  6.3200000e-001  6.4894814e-001  5.8664383e-001 -9.2462720e-003
  6.4000000e-001  6.4277603e-001  5.8538883e-001 -1.7669797e-003
  6.4800000e-001  6.4035728e-001  5.8413652e-001 -1.2460742e-003
  6.5600000e-001  6.4002906e-001  5.8288688e-001 -9.3948514e-003
  6.6400000e-001  6.3813672e-001  5.8163992e-001 -1.0761531e-002
  6.7200000e-001  6.4092722e-001  5.8039562e-001 -1.6315716e-002
  6.8000000e-001  6.2638746e-001  5.7915399e-001 -5.3627653e-003
  6.8800000e-001  6.2530593e-001  5.7791501e-001 -1.1903411e-002
  6.9600000e-001  6.0872442e-001  5.7667868e-001 -1.1069030e-002
  7.0400000e-001  6.3514373e-001  5.7544500e-001 -2.5333219e-004
  7.1200000e-001  6.0994268e-001  5.7421396e-001  1.6551256e-003
  7.2000000e-001  6.1495824e-001  5.7298555e-001 -1.6100503e-002
  7.2800000e-001  6.1643928e-001  5.7175977e-001 -2.0988696e-002
  7.3600000e-001  5.9074705e-001  5.7053661e-001 -2.0118366e-002
  7.4400000e-001  6.0718616e-001  5.6931607e-001 -1.4409765e-002
  7.5200000e-001  5.8559663e-001  5.6809813e-001 -7.1062388e-003
  7.6000000e-001  5.8252124e-001  5.6688281e-001 -1.6161961e-002
  7.6800000e-001  5.7436511e-001  5.6567008e-001 -8.2680626e-003
  7.7600000e-001  5.8071441e-001  5.6445995e-001 -1.2598213e-002
  7.8400000e-001  5.9112671e-001  5.6325241e-001 -5.2687405e-003
  7.9200000e-001  5.7014738e-001  5.6204745e-001 -1.1743970e-003
  8.0000000e-001  5.6960686e-001  5.6084507e-001  8.3555469e-004
  8.0800000e-001  5.7333546e-001  5.5964526e-001  1.1254899e-003
  8.1600000e-001  5.6134787e-001  5.5844801e-001 -7.8171813e-003
  8.2400000e-001  5.7154590e-001  5.5725333e-001 -9.4668991e-003
  8.3200000e-001  5.6381653e-001  5.5606121e-001 -8.6694356e-003
  8.4000000e-001  5.6876094e-001  5.5487163e-001 -4.3066579e-003
  8.4800000e-001  5.5244473e-001  5.5368460e-001 -4.9976327e-003
  8.5600000e-001  5.6676060e-001  5.5250011e-001 -1.5899969e-002
  8.6400000e-001  5.5447589e-001  5.5131815e-001 -1.4217850e-002
  8.7200000e-001  5.5446211e-001  5.5013872e-001 -1.5093629e-002
  8.8000000e-001  5.4079659e-001  5.4896182e-001 -1.8690117e-002
  8.8800000e-001  5.6020854e-001  5.4778743e-001 -9.1458493e-003
  8.9600000e-001  5.3980501e-001  5.4661555e-001 -8.4468949e-003
  9.0400000e-001  5.3203111e-001  5.4544618e-001 -5.8845114e-005
  9.1200000e-001  5.3231358e-001  5.4427932e-001  4.5106095e-003
  9.2000000e-001  5.1804737e-001  5.4311495e-001  7.4659961e-004
  9.2800000e-001  5.3092936e-001  5.4195307e-001  2.0191447e-003
  9.3600000e-001  5.1016985e-001  5.4079367e-001 -9.4563056e-003
  9.4400000e-001  5.1449446e-001  5.3963676e-001 -1.4878826e-002
  9.5200000e-001  5.3227916e-001  5.3848232e-001  2.5456925e-003
  9.6000000e-001  5.2656632e-001  5.3733035e-001 -1.1851876e-002
  9.6800000e-001  5.1827659e-001  5.3618085e-001 -2.1209264e-002
  9.7600000e-001  5.2546948e-001  5.3503380e-001 -1.1822105e-002
  9.8400000e-001  5.0280180e-001  5.3388921e-001 -5.3033575e-003
  9.9200000e-001  5.1047865e-001  5.3274707e-001  9.7722157e-004
  1.0000000e+000  5.0365090e-001  5.3160737e-001 -3.4241313e-003
  1.0080000e+000  5.0101962e-001  5.3047010e-001 -4.9399699e-003
  1.0160000e+000  5.0565189e-001  5.2933528e-001  1.4423260e-003
  1.0240000e+000  4.9861735e-001  5.2820287e-001  7.5898005e-003
  1.0320000e+000  5.0147123e-001  5.2707290e-001 -7.3486252e-003
  1.0400000e+000  5.0559118e-001  5.2594533e-001  8.1999650e-003
  1.0480000e+000  4.8448141e-001  5.2482019e-001 -5.0067665e-003
  1.0560000e+000  5.0508230e-001  5.2369744e-001 -6.6411378e-003
  1.0640000e+000  4.8561355e-001  5.2257710e-001 -7.1577448e-003
  1.0720000e+000  4.8468417e-001  5.2145916e-001 -5.1805256e-003
  1.0800000e+000  4.8653174e-001  5.2034361e-001  4.6446861e-003
  1.0880000e+000  4.8411106e-001  5.1923044e-001  8.4151828e-004
  1.0960000e+000  4.8835103e-001  5.1811966e-001 -5.0457743e-003
  1.1040000e+000  4.9332703e-001  5.1701125e-001 -1.3210126e-002
  1.1120000e+000  4.7540324e-001  5.1590522e-001 -1.7594653e-002
  1.1200000e+000  4.7694100e-001  5.1480155e-001 -2.3598428e-002
  1.1280000e+000  4.9300041e-001  5.1370024e-001 -3.9562405e-003
  1.1360000e+000  4.6040779e-001  5.1260128e-001 -7.1320242e-003
  1.1440000e+000  4.6781703e-001  5.1150468e-001 -5.3854193e-003
  1.1520000e+000  4.8693334e-001  5.1041042e-001 -1.4573706e-002
  1.1600000e+000  4.7045022e-001  5.0931851e-001 -4.2448620e-003
  1.1680000e+000  4.7977530e-001  5.0822893e-001 -6.5575725e-003
  1.1760000e+000  4.8486398e-001  5.0714168e-001 -3.3990689e-004
  1.1840000e+000  4.6789332e-001  5.0605676e-001  1.9942752e-003
  1.1920000e+000  4.7262608e-001  5.0497416e-001 -1.1303577e-002
  1.2000000e+000  4.6498590e-001  5.0389387e-001 -5.9434706e-003
  1.2080000e+000  4.6603065e-001  5.0281590e-001 -6.7171352e-003
  1.2160000e+000  4.5847536e-001  5.0174023e-001 -6.7009175e-003
  1.2240000e+000  4.5049097e-001  5.0066686e-001 -1.1219240e-002
  1.2320000e+000  4.4847055e-001  4.9959579e-001 -1.3261187e-002
  1.2400000e+000  4.5277177e-001  4.9852701e-001 -2.5659351e-003
  1.2480000e+000  4.5557377e-001  4.9746052e-001  3.2826601e-004
  1.2560000e+000  4.5840085e-001  4.9639631e-001 -3.6148742e-003
  1.2640000e+000  4.7709436e-001  4.9533437e-001  1.1022173e-002
  1.2720000e+000  4.4966574e-001  4.9427471e-001 -1.5721180e-003
  1.2800000e+000  4.5211582e-001  4.9321731e-001 -6.6807374e-003
  1.2880000e+000  4.4103821e-001  4.9216218e-001 -5.2296702e-003
  1.2960000e+000  4.4424163e-001  4.9110930e-001 -1.3383832e-002
  1.3040000e+000  4.4875655e-001  4.9005867e-001 -8.8364075e-004
  1.3120000e+000  4.4144960e-001  4.8901030e-001 -1.4944245e-002
  1.3200000e+000  4.3246317e-001  4.8796416e-001 -3.2173112e-003
  1.3280000e+000  4.3673629e-001  4.8692027e-001 -4.3997203e-003
  1.3360000e+000  4.3199560e-001  4.8587860e-001 -1.1035968e-002
  1.3440000e+000  4.2769416e-001  4.8483917e-001  1.3366755e-002
  1.3520000e+000  4.5131380e-001  4.8380196e-001  5.3324528e-004
  1.3600000e+000  4.3892888e-001  4.8276697e-001 -8.6019922e-004
  1.3680000e+000  4.4365905e-001  4.8173419e-001  4.7544113e-003
  1.3760000e+000  4.3464114e-001  4.8070362e-001 -7.7550764e-003
  1.3840000e+000  4.1687688e-001  4.7967526e-001  1.0010401e-002
  1.3920000e+000  4.3990411e-001  4.7864909e-001 -6.6557760e-003
  1.4000000e+000  4.2720974e-001  4.7762512e-001 -6.1106160e-003
  1.4080000e+000  4.3810852e-001  4.7660335e-001 -2.0037144e-003
  1.4160000e+000  4.3090352e-001  4.7558375e-001  2.4742642e-003
  1.4240000e+000  4.2278749e-001  4.7456634e-001  1.9079933e-003
  1.4320000e+000  4.3308592e-001  4.7355111e-001 -2.5629091e-004
  1.4400000e+000  4.3051833e-001  4.7253804e-001 -1.2447639e-003
  1.4480000e+000  4.2451867e-001  4.7152715e-001 -4.3069444e-003
  1.4560000e+000  4.1899428e-001  4.7051842e-001 -1.2642998e-002
  1.4640000e+000  4.2950078e-001  4.6951184e-001 -6.2278252e-003
  1.4720000e+000  4.2651337e-001  4.6850742e-001 -5.9833061e-003
  1.4800000e+000  4.2880027e-001  4.6750515e-001 -1.6023164e-002
  1.4880000e+000  4.2304070e-001  4.6650502e-001 -8.7282786e-003
  1.4960000e+000  4.3083464e-001  4.6550703e-001 -1.0177999e-002
  1.5040000e+000  4.1732809e-001  4.6451118e-001 -2.3644525e-003
  1.5120000e+000  4.1086528e-001  4.6351745e-001 -1.4461114e-002
  1.5200000e+000  4.2878580e-001  4.6252585e-001 -1.4317542e-002
  1.5280000e+000  4.2025371e-001  4.6153638e-001 -1.1327628e-002
  1.5360000e+000  4.0763618e-001  4.6054902e-001  1.3982514e-002
  1.5440000e+000  4.1435658e-001  4.5956377e-001 -7.8430280e-003
  1.5520000e+000  4.0774998e-001  4.5858063e-001  4.4516349e-003
  1.5600000e+000  4.1795660e-001  4.5759960e-001 -3.6883563e-003
  1.5680000e+000  4.1886459e-001  4.5662066e-001  1.1231015e-002
  1.5760000e+000  4.1940323e-001  4.5564381e-001  8.1418690e-003
  1.5840000e+000  4.2238613e-001  4.5466906e-001  8.0520302e-004
  1.5920000e+000  4.1447266e-001  4.5369639e-001  2.2886020e-003
  1.6000000e+000  4.1075530e-001  4.5272580e-001 -3.6777926e-003
  1.6080000e+000  4.1334420e-001  4.5175729e-001 -6.0739025e-003
  1.6160000e+000  4.1571300e-001  4.5079085e-001 -1.0570793e-002
  1.6240000e+000  4.0921388e-001  4.4982648e-001 -7.3295532e-003
  1.6320000e+000  4.2124970e-001  4.4886417e-001 -3.4187624e-003
  1.6400000e+000  4.2235658e-001  4.4790392e-001 -4.3986122e-003
  1.6480000e+000  4.1944348e-001  4.4694573e-001  7.4668241e-005
  1.6560000e+000  3.9148905e-001  4.4598958e-001 -5.3384137e-003
  1.6640000e+000  4.0947157e-001  4.4503548e-001 -1.3982037e-002
  1.6720000e+000  4.1815036e-001  4.4408342e-001  8.0102039e-005
  1.6800000e+000  4.0410184e-001  4.4313340e-001 -6.9442135e-003
  1.6880000e+000  4.1534634e-001  4.4218541e-001 -3.8401228e-003
  1.6960000e+000  4.1414433e-001  4.4123945e-001  4.7536263e-003
  1.7040000e+000  3.9991648e-001  4.4029551e-001  3.5599271e-003
  1.7120000e+000  4.1457262e-001  4.3935359e-001 -1.4187035e-002
  1.7200000e+000  4.0347337e-001  4.3841368e-001  6.5995767e-003
  1.7280000e+000  3.9759948e-001  4.3747579e-001  4.1594266e-003
  1.7360000e+000  4.0066981e-001  4.3653990e-001  2.0371209e-003
  1.7440000e+000  3.9847950e-001  4.3560602e-001 -1.4572546e-002
  1.7520000e+000  4.1400859e-001  4.3467413e-001 -9.0866244e-003
  1.7600000e+000  4.0904738e-001  4.3374424e-001 -2.7566736e-003
  1.7680000e+000  4.0306844e-001  4.3281633e-001 -6.2748896e-003
  1.7760000e+000  4.0423362e-001  4.3189041e-001  7.7019354e-004
  1.7840000e+000  3.9567851e-001  4.3096648e-001  1.5406615e-003
  1.7920000e+000  4.1813702e-001  4.3004451e-001 -9.6347198e-003
  1.8000000e+000  4.0065259e-001  4.2912452e-001 -1.9351805e-002
  1.8080000e+000  4.1125450e-001  4.2820650e-001 -6.2920891e-003
  1.8160000e+000  4.0744847e-001  4.2729045e-001  3.4448287e-003
  1.8240000e+000  3.9457294e-001  4.2637635e-001 -1.2441791e-002
  1.8320000e+000  3.9661198e-001  4.2546421e-001 -1.2964819e-002
  1.8400000e+000  4.1532012e-001  4.2455402e-001 -6.0214730e-003
  1.8480000e+000  4.2356766e-001  4.2364577e-001  6.0448721e-003
  1.8560000e+000  4.0554271e-001  4.2273947e-001  4.1648851e-003
  1.8640000e+000  4.0980626e-001  4.2183511e-001 -2.9941799e-003
  1.8720000e+000  4.0754031e-001  4.2093268e-001 -3.8530360e-003
  1.8800000e+000  4.0145675e-001  4.2003219e-001  2.4744953e-003
  1.8880000e+000  3.9373657e-001  4.1913362e-001 -1.0576100e-002
  1.8960000e+000  3.9831235e-001  4.1823697e-001  1.5684352e-003
  1.9040000e+000  3.9526406e-001  4.1734224e-001  2.2139588e-003
  1.9120000e+000  3.9548556e-001  4.1644942e-001  6.1156435e-003
  1.9200000e+000  3.9863069e-001  4.1555852e-001 -9.9157122e-003
  1.9280000e+000  4.0393222e-001  4.1466952e-001 -1.0850414e-002
  1.9360000e+000  4.1051651e-001  4.1378242e-001 -5.9499232e-003
  1.9440000e+000  3.8987641e-001  4.1289722e-001 -6.3878923e-003
  1.9520000e+000  4.0343046e-001  4.1201391e-001 -4.9410584e-003
  1.9600000e+000  3.8826012e-001  4.1113250e-001  4.5386842e-004
  1.9680000e+000  4.0340016e-001  4.1025296e-001  4.9926883e-004
  1.9760000e+000  3.9613043e-001  4.0937531e-001 -7.2729814e-003
  1.9840000e+000  4.1412767e-001  4.0849954e-001 -8.2620729e-003
  1.9920000e+000  4.0043245e-001  4.0762564e-001  2.1626956e-003
  2.0000000e+000  4.0862944e-001  4.0675362e-001 -9.6525582e-003
  2.0080000e+000  3.9760862e-001  4.0588345e-001  1.5219244e-002
  2.0160000e+000  4.1568330e-001  4.0501515e-001  1.4901746e-004
  2.0240000e+000  3.9535935e-001  4.0414871e-001 -2.1004698e-003
  2.0320000e+000  3.8841446e-001  4.0328411e-001 -1.1650624e-002
  2.0400000e+000  4.0627414e-001  4.0242137e-001  1.9008046e-003
  2.0480000e+000  3.9223655e-001  4.0156048e-001 -4.6733951e-003
  2.0560000e+000  3.9613979e-001  4.0070142e-001 -5.9683436e-003
  2.0640000e+000  3.9504122e-001  3.9984421e-001  9.2144485e-003
  2.0720000e+000  4.0030429e-001  3.9898883e-001 -3.6185640e-003
  2.0800000e+000  3.8824848e-001  3.9813527e-001  2.7299695e-003
  2.0880000e+000  3.9464326e-001  3.9728355e-001 -5.5627993e-003
  2.0960000e+000  4.0497136e-001  3.9643364e-001 -7.6024780e-003
  2.1040000e+000  3.9329396e-001  3.9558556e-001 -1.2501683e-002
  2.1120000e+000  3.8617019e-001  3.9473929e-001 -7.1014791e-003
  2.1200000e+000  3.8307708e-001  3.9389482e-001  7.1958691e-003
  2.1280000e+000  3.9131926e-001  3.9305217e-001 -1.0066657e-002
  2.1360000e+000  4.0219605e-001  3.9221132e-001  3.6996964e-003
  2.1440000e+000  4.1061477e-001  3.9137226e-001  7.3082436e-003
  2.1520000e+000  3.9207053e-001  3.9053501e-001 -5.2714513e-003
  2.1600000e+000  3.8796515e-001  3.8969954e-001 -5.1373722e-003
  2.1680000e+000  4.0116417e-001  3.8886586e-001  2.9118512e-003
  2.1760000e+000  3.8803702e-001  3.8803396e-001  4.8389894e-003
  2.1840000e+000  4.0263985e-001  3.8720385e-001 -7.2408708e-003
  2.1920000e+000  4.0316069e-001  3.8637550e-001 -1.8016689e-002
  2.2000000e+000  4.0263549e-001  3.8554894e-001 -1.1397285e-002
  2.2080000e+000  3.9289369e-001  3.8472413e-001  3.5622842e-003
  2.2160000e+000  3.9370130e-001  3.8390110e-001 -2.7525735e-003
  2.2240000e+000  4.0374649e-001  3.8307982e-001 -1.2571901e-002
  2.2320000e+000  3.9600724e-001  3.8226031e-001  1.3405736e-002
  2.2400000e+000  4.0967581e-001  3.8144254e-001 -4.9021464e-003
  2.2480000e+000  4.0243544e-001  3.8062652e-001 -5.2612944e-003
  2.2560000e+000  3.9638915e-001  3.7981225e-001  7.6631381e-004
  2.2640000e+000  3.8115508e-001  3.7899973e-001 -1.2512624e-002
  2.2720000e+000  3.8286259e-001  3.7818894e-001 -3.1426744e-003
  2.2800000e+000  3.7712781e-001  3.7737988e-001  3.5891831e-003
  2.2880000e+000  3.8450957e-001  3.7657256e-001  3.8260625e-003
  2.2960000e+000  3.8489747e-001  3.7576696e-001 -1.2508831e-002
  2.3040000e+000  3.8687063e-001  3.7496308e-001  9.6882995e-003
  2.3120000e+000  3.9880620e-001  3.7416093e-001  4.5710792e-003
  2.3200000e+000  3.9208454e-001  3.7336049e-001 -1.2701748e-002
  2.3280000e+000  3.9493990e-001  3.7256177e-001  3.9049545e-003
  2.3360000e+000  3.8435483e-001  3.7176475e-001 -1.8628708e-003
  2.3440000e+000  3.7373712e-001  3.7096944e-001 -3.0846903e-003
  2.3520000e+000  3.8394867e-001  3.7017583e-001 -2.3373140e-003
  2.3600000e+000  3.9946591e-001  3.6938391e-001 -4.6170979e-003
  2.3680000e+000  3.8306492e-001  3.6859369e-001  2.5070381e-005
  2.3760000e+000  3.8433740e-001  3.6780517e-001 -2.2172808e-003
  2.3840000e+000  3.9550160e-001  3.6701832e-001 -1.1721388e-003
  2.3920000e+000  3.8876338e-001  3.6623317e-001 -4.3216199e-003
  2.4000000e+000  3.8965182e-001  3.6544969e-001 -6.7618464e-003
  2.4080000e+000  3.9252724e-001  3.6466788e-001 -8.4430791e-003
  2.4160000e+000  3.7899467e-001  3.6388775e-001 -6.6748726e-004
  2.4240000e+000  3.8098301e-001  3.6310929e-001  3.3439636e-003
  2.4320000e+000  3.9032363e-001  3.6233250e-001 -5.9497518e-003
  2.4400000e+000  3.8312727e-001  3.6155736e-001  1.5702593e-003
  2.4480000e+000  3.7568362e-001  3.6078389e-001  8.6636505e-003
  2.4560000e+000  3.7979375e-001  3.6001207e-001  1.5836215e-002
  2.4640000e+000  3.7746863e-001  3.5924190e-001  1.0646529e-002
  2.4720000e+000  3.8975476e-001  3.5847338e-001 -1.5347382e-002
  2.4800000e+000  3.7803721e-001  3.5770650e-001 -2.0956284e-003
  2.4880000e+000  3.9302634e-001  3.5694126e-001 -7.2054243e-003
  2.4960000e+000  3.7964185e-001  3.5617766e-001  3.9729753e-003
  2.5040000e+000  3.8563220e-001  3.5541569e-001 -1.0622655e-002
  2.5120000e+000  3.7448620e-001  3.5465536e-001  6.6896361e-003
  2.5200000e+000  3.7309346e-001  3.5389665e-001  4.0206888e-003
  2.5280000e+000  3.7776644e-001  3.5313956e-001  3.3669504e-003
  2.5360000e+000  3.6982362e-001  3.5238409e-001  3.1195777e-003
  2.5440000e+000  3.7889314e-001  3.5163024e-001  9.4917356e-003
  2.5520000e+000  3.8639418e-001  3.5087800e-001 -2.4522644e-003
  2.5600000e+000  3.6639939e-001  3.5012737e-001 -3.1048348e-003
  2.5680000e+000  3.6386405e-001  3.4937835e-001  1.5722766e-003
  2.5760000e+000  3.8310119e-001  3.4863093e-001  2.3075772e-003
  2.5840000e+000  3.6240960e-001  3.4788510e-001 -2.8540692e-003
  2.5920000e+000  3.7285934e-001  3.4714088e-001  8.8075225e-003
  2.6000000e+000  3.7984095e-001  3.4639824e-001  9.8181242e-003
  2.6080000e+000  3.6131637e-001  3.4565720e-001  8.0214426e-003
  2.6160000e+000  3.7658374e-001  3.4491774e-001  2.0213472e-003
  2.6240000e+000  3.7640605e-001  3.4417986e-001 -6.5998912e-003
  2.6320000e+000  3.7508579e-001  3.4344356e-001 -1.3003026e-002
  2.6400000e+000  3.6571979e-001  3.4270883e-001 -9.8348934e-003
  2.6480000e+000  3.7648495e-001  3.4197568e-001 -1.0691606e-002
  2.6560000e+000  3.6561368e-001  3.4124410e-001  1.5050761e-003
  2.6640000e+000  3.7036161e-001  3.4051408e-001  1.2397588e-003
  2.6720000e+000  3.7125832e-001  3.3978562e-001 -8.7380254e-003
  2.6800000e+000  3.5882719e-001  3.3905872e-001  1.2620907e-002
  2.6880000e+000  3.5948131e-001  3.3833337e-001 -1.0581009e-002
  2.6960000e+000  3.6332846e-001  3.3760958e-001  1.3125888e-002
  2.7040000e+000  3.6366331e-001  3.3688734e-001 -1.3001852e-002
  2.7120000e+000  3.4308784e-001  3.3616664e-001 -9.3839538e-003
  2.7200000e+000  3.5882000e-001  3.3544748e-001 -5.6122129e-004
  2.7280000e+000  3.7023606e-001  3.3472986e-001  2.8805787e-003
  2.7360000e+000  3.7007941e-001  3.3401378e-001 -3.9886154e-004
  2.7440000e+000  3.6693592e-001  3.3329922e-001 -1.3689774e-002
  2.7520000e+000  3.6298152e-001  3.3258620e-001  4.5497853e-003
  2.7600000e+000  3.5171100e-001  3.3187470e-001 -5.4407045e-004
  2.7680000e+000  3.5267027e-001  3.3116473e-001 -4.6995918e-003
  2.7760000e+000  3.5661096e-001  3.3045627e-001 -9.7680619e-003
  2.7840000e+000  3.4870115e-001  3.2974933e-001  1.2076319e-002
  2.7920000e+000  3.6400488e-001  3.2904390e-001  8.2143889e-003
  2.8000000e+000  3.5888128e-001  3.2833998e-001 -4.0794354e-003
  2.8080000e+000  3.4668028e-001  3.2763757e-001  9.0856073e-003
  2.8160000e+000  3.5024465e-001  3.2693665e-001 -4.7357941e-003
  2.8240000e+000  3.5997477e-001  3.2623724e-001  1.0222413e-003
  2.8320000e+000  3.5684240e-001  3.2553933e-001 -6.9363850e-003
  2.8400000e+000  3.5263482e-001  3.2484290e-001  3.8416927e-003
  2.8480000e+000  3.6654288e-001  3.2414797e-001 -1.1965502e-002
  2.8560000e+000  3.4633023e-001  3.2345453e-001 -1.1361719e-002
  2.8640000e+000  3.4528720e-001  3.2276256e-001  7.6656490e-004
  2.8720000e+000  3.4057802e-001  3.2207208e-001 -4.7541311e-003
  2.8800000e+000  3.4509407e-001  3.2138308e-001  1.9396865e-003
  2.8880000e+000  3.4854128e-001  3.2069554e-001  5.4511267e-003
  2.8960000e+000  3.3556638e-001  3.2000948e-001 -3.0763635e-003
  2.9040000e+000  3.3163967e-001  3.1932489e-001 -1.1927474e-002
  2.9120000e+000  3.3947813e-001  3.1864176e-001  1.1875559e-002
  2.9200000e+000  3.4063945e-001  3.1796010e-001  1.1389068e-002
  2.9280000e+000  3.4292311e-001  3.1727989e-001 -9.8437581e-003
  2.9360000e+000  3.3753084e-001  3.1660113e-001 -8.7463629e-004
  2.9440000e+000  3.5429987e-001  3.1592383e-001  1.4832114e-003
  2.9520000e+000  3.3765547e-001  3.1524798e-001  3.4878292e-004
  2.9600000e+000  3.3781937e-001  3.1457357e-001 -5.2080871e-003
  2.9680000e+000  3.3567055e-001  3.1390061e-001  5.0084713e-003
  2.9760000e+000  3.3088321e-001  3.1322909e-001  5.8168982e-003
  2.9840000e+000  3.2662957e-001  3.1255900e-001  7.3060676e-003
  2.9920000e+000  3.2642884e-001  3.1189034e-001  2.4997586e-003
  3.0000000e+000  3.4286617e-001  3.1122312e-001 -2.1096396e-003
  3.0080000e+000  3.2208501e-001  3.1055733e-001 -8.2023198e-003
  3.0160000e+000  3.2447635e-001  3.0989295e-001  1.2732358e-002
  3.0240000e+000  3.3018913e-001  3.0923000e-001 -1.3950201e-002
  3.0320000e+000  3.2208258e-001  3.0856847e-001 -3.6990429e-003
  3.0400000e+000  3.2768254e-001  3.0790835e-001  3.6766612e-003
  3.0480000e+000  3.3132172e-001  3.0724965e-001  1.8204704e-003
  3.0560000e+000  3.2059435e-001  3.0659235e-001 -7.5125450e-003
  3.0640000e+000  3.2128460e-001  3.0593646e-001  9.1297810e-003
  3.0720000e+000  3.0425318e-001  3.0528198e-001 -9.0393479e-003
  3.0800000e+000  3.1312137e-001  3.0462889e-001 -1.9906853e-002
  3.0880000e+000  3.1204703e-001  3.0397720e-001 -9.0974802e-003
  3.0960000e+000  3.2504761e-001  3.0332691e-001  3.5856891e-003
  3.1040000e+000  3.1378008e-001  3.0267800e-001  1.4476356e-002
  3.1120000e+000  3.0851649e-001  3.0203049e-001 -7.1565663e-003
  3.1200000e+000  3.1529736e-001  3.0138436e-001 -1.1361824e-003
  3.1280000e+000  3.0363390e-001  3.0073961e-001 -2.2862888e-003
  3.1360000e+000  3.0421870e-001  3.0009624e-001 -8.0129115e-003
  3.1440000e+000  3.1600032e-001  2.9945425e-001  4.6532133e-003
  3.1520000e+000  3.0946907e-001  2.9881363e-001  1.7295584e-003
  3.1600000e+000  3.1211019e-001  2.9817438e-001  2.5157417e-003
  3.1680000e+000  3.1893373e-001  2.9753650e-001 -8.5177080e-003
  3.1760000e+000  2.9782404e-001  2.9689998e-001 -6.5239449e-003
  3.1840000e+000  3.0481760e-001  2.9626483e-001  1.6586413e-002
  3.1920000e+000  2.8527055e-001  2.9563103e-001  2.7404385e-003
  3.2000000e+000  2.8429282e-001  2.9499859e-001 -6.1501474e-003
  3.2080000e+000  3.0822976e-001  2.9436750e-001 -3.9092801e-003
  3.2160000e+000  3.1470334e-001  2.9373777e-001 -3.2166761e-003
  3.2240000e+000  3.0950243e-001  2.9310938e-001 -6.3749784e-003
  3.2320000e+000  2.9666618e-001  2.9248233e-001 -7.7475265e-003
  3.2400000e+000  3.1744660e-001  2.9185663e-001  4.7901988e-003
  3.2480000e+000  3.0355972e-001  2.9123226e-001  1.6001670e-002
  3.2560000e+000  2.8999473e-001  2.9060923e-001  1.3627374e-002
  3.2640000e+000  3.0821125e-001  2.8998753e-001 -1.1384216e-002
  3.2720000e+000  2.8806006e-001  2.8936717e-001  6.6841185e-003
  3.2800000e+000  2.9219671e-001  2.8874813e-001 -2.3920704e-002
  3.2880000e+000  2.9238054e-001  2.8813041e-001 -1.2334530e-002
  3.2960000e+000  2.9276142e-001  2.8751402e-001  3.0448947e-003
  3.3040000e+000  2.9341951e-001  2.8689894e-001  4.9135055e-003
  3.3120000e+000  2.8987134e-001  2.8628518e-001 -2.8996471e-003
  3.3200000e+000  2.9720583e-001  2.8567273e-001  2.6844157e-003
  3.3280000e+000  2.7543453e-001  2.8506160e-001  1.7691726e-003
  3.3360000e+000  2.7529051e-001  2.8445177e-001  1.2291626e-002
  3.3440000e+000  2.7858572e-001  2.8384324e-001 -3.7118520e-003
  3.3520000e+000  2.8090143e-001  2.8323602e-001 -6.5832820e-003
  3.3600000e+000  2.8001475e-001  2.8263010e-001  3.7711481e-003
  3.3680000e+000  2.9446324e-001  2.8202547e-001 -6.5288635e-003
  3.3760000e+000  2.9398235e-001  2.8142214e-001  1.2218964e-002
  3.3840000e+000  2.7423338e-001  2.8082009e-001  8.0754186e-004
  3.3920000e+000  2.8819223e-001  2.8021934e-001  1.2321614e-003
  3.4000000e+000  2.7954773e-001  2.7961987e-001  3.1970748e-004
  3.4080000e+000  2.9815182e-001  2.7902168e-001  7.6139260e-004
  3.4160000e+000  2.7940638e-001  2.7842477e-001  9.0810341e-004
  3.4240000e+000  2.5781616e-001  2.7782914e-001 -2.6511908e-003
  3.4320000e+000  2.6407787e-001  2.7723478e-001  5.1541158e-003
  3.4400000e+000  2.6901145e-001  2.7664170e-001  5.3455000e-003
  3.4480000e+000  2.8632963e-001  2.7604988e-001 -5.1178793e-003
  3.4560000e+000  2.7620679e-001  2.7545933e-001 -1.2062236e-004
  3.4640000e+000  2.7304605e-001  2.7487005e-001 -4.8494809e-003
  3.4720000e+000  2.6254983e-001  2.7428202e-001 -4.9429087e-003
  3.4800000e+000  2.9178431e-001  2.7369525e-001  3.1643123e-003
  3.4880000e+000  2.7109434e-001  2.7310974e-001  9.9619083e-003
  3.4960000e+000  2.7770032e-001  2.7252548e-001 -9.1437427e-003
  3.5040000e+000  2.8093441e-001  2.7194247e-001 -2.1957667e-002
  3.5120000e+000  2.7150003e-001  2.7136070e-001  1.0371096e-002
  3.5200000e+000  2.7667250e-001  2.7078018e-001 -3.1460558e-003
  3.5280000e+000  2.5867524e-001  2.7020091e-001 -2.8191022e-003
  3.5360000e+000  2.7298317e-001  2.6962287e-001  2.0148249e-003
  3.5440000e+000  2.6680093e-001  2.6904607e-001  4.4659148e-003
  3.5520000e+000  2.7156295e-001  2.6847050e-001  1.1774785e-002
  3.5600000e+000  2.6325021e-001  2.6789616e-001 -1.7567829e-003
  3.5680000e+000  2.4798200e-001  2.6732306e-001 -7.6858328e-003
  3.5760000e+000  2.7023333e-001  2.6675118e-001  5.3542509e-004
  3.5840000e+000  2.6778384e-001  2.6618052e-001 -4.0834061e-003
  3.5920000e+000  2.6054051e-001  2.6561108e-001 -5.1388079e-003
  3.6000000e+000  2.5835984e-001  2.6504286e-001  1.1952336e-002
  3.6080000e+000  2.4430407e-001  2.6447586e-001 -7.4447057e-003
  3.6160000e+000  2.5583474e-001  2.6391007e-001  1.1112249e-003
  3.6240000e+000  2.6624012e-001  2.6334549e-001  2.6527711e-003
  3.6320000e+000  2.4462002e-001  2.6278212e-001 -6.8003092e-004
  3.6400000e+000  2.6492839e-001  2.6221995e-001 -4.2433150e-003
  3.6480000e+000  2.6002368e-001  2.6165899e-001  3.6630598e-003
  3.6560000e+000  2.3964290e-001  2.6109922e-001 -9.5234790e-003
  3.6640000e+000  2.5897184e-001  2.6054065e-001  7.6569882e-003
  3.6720000e+000  2.4954860e-001  2.5998328e-001  9.9148679e-003
  3.6800000e+000  2.5437687e-001  2.5942710e-001  4.9524954e-003
  3.6880000e+000  2.6080146e-001  2.5887211e-001  9.6838950e-003
  3.6960000e+000  2.5132927e-001  2.5831831e-001  1.0142205e-002
  3.7040000e+000  2.4485827e-001  2.5776569e-001  3.3362879e-003
  3.7120000e+000  2.5929207e-001  2.5721426e-001  2.2951393e-003
  3.7200000e+000  2.3584656e-001  2.5666400e-001  1.4259629e-002
  3.7280000e+000  2.4830685e-001  2.5611493e-001  1.8809361e-003
  3.7360000e+000  2.3984865e-001  2.5556702e-001  1.0688239e-002
  3.7440000e+000  2.4955803e-001  2.5502029e-001  2.2873974e-003
  3.7520000e+000  2.4145632e-001  2.5447473e-001 -2.3274039e-002
  3.7600000e+000  2.4654176e-001  2.5393033e-001  5.4009513e-003
  3.7680000e+000  2.5464117e-001  2.5338710e-001 -7.4005220e-003
  3.7760000e+000  2.4473959e-001  2.5284503e-001 -6.4326192e-003
  3.7840000e+000  2.4361006e-001  2.5230413e-001 -1.7890565e-003
  3.7920000e+000  2.3851855e-001  2.5176437e-001  1.2086229e-002
  3.8000000e+000  2.3775323e-001  2.5122578e-001 -7.9709491e-003
  3.8080000e+000  2.3703065e-001  2.5068833e-001 -4.2631802e-003
  3.8160000e+000  2.3886711e-001  2.5015204e-001  1.0804518e-002
  3.8240000e+000  2.3638104e-001  2.4961689e-001 -1.1886768e-002
  3.8320000e+000  2.2369689e-001  2.4908289e-001  4.5373302e-003
  3.8400000e+000  2.2560099e-001  2.4855003e-001  1.7989499e-003
  3.8480000e+000  2.3826930e-001  2.4801831e-001 -1.4522310e-003
  3.8560000e+000  2.5246087e-001  2.4748773e-001  1.1261074e-002
  3.8640000e+000  2.2989741e-001  2.4695828e-001  1.0528589e-002
  3.8720000e+000  2.4592512e-001  2.4642996e-001  1.8317625e-002
  3.8800000e+000  2.4267409e-001  2.4590278e-001  9.6192168e-003
  3.8880000e+000  2.2675772e-001  2.4537672e-001  5.0530355e-003
  3.8960000e+000  2.3094611e-001  2.4485179e-001  4.3712917e-003
  3.9040000e+000  2.4750278e-001  2.4432798e-001  1.4495292e-002
  3.9120000e+000  2.3488900e-001  2.4380529e-001  6.5718711e-003
  3.9200000e+000  2.4336333e-001  2.4328372e-001  2.5016908e-002
  3.9280000e+000  2.2791924e-001  2.4276327e-001  8.5310762e-003
  3.9360000e+000  2.2006888e-001  2.4224393e-001  9.7998318e-003
  3.9440000e+000  2.3515562e-001  2.4172570e-001 -4.0033158e-003
  3.9520000e+000  2.1766532e-001  2.4120858e-001 -7.1574560e-003
  3.9600000e+000  2.1528483e-001  2.4069256e-001 -4.7771232e-003
  3.9680000e+000  2.2644523e-001  2.4017765e-001 -1.1382536e-002
  3.9760000e+000  2.3308118e-001  2.3966384e-001  6.8880026e-004
  3.9840000e+000  2.3462108e-001  2.3915113e-001 -7.8595673e-003
  3.9920000e+000  2.2685018e-001  2.3863952e-001  1.4578260e-002
  4.0000000e+000  2.2959348e-001  2.3812900e-001 -7.8232025e-003
  4.0080000e+000  2.2475402e-001  2.3761957e-001  1.1540982e-002
  4.0160000e+000  2.2822427e-001  2.3711124e-001 -5.6671329e-003
  4.0240000e+000  2.2434441e-001  2.3660399e-001  3.0770518e-003
  4.0320000e+000  2.1870514e-001  2.3609782e-001 -9.6929007e-003
  4.0400000e+000  2.2733732e-001  2.3559274e-001 -7.8815177e-005
  4.0480000e+000  2.3026244e-001  2.3508874e-001 -8.4397354e-003
  4.0560000e+000  2.1700907e-001  2.3458582e-001  3.5709001e-003
  4.0640000e+000  2.3129825e-001  2.3408397e-001 -1.8851451e-002
  4.0720000e+000  2.3256557e-001  2.3358320e-001 -7.3103093e-003
  4.0800000e+000  2.1476833e-001  2.3308349e-001 -5.0336935e-003
  4.0880000e+000  2.2001832e-001  2.3258486e-001  4.9736019e-003
  4.0960000e+000  2.1983923e-001  2.3208730e-001  1.3643881e-002
  4.1040000e+000  2.1220026e-001  2.3159079e-001  1.2312530e-003
  4.1120000e+000  2.1776263e-001  2.3109535e-001 -9.3122233e-003
  4.1200000e+000  2.1658385e-001  2.3060097e-001  8.5567972e-003
  4.1280000e+000  2.0435738e-001  2.3010765e-001  2.1998338e-003
  4.1360000e+000  2.1135288e-001  2.2961539e-001 -8.5135267e-003
  4.1440000e+000  2.1837790e-001  2.2912417e-001 -7.7726977e-003
  4.1520000e+000  2.2847289e-001  2.2863401e-001  6.3959969e-003
  4.1600000e+000  2.1625363e-001  2.2814489e-001  2.5357039e-003
  4.1680000e+000  2.0788436e-001  2.2765683e-001  5.0339782e-003
  4.1760000e+000  2.1562574e-001  2.2716980e-001 -3.5605913e-003
  4.1840000e+000  2.2052875e-001  2.2668382e-001 -1.0045297e-003
  4.1920000e+000  2.2069184e-001  2.2619888e-001  2.4800546e-003
  4.2000000e+000  2.1429471e-001  2.2571497e-001  1.5510167e-003
  4.2080000e+000  2.1219521e-001  2.2523210e-001 -5.7588964e-003
  4.2160000e+000  2.2367469e-001  2.2475027e-001  7.2633345e-003
  4.2240000e+000  2.2130155e-001  2.2426946e-001 -3.9480913e-003
  4.2320000e+000  2.1999193e-001  2.2378969e-001 -2.2659414e-003
  4.2400000e+000  2.1910881e-001  2.2331093e-001  9.2571084e-003
  4.2480000e+000  2.1176440e-001  2.2283321e-001  1.3184147e-002
  4.2560000e+000  2.1397611e-001  2.2235650e-001  1.0639854e-003
  4.2640000e+000  2.0902787e-001  2.2188082e-001  5.0829876e-003
  4.2720000e+000  2.1681167e-001  2.2140615e-001 -5.8782913e-003
  4.2800000e+000  1.9494512e-001  2.2093250e-001  4.0203582e-004
  4.2880000e+000  2.0872315e-001  2.2045986e-001  2.2419459e-003
  4.2960000e+000  2.1781713e-001  2.1998823e-001 -4.8182269e-003
  4.3040000e+000  2.2274240e-001  2.1951762e-001  3.2797403e-004
  4.3120000e+000  2.0392591e-001  2.1904800e-001  2.7853598e-003
  4.3200000e+000  2.1784363e-001  2.1857940e-001  1.1321179e-003
  4.3280000e+000  2.2074969e-001  2.1811179e-001 -1.3257951e-002
  4.3360000e+000  2.1288782e-001  2.1764519e-001  5.4791050e-003
  4.3440000e+000  2.1243502e-001  2.1717958e-001  2.8804512e-003
  4.3520000e+000  2.1718291e-001  2.1671497e-001  4.5781627e-003
  4.3600000e+000  2.2178356e-001  2.1625136e-001  1.2435470e-002
  4.3680000e+000  2.0528026e-001  2.1578873e-001 -2.0625638e-003
  4.3760000e+000  2.0602257e-001  2.1532710e-001  1.1933962e-002
  4.3840000e+000  2.0578297e-001  2.1486645e-001 -8.8062460e-004
  4.3920000e+000  2.2929737e-001  2.1440679e-001 -7.6421998e-003
  4.4000000e+000  2.1267301e-001  2.1394811e-001 -8.7678761e-003
  4.4080000e+000  2.0039685e-001  2.1349042e-001  6.0844356e-003
  4.4160000e+000  2.0354677e-001  2.1303370e-001  9.0398498e-003
  4.4240000e+000  2.0738564e-001  2.1257796e-001 -7.7790451e-003
  4.4320000e+000  2.1566395e-001  2.1212319e-001 -1.7952582e-003
  4.4400000e+000  2.0332001e-001  2.1166940e-001  5.9655272e-003
  4.4480000e+000  2.0960956e-001  2.1121658e-001  3.4692041e-003
  4.4560000e+000  2.0195774e-001  2.1076472e-001  1.3960718e-002
  4.4640000e+000  2.0163583e-001  2.1031384e-001  4.5957921e-003
  4.4720000e+000  2.0658344e-001  2.0986391e-001 -5.2066087e-004
  4.4800000e+000  2.0833885e-001  2.0941496e-001  4.3070020e-003
  4.4880000e+000  2.0628619e-001  2.0896696e-001 -1.5027847e-004
  4.4960000e+000  2.0334158e-001  2.0851992e-001 -1.4978552e-002
  4.5040000e+000  1.9127137e-001  2.0807383e-001  1.0767668e-002
  4.5120000e+000  2.0183674e-001  2.0762870e-001 -6.6370398e-005
  4.5200000e+000  2.1243658e-001  2.0718452e-001  1.1100404e-002
  4.5280000e+000  1.9459543e-001  2.0674130e-001  3.0238292e-003
  4.5360000e+000  2.0059477e-001  2.0629902e-001  1.7372791e-003
  4.5440000e+000  1.8915604e-001  2.0585768e-001  1.1806490e-002
  4.5520000e+000  1.9610325e-001  2.0541729e-001  7.6077693e-003
  4.5600000e+000  2.0876359e-001  2.0497785e-001 -4.5058781e-003
  4.5680000e+000  2.0495684e-001  2.0453934e-001 -6.3763202e-003
  4.5760000e+000  1.9976082e-001  2.0410177e-001 -1.2571664e-002
  4.5840000e+000  2.1016126e-001  2.0366514e-001 -4.8027892e-003
  4.5920000e+000  1.9731873e-001  2.0322944e-001  2.4677229e-003
  4.6000000e+000  1.9906538e-001  2.0279467e-001 -1.6654377e-003
  4.6080000e+000  1.9445642e-001  2.0236084e-001 -6.3578572e-003
  4.6160000e+000  2.0199460e-001  2.0192793e-001  8.3929017e-004
  4.6240000e+000  2.0832810e-001  2.0149595e-001  7.8184946e-003
  4.6320000e+000  2.0527762e-001  2.0106489e-001  8.6984356e-003
  4.6400000e+000  1.9746239e-001  2.0063475e-001  7.2511581e-003
  4.6480000e+000  1.9719114e-001  2.0020554e-001  1.7017066e-004
  4.6560000e+000  2.0237925e-001  1.9977724e-001  1.0140790e-002
  4.6640000e+000  2.0128438e-001  1.9934986e-001 -3.3900447e-003
  4.6720000e+000  2.0393522e-001  1.9892339e-001 -1.0760902e-002
  4.6800000e+000  2.0287120e-001  1.9849784e-001  7.7739707e-003
  4.6880000e+000  2.0455720e-001  1.9807319e-001  2.1538394e-003
  4.6960000e+000  2.0798341e-001  1.9764946e-001  8.7392147e-003
  4.7040000e+000  2.0732741e-001  1.9722663e-001  1.6133323e-006
  4.7120000e+000  1.9934601e-001  1.9680470e-001  5.3934624e-003
  4.7200000e+000  1.9151456e-001  1.9638368e-001  1.0048187e-002
  4.7280000e+000  1.8189036e-001  1.9596356e-001  6.0750682e-003
  4.7360000e+000  2.0605270e-001  1.9554434e-001  3.9640645e-003
  4.7440000e+000  1.9188534e-001  1.9512601e-001 -2.3094509e-003
  4.7520000e+000  2.0263073e-001  1.9470858e-001  3.9208861e-003
  4.7600000e+000  1.8804328e-001  1.9429204e-001  9.3484015e-003
  4.7680000e+000  1.8688140e-001  1.9387640e-001 -6.1212796e-003
  4.7760000e+000  1.8622417e-001  1.9346164e-001  1.4332159e-002
  4.7840000e+000  1.9714744e-001  1.9304777e-001  8.6004015e-005
  4.7920000e+000  2.1172219e-001  1.9263478e-001 -3.3017081e-003
  4.8000000e+000  1.9383115e-001  1.9222268e-001  6.7699581e-003
  4.8080000e+000  2.0475150e-001  1.9181146e-001  8.2839127e-004
  4.8160000e+000  1.8629598e-001  1.9140112e-001  5.9118924e-003
  4.8240000e+000  2.0575776e-001  1.9099166e-001  1.4329109e-003
  4.8320000e+000  1.9646068e-001  1.9058307e-001  1.9143169e-003
  4.8400000e+000  1.8895072e-001  1.9017536e-001  7.8371782e-003
  4.8480000e+000  1.8355373e-001  1.8976852e-001  1.0195924e-002
  4.8560000e+000  2.0577412e-001  1.8936255e-001  1.0878189e-003
  4.8640000e+000  1.9651855e-001  1.8895745e-001  1.1885769e-002
  4.8720000e+000  1.9024697e-001  1.8855322e-001  8.3329349e-003
  4.8800000e+000  1.9576671e-001  1.8814985e-001  3.0159006e-003
  4.8880000e+000  1.7882705e-001  1.8774734e-001  2.2037312e-003
  4.8960000e+000  1.8698841e-001  1.8734569e-001  1.7158619e-003
  4.9040000e+000  1.8746026e-001  1.8694491e-001  7.4342387e-003
  4.9120000e+000  1.8507562e-001  1.8654498e-001  6.5230998e-003
  4.9200000e+000  1.9014399e-001  1.8614590e-001  1.1937781e-002
  4.9280000e+000  1.9015588e-001  1.8574768e-001  1.7658055e-002
  4.9360000e+000  1.9516043e-001  1.8535032e-001  2.8178482e-002
  4.9440000e+000  1.8592695e-001  1.8495380e-001 -5.9067704e-003
  4.9520000e+000  1.6558019e-001  1.8455813e-001 -4.2774936e-003
  4.9600000e+000  1.7124526e-001  1.8416331e-001  9.2223378e-003
  4.9680000e+000  1.8224111e-001  1.8376933e-001 -2.3535721e-003
  4.9760000e+000  1.9250371e-001  1.8337619e-001 -4.9680895e-003
  4.9840000e+000  1.9189641e-001  1.8298390e-001  8.6734856e-003
  4.9920000e+000  2.0423411e-001  1.8259244e-001  2.3253335e-003
  5.0000000e+000  1.9755604e-001  1.8220182e-001  2.9555405e-003
  5.0080000e+000  1.7379542e-001  1.8181204e-001  1.2072481e-002
  5.0160000e+000  1.7819022e-001  1.8142309e-001 -1.5667029e-003
  5.0240000e+000  1.7539439e-001  1.8103498e-001  9.1499878e-003
  5.0320000e+000  1.9295198e-001  1.8064769e-001 -9.2855601e-003
  5.0400000e+000  1.8817643e-001  1.8026123e-001 -2.7261253e-003
  5.0480000e+000  1.7151261e-001  1.7987560e-001 -7.5763155e-004
  5.0560000e+000  1.6257065e-001  1.7949080e-001 -9.3867762e-003
  5.0640000e+000  1.9139467e-001  1.7910681e-001 -2.0224730e-004
  5.0720000e+000  1.8580843e-001  1.7872365e-001  1.7859031e-002
  5.0800000e+000  1.7596016e-001  1.7834131e-001  2.4402438e-003
  5.0880000e+000  1.9732771e-001  1.7795979e-001  8.8472263e-003
  5.0960000e+000  1.8940896e-001  1.7757908e-001  1.3666622e-002
  5.1040000e+000  1.7053841e-001  1.7719919e-001  7.4674124e-003
  5.1120000e+000  1.9489404e-001  1.7682011e-001  3.0847266e-003
  5.1200000e+000  1.8583206e-001  1.7644184e-001 -8.8541007e-004
  5.1280000e+000  1.7685641e-001  1.7606438e-001 -3.9480659e-004
  5.1360000e+000  1.7978671e-001  1.7568772e-001  3.0054338e-003
  5.1440000e+000  1.5956364e-001  1.7531188e-001  1.5756785e-002
  5.1520000e+000  1.8631863e-001  1.7493683e-001 -1.0703317e-003
  5.1600000e+000  1.8748333e-001  1.7456259e-001  6.1055064e-003
  5.1680000e+000  1.8180381e-001  1.7418915e-001  8.2982017e-003
  5.1760000e+000  1.7691190e-001  1.7381651e-001 -1.4686225e-002
  5.1840000e+000  1.6864396e-001  1.7344467e-001  1.4427123e-002
  5.1920000e+000  1.7828784e-001  1.7307362e-001 -6.8903482e-003
  5.2000000e+000  1.7642172e-001  1.7270337e-001  4.9223236e-003
  5.2080000e+000  1.6007949e-001  1.7233390e-001  1.4999672e-003
  5.2160000e+000  1.8781716e-001  1.7196523e-001 -2.6688559e-003
  5.2240000e+000  1.6236605e-001  1.7159735e-001  1.2884480e-003
  5.2320000e+000  1.9339822e-001  1.7123025e-001  5.5097846e-004
  5.2400000e+000  1.8124118e-001  1.7086394e-001  7.1250834e-003
  5.2480000e+000  1.7730326e-001  1.7049841e-001 -2.2828773e-003
  5.2560000e+000  1.7171800e-001  1.7013367e-001  1.8360980e-002
  5.2640000e+000  1.8785859e-001  1.6976970e-001  3.4934656e-003
  5.2720000e+000  1.7170836e-001  1.6940652e-001  8.3154266e-003
  5.2800000e+000  1.8555874e-001  1.6904411e-001  6.1135055e-003
  5.2880000e+000  1.6318748e-001  1.6868247e-001 -4.1247960e-003
  5.2960000e+000  1.8126821e-001  1.6832161e-001 -3.0498015e-005
  5.3040000e+000  1.7538341e-001  1.6796152e-001  1.9098148e-002
  5.3120000e+000  1.7930225e-001  1.6760221e-001  7.4529623e-003
  5.3200000e+000  1.7003804e-001  1.6724366e-001  4.5887580e-003
  5.3280000e+000  1.6702901e-001  1.6688587e-001 -5.2890163e-004
  5.3360000e+000  1.6949154e-001  1.6652886e-001  5.0097180e-003
  5.3440000e+000  1.7236155e-001  1.6617260e-001 -3.7547298e-003
  5.3520000e+000  1.6277616e-001  1.6581711e-001  1.4616455e-002
  5.3600000e+000  1.6441780e-001  1.6546238e-001 -2.9307160e-003
  5.3680000e+000  1.6829497e-001  1.6510841e-001  1.0024135e-002
  5.3760000e+000  1.5842513e-001  1.6475520e-001  1.8460177e-004
  5.3840000e+000  1.7853147e-001  1.6440274e-001  2.3622151e-003
  5.3920000e+000  1.6410433e-001  1.6405103e-001 -6.1608135e-003
  5.4000000e+000  1.7279868e-001  1.6370008e-001  4.4860377e-003
  5.4080000e+000  1.6886829e-001  1.6334988e-001 -7.9208969e-003
  5.4160000e+000  1.6745191e-001  1.6300043e-001  2.9637548e-003
  5.4240000e+000  1.7856240e-001  1.6265172e-001  1.2548926e-002
  5.4320000e+000  1.7535497e-001  1.6230376e-001  7.9855700e-003
  5.4400000e+000  1.6074784e-001  1.6195655e-001  1.2973291e-004
  5.4480000e+000  1.6207278e-001  1.6161007e-001  9.1172455e-003
  5.4560000e+000  1.6071503e-001  1.6126434e-001 -3.3418251e-004
  5.4640000e+000  1.5956271e-001  1.6091935e-001  4.5658599e-003
  5.4720000e+000  1.6827971e-001  1.6057510e-001  2.9460237e-003
  5.4800000e+000  1.5564155e-001  1.6023158e-001 -3.2954285e-003
  5.4880000e+000  1.6628277e-001  1.5988880e-001  7.6692106e-003
  5.4960000e+000  1.5884948e-001  1.5954675e-001  2.4385372e-003
  5.5040000e+000  1.7144490e-001  1.5920544e-001  6.8086539e-003
  5.5120000e+000  1.5566206e-001  1.5886485e-001  1.1978600e-002
  5.5200000e+000  1.5467911e-001  1.5852499e-001 -1.8035337e-003
  5.5280000e+000  1.8247762e-001  1.5818586e-001  2.1783900e-004
  5.5360000e+000  1.6403714e-001  1.5784746e-001  4.5508026e-003
  5.5440000e+000  1.6306281e-001  1.5750978e-001  1.3962655e-002
  5.5520000e+000  1.6287891e-001  1.5717282e-001  1.0044277e-002
  5.5600000e+000  1.5924446e-001  1.5683658e-001  1.2359936e-002
  5.5680000e+000  1.5374127e-001  1.5650106e-001  4.3235247e-003
  5.5760000e+000  1.3673281e-001  1.5616626e-001  1.1017365e-002
  5.5840000e+000  1.4355863e-001  1.5583217e-001  1.3228324e-002
  5.5920000e+000  1.7078101e-001  1.5549880e-001  3.9658646e-003
  5.6000000e+000  1.5602798e-001  1.5516615e-001 -2.6859504e-003
  5.6080000e+000  1.5028994e-001  1.5483420e-001  9.1807511e-003
  5.6160000e+000  1.5713243e-001  1.5450297e-001  8.7983014e-003
  5.6240000e+000  1.4258667e-001  1.5417244e-001  1.2347232e-003
  5.6320000e+000  1.5416076e-001  1.5384262e-001  2.2022059e-003
  5.6400000e+000  1.5866997e-001  1.5351351e-001  9.4076194e-004
  5.6480000e+000  1.4490720e-001  1.5318510e-001  5.6021503e-003
  5.6560000e+000  1.4597025e-001  1.5285739e-001  1.2194238e-002
  5.6640000e+000  1.5273829e-001  1.5253038e-001  2.5477453e-003
  5.6720000e+000  1.5593441e-001  1.5220408e-001  8.9800109e-003
  5.6800000e+000  1.5290493e-001  1.5187847e-001  1.1547785e-002
  5.6880000e+000  1.4309046e-001  1.5155356e-001  1.3017580e-002
  5.6960000e+000  1.5558458e-001  1.5122934e-001  1.3379568e-002
  5.7040000e+000  1.4829070e-001  1.5090582e-001  8.0918139e-003
  5.7120000e+000  1.3602756e-001  1.5058299e-001  1.1575030e-003
  5.7200000e+000  1.5112241e-001  1.5026085e-001 -2.6715042e-003
  5.7280000e+000  1.4122876e-001  1.4993939e-001 -3.7825680e-003
  5.7360000e+000  1.3977977e-001  1.4961863e-001 -1.1555182e-002
  5.7440000e+000  1.5557278e-001  1.4929855e-001  2.2516038e-002
  5.7520000e+000  1.6055390e-001  1.4897916e-001  1.0114168e-002
  5.7600000e+000  1.4211668e-001  1.4866045e-001 -4.5239550e-003
  5.7680000e+000  1.5189951e-001  1.4834242e-001  7.9400784e-004
  5.7760000e+000  1.3615492e-001  1.4802508e-001 -8.4492985e-004
  5.7840000e+000  1.3375939e-001  1.4770841e-001 -1.6741145e-002
  5.7920000e+000  1.4808610e-001  1.4739242e-001  3.4504853e-003
  5.8000000e+000  1.4452157e-001  1.4707710e-001  3.6706450e-005
  5.8080000e+000  1.4821300e-001  1.4676246e-001  1.3926444e-002
  5.8160000e+000  1.4487913e-001  1.4644849e-001  4.8931396e-003
  5.8240000e+000  1.4348356e-001  1.4613520e-001 -1.2869188e-003
  5.8320000e+000  1.4392087e-001  1.4582257e-001  4.3637593e-003
  5.8400000e+000  1.3864738e-001  1.4551062e-001 -1.9250690e-003
  5.8480000e+000  1.3165603e-001  1.4519933e-001  1.5412417e-002
  5.8560000e+000  1.2113205e-001  1.4488870e-001  1.9989956e-002
  5.8640000e+000  1.5425225e-001  1.4457875e-001 -2.0008869e-003
  5.8720000e+000  1.3299265e-001  1.4426945e-001  2.8712579e-002
  5.8800000e+000  1.4796647e-001  1.4396082e-001  5.2536312e-003
  5.8880000e+000  1.3035918e-001  1.4365284e-001 -4.0905472e-004
  5.8960000e+000  1.3909680e-001  1.4334553e-001  6.8333568e-003
  5.9040000e+000  1.3444831e-001  1.4303887e-001  9.0787630e-003
