  0.0000000e+000  1.0000000e+000  1.0000000e+000
  8.0000000e-003  9.9624461e-001  1.0000185e+000
  1.6000000e-002  9.9600680e-001  1.0000433e+000
  2.4000000e-002  9.9588436e-001  1.0000034e+000
  3.2000000e-002  9.9464170e-001  9.9983756e-001
  4.0000000e-002  9.9276901e-001  9.9953842e-001
  4.8000000e-002  9.8656450e-001  9.9914342e-001
  5.6000000e-002  9.7576314e-001  9.9868182e-001
  6.4000000e-002  9.6426447e-001  9.9814801e-001
  7.2000000e-002  9.5133622e-001  9.9753877e-001
  8.0000000e-002  9.4023603e-001  9.9689604e-001
  8.8000000e-002  9.3035760e-001  9.9628454e-001
  9.6000000e-002  9.2367955e-001  9.9573101e-001
  1.0400000e-001  9.1486255e-001  9.9520994e-001
  1.1200000e-001  9.0579701e-001  9.9468889e-001
  1.2000000e-001  8.9489814e-001  9.9416233e-001
  1.2800000e-001  8.8358405e-001  9.9363537e-001
  1.3600000e-001  8.7298537e-001  9.9310216e-001
  1.4400000e-001  8.6317243e-001  9.9256131e-001
  1.5200000e-001  8.5520117e-001  9.9203875e-001
  1.6000000e-001  8.4886812e-001  9.9157408e-001
  1.6800000e-001  8.4171729e-001  9.9118626e-001
  1.7600000e-001  8.3593502e-001  9.9086375e-001
  1.8400000e-001  8.3001189e-001  9.9058249e-001
  1.9200000e-001  8.2396091e-001  9.9032006e-001
  2.0000000e-001  8.1944463e-001  9.9005593e-001
  2.0800000e-001  8.1512381e-001  9.8977573e-001
  2.1600000e-001  8.1073662e-001  9.8948255e-001
  2.2400000e-001  8.0549479e-001  9.8919788e-001
  2.3200000e-001  8.0099088e-001  9.8894653e-001
  2.4000000e-001  7.9625885e-001  9.8874188e-001
  2.4800000e-001  7.9153045e-001  9.8858281e-001
  2.5600000e-001  7.8998632e-001  9.8845658e-001
  2.6400000e-001  7.8950794e-001  9.8834329e-001
  2.7200000e-001  7.8827080e-001  9.8822445e-001
  2.8000000e-001  7.8697415e-001  9.8809368e-001
  2.8800000e-001  7.8481184e-001  9.8795944e-001
  2.9600000e-001  7.8025916e-001  9.8783752e-001
  3.0400000e-001  7.7719619e-001  9.8774223e-001
  3.1200000e-001  7.7466858e-001  9.8768172e-001
  3.2000000e-001  7.7364211e-001  9.8765543e-001
  3.2800000e-001  7.7520193e-001  9.8765339e-001
  3.3600000e-001  7.7870857e-001  9.8766137e-001
  3.4400000e-001  7.8041636e-001  9.8766983e-001
  3.5200000e-001  7.8085108e-001  9.8767837e-001
  3.6000000e-001  7.7929174e-001  9.8769281e-001
  3.6800000e-001  7.7676374e-001  9.8772045e-001
  3.7600000e-001  7.7494552e-001  9.8776689e-001
  3.8400000e-001  7.7516642e-001  9.8783302e-001
  3.9200000e-001  7.7943123e-001  9.8791254e-001
  4.0000000e-001  7.8327810e-001  9.8799433e-001
  4.0800000e-001  7.8808074e-001  9.8806872e-001
  4.1600000e-001  7.9094533e-001  9.8813133e-001
  4.2400000e-001  7.9020959e-001  9.8818210e-001
  4.3200000e-001  7.8861509e-001  9.8822324e-001
  4.4000000e-001  7.8563143e-001  9.8825811e-001
  4.4800000e-001  7.8423228e-001  9.8828911e-001
  4.5600000e-001  7.8552860e-001  9.8831505e-001
  4.6400000e-001  7.8827765e-001  9.8833198e-001
  4.7200000e-001  7.9128024e-001  9.8833711e-001
  4.8000000e-001  7.9259373e-001  9.8833090e-001
  4.8800000e-001  7.9345507e-001  9.8831556e-001
  4.9600000e-001  7.9039194e-001  9.8829363e-001
  5.0400000e-001  7.8773291e-001  9.8826777e-001
  5.1200000e-001  7.8492486e-001  9.8823976e-001
  5.2000000e-001  7.8403894e-001  9.8820867e-001
  5.2800000e-001  7.8425789e-001  9.8817185e-001
  5.3600000e-001  7.8632282e-001  9.8812832e-001
  5.4400000e-001  7.8613652e-001  9.8808027e-001
  5.5200000e-001  7.8674050e-001  9.8803109e-001
  5.6000000e-001  7.8468520e-001  9.8798382e-001
  5.6800000e-001  7.8291986e-001  9.8794126e-001
  5.7600000e-001  7.7925478e-001  9.8790512e-001
  5.8400000e-001  7.7816428e-001  9.8787437e-001
  5.9200000e-001  7.7916107e-001  9.8784616e-001
  6.0000000e-001  7.7908034e-001  9.8781935e-001
  6.0800000e-001  7.7931133e-001  9.8779585e-001
  6.1600000e-001  7.7974950e-001  9.8777847e-001
  6.2400000e-001  7.7984846e-001  9.8776928e-001
  6.3200000e-001  7.7888278e-001  9.8777012e-001
  6.4000000e-001  7.7800807e-001  9.8778211e-001
  6.4800000e-001  7.7853075e-001  9.8780361e-001
  6.5600000e-001  7.7872667e-001  9.8783093e-001
  6.6400000e-001  7.7964276e-001  9.8786206e-001
  6.7200000e-001  7.8061988e-001  9.8789838e-001
  6.8000000e-001  7.8192764e-001  9.8794204e-001
  6.8800000e-001  7.8202041e-001  9.8799395e-001
  6.9600000e-001  7.8393208e-001  9.8805487e-001
  7.0400000e-001  7.8458917e-001  9.8812565e-001
  7.1200000e-001  7.8558773e-001  9.8820487e-001
  7.2000000e-001  7.8772507e-001  9.8828841e-001
  7.2800000e-001  7.8941724e-001  9.8837343e-001
  7.3600000e-001  7.9076089e-001  9.8846114e-001
  7.4400000e-001  7.9322706e-001  9.8855417e-001
  7.5200000e-001  7.9538821e-001  9.8865306e-001
  7.6000000e-001  7.9648294e-001  9.8875716e-001
  7.6800000e-001  7.9739796e-001  9.8886682e-001
  7.7600000e-001  7.9994422e-001  9.8898157e-001
  7.8400000e-001  8.0133645e-001  9.8909791e-001
  7.9200000e-001  8.0444900e-001  9.8921185e-001
  8.0000000e-001  8.0747133e-001  9.8932334e-001
  8.0800000e-001  8.0971672e-001  9.8943553e-001
  8.1600000e-001  8.1179113e-001  9.8955007e-001
  8.2400000e-001  8.1373740e-001  9.8966554e-001
  8.3200000e-001  8.1562602e-001  9.8978018e-001
  8.4000000e-001  8.1726346e-001  9.8989327e-001
  8.4800000e-001  8.1923463e-001  9.9000322e-001
  8.5600000e-001  8.2158080e-001  9.9010712e-001
  8.6400000e-001  8.2326984e-001  9.9020338e-001
  8.7200000e-001  8.2512263e-001  9.9029370e-001
  8.8000000e-001  8.2720060e-001  9.9038103e-001
  8.8800000e-001  8.2854200e-001  9.9046647e-001
  8.9600000e-001  8.2928861e-001  9.9054842e-001
  9.0400000e-001  8.3268674e-001  9.9062416e-001
  9.1200000e-001  8.3194546e-001  9.9069169e-001
  9.2000000e-001  8.3325790e-001  9.9075073e-001
  9.2800000e-001  8.3451701e-001  9.9080223e-001
  9.3600000e-001  8.3540887e-001  9.9084719e-001
  9.4400000e-001  8.3652961e-001  9.9088641e-001
  9.5200000e-001  8.3675311e-001  9.9092133e-001
  9.6000000e-001  8.3742798e-001  9.9095356e-001
  9.6800000e-001  8.3786980e-001  9.9098231e-001
  9.7600000e-001  8.3713320e-001  9.9100393e-001
  9.8400000e-001  8.3707498e-001  9.9101583e-001
  9.9200000e-001  8.3751277e-001  9.9102023e-001
  1.0000000e+000  8.3852617e-001  9.9102182e-001
  1.0080000e+000  8.3838219e-001  9.9102255e-001
  1.0160000e+000  8.3838114e-001  9.9102106e-001
  1.0240000e+000  8.3830991e-001  9.9101672e-001
  1.0320000e+000  8.3747650e-001  9.9101080e-001
  1.0400000e+000  8.3690560e-001  9.9100314e-001
  1.0480000e+000  8.3658622e-001  9.9099092e-001
  1.0560000e+000  8.3565362e-001  9.9097276e-001
  1.0640000e+000  8.3539758e-001  9.9095199e-001
  1.0720000e+000  8.3549111e-001  9.9093352e-001
  1.0800000e+000  8.3520617e-001  9.9091875e-001
  1.0880000e+000  8.3458662e-001  9.9090531e-001
  1.0960000e+000  8.3481498e-001  9.9089071e-001
  1.1040000e+000  8.3470281e-001  9.9087431e-001
  1.1120000e+000  8.3280865e-001  9.9085622e-001
  1.1200000e+000  8.3290159e-001  9.9083652e-001
  1.1280000e+000  8.3380465e-001  9.9081624e-001
  1.1360000e+000  8.3261173e-001  9.9079766e-001
  1.1440000e+000  8.3237634e-001  9.9078283e-001
  1.1520000e+000  8.3233837e-001  9.9077173e-001
  1.1600000e+000  8.3190371e-001  9.9076213e-001
  1.1680000e+000  8.3167338e-001  9.9075095e-001
  1.1760000e+000  8.3188065e-001  9.9073648e-001
  1.1840000e+000  8.3095464e-001  9.9071969e-001
  1.1920000e+000  8.3076360e-001  9.9070342e-001
  1.2000000e+000  8.3064211e-001  9.9069013e-001
  1.2080000e+000  8.3064554e-001  9.9068042e-001
  1.2160000e+000  8.3043206e-001  9.9067338e-001
  1.2240000e+000  8.2974305e-001  9.9066719e-001
  1.2320000e+000  8.3020792e-001  9.9065942e-001
  1.2400000e+000  8.3035296e-001  9.9064792e-001
  1.2480000e+000  8.2976647e-001  9.9063256e-001
  1.2560000e+000  8.2852155e-001  9.9061595e-001
  1.2640000e+000  8.2930209e-001  9.9060143e-001
  1.2720000e+000  8.2986480e-001  9.9059052e-001
  1.2800000e+000  8.2852151e-001  9.9058218e-001
  1.2880000e+000  8.2974706e-001  9.9057371e-001
  1.2960000e+000  8.2841887e-001  9.9056201e-001
  1.3040000e+000  8.2874990e-001  9.9054497e-001
  1.3120000e+000  8.2901398e-001  9.9052287e-001
  1.3200000e+000  8.2623422e-001  9.9049855e-001
  1.3280000e+000  8.2827034e-001  9.9047555e-001
  1.3360000e+000  8.2757947e-001  9.9045591e-001
  1.3440000e+000  8.2683997e-001  9.9043932e-001
  1.3520000e+000  8.2643604e-001  9.9042345e-001
  1.3600000e+000  8.2544119e-001  9.9040481e-001
  1.3680000e+000  8.2578702e-001  9.9038036e-001
  1.3760000e+000  8.2538119e-001  9.9034978e-001
  1.3840000e+000  8.2375244e-001  9.9031624e-001
  1.3920000e+000  8.2263195e-001  9.9028442e-001
  1.4000000e+000  8.2234558e-001  9.9025755e-001
  1.4080000e+000  8.2245919e-001  9.9023601e-001
  1.4160000e+000  8.2252560e-001  9.9021747e-001
  1.4240000e+000  8.2178191e-001  9.9019773e-001
  1.4320000e+000  8.2145333e-001  9.9017269e-001
  1.4400000e+000  8.2075670e-001  9.9014109e-001
  1.4480000e+000  8.2025419e-001  9.9010593e-001
  1.4560000e+000  8.1860968e-001  9.9007255e-001
  1.4640000e+000  8.1882394e-001  9.9004536e-001
  1.4720000e+000  8.1973022e-001  9.9002591e-001
  1.4800000e+000  8.1660964e-001  9.9001255e-001
  1.4880000e+000  8.1844097e-001  9.9000093e-001
  1.4960000e+000  8.1715356e-001  9.8998573e-001
  1.5040000e+000  8.1716805e-001  9.8996397e-001
  1.5120000e+000  8.1606163e-001  9.8993742e-001
  1.5200000e+000  8.1516828e-001  9.8991139e-001
  1.5280000e+000  8.1470367e-001  9.8989138e-001
  1.5360000e+000  8.1551870e-001  9.8988059e-001
  1.5440000e+000  8.1542800e-001  9.8987909e-001
  1.5520000e+000  8.1513139e-001  9.8988341e-001
  1.5600000e+000  8.1450020e-001  9.8988751e-001
  1.5680000e+000  8.1445291e-001  9.8988614e-001
  1.5760000e+000  8.1421351e-001  9.8987852e-001
  1.5840000e+000  8.1377216e-001  9.8986860e-001
  1.5920000e+000  8.1495519e-001  9.8986206e-001
  1.6000000e+000  8.1465472e-001  9.8986354e-001
  1.6080000e+000  8.1555742e-001  9.8987526e-001
  1.6160000e+000  8.1516090e-001  9.8989595e-001
  1.6240000e+000  8.1618508e-001  9.8992046e-001
  1.6320000e+000  8.1610528e-001  9.8994220e-001
  1.6400000e+000  8.1620302e-001  9.8995741e-001
  1.6480000e+000  8.1684303e-001  9.8996711e-001
  1.6560000e+000  8.1654472e-001  9.8997551e-001
  1.6640000e+000  8.1742962e-001  9.8998722e-001
  1.6720000e+000  8.1842467e-001  9.9000595e-001
  1.6800000e+000  8.1910130e-001  9.9003331e-001
  1.6880000e+000  8.1980242e-001  9.9006735e-001
  1.6960000e+000  8.1986741e-001  9.9010292e-001
  1.7040000e+000  8.1996800e-001  9.9013477e-001
  1.7120000e+000  8.2058202e-001  9.9016060e-001
  1.7200000e+000  8.2163001e-001  9.9018139e-001
  1.7280000e+000  8.2169292e-001  9.9019980e-001
  1.7360000e+000  8.2232409e-001  9.9021907e-001
  1.7440000e+000  8.2256217e-001  9.9024227e-001
  1.7520000e+000  8.2443139e-001  9.9027090e-001
  1.7600000e+000  8.2379601e-001  9.9030388e-001
  1.7680000e+000  8.2502755e-001  9.9033819e-001
  1.7760000e+000  8.2618349e-001  9.9037064e-001
  1.7840000e+000  8.2476316e-001  9.9039906e-001
  1.7920000e+000  8.2678373e-001  9.9042264e-001
  1.8000000e+000  8.2750012e-001  9.9044191e-001
  1.8080000e+000  8.2708152e-001  9.9045843e-001
  1.8160000e+000  8.2754468e-001  9.9047427e-001
  1.8240000e+000  8.2962376e-001  9.9049152e-001
  1.8320000e+000  8.2884677e-001  9.9051204e-001
  1.8400000e+000  8.3016577e-001  9.9053650e-001
  1.8480000e+000  8.2913142e-001  9.9056334e-001
  1.8560000e+000  8.2786655e-001  9.9058915e-001
  1.8640000e+000  8.2982340e-001  9.9061057e-001
  1.8720000e+000  8.3146784e-001  9.9062556e-001
  1.8800000e+000  8.2975717e-001  9.9063341e-001
  1.8880000e+000  8.3146534e-001  9.9063516e-001
  1.8960000e+000  8.3025853e-001  9.9063470e-001
  1.9040000e+000  8.3039010e-001  9.9063805e-001
  1.9120000e+000  8.3174715e-001  9.9064953e-001
  1.9200000e+000  8.3239731e-001  9.9066844e-001
  1.9280000e+000  8.3149991e-001  9.9068972e-001
  1.9360000e+000  8.3077262e-001  9.9070733e-001
  1.9440000e+000  8.3135602e-001  9.9071648e-001
  1.9520000e+000  8.3220312e-001  9.9071443e-001
  1.9600000e+000  8.3272024e-001  9.9070207e-001
  1.9680000e+000  8.3290128e-001  9.9068538e-001
  1.9760000e+000  8.3052129e-001  9.9067338e-001
  1.9840000e+000  8.3115253e-001  9.9067272e-001
  1.9920000e+000  8.2896410e-001  9.9068352e-001
  2.0000000e+000  8.3191347e-001  9.9069985e-001
  2.0080000e+000  8.3082526e-001  9.9071345e-001
  2.0160000e+000  8.3095871e-001  9.9071728e-001
  2.0240000e+000  8.3117598e-001  9.9070782e-001
  2.0320000e+000  8.3117358e-001  9.9068660e-001
  2.0400000e+000  8.3074022e-001  9.9066037e-001
  2.0480000e+000  8.3025593e-001  9.9063849e-001
  2.0560000e+000  8.2960345e-001  9.9062836e-001
  2.0640000e+000  8.2979423e-001  9.9063129e-001
  2.0720000e+000  8.3003300e-001  9.9064175e-001
  2.0800000e+000  8.2976245e-001  9.9065063e-001
  2.0880000e+000  8.2970544e-001  9.9065010e-001
  2.0960000e+000  8.2932431e-001  9.9063695e-001
  2.1040000e+000  8.3029294e-001  9.9061312e-001
  2.1120000e+000  8.2889127e-001  9.9058439e-001
  2.1200000e+000  8.2830213e-001  9.9055838e-001
  2.1280000e+000  8.2893432e-001  9.9054168e-001
  2.1360000e+000  8.2765384e-001  9.9053634e-001
  2.1440000e+000  8.2862350e-001  9.9053843e-001
  2.1520000e+000  8.2591766e-001  9.9054043e-001
  2.1600000e+000  8.2643122e-001  9.9053572e-001
  2.1680000e+000  8.2740999e-001  9.9052149e-001
  2.1760000e+000  8.2531056e-001  9.9049886e-001
  2.1840000e+000  8.2390557e-001  9.9047172e-001
  2.1920000e+000  8.2578131e-001  9.9044523e-001
  2.2000000e+000  8.2538273e-001  9.9042391e-001
  2.2080000e+000  8.2609975e-001  9.9040959e-001
  2.2160000e+000  8.2743188e-001  9.9040069e-001
  2.2240000e+000  8.2554298e-001  9.9039345e-001
  2.2320000e+000  8.2647987e-001  9.9038389e-001
  2.2400000e+000  8.2547617e-001  9.9036934e-001
  2.2480000e+000  8.2487253e-001  9.9034928e-001
  2.2560000e+000  8.2255816e-001  9.9032534e-001
  2.2640000e+000  8.2285860e-001  9.9030005e-001
  2.2720000e+000  8.2182921e-001  9.9027557e-001
  2.2800000e+000  8.2220541e-001  9.9025329e-001
  2.2880000e+000  8.2257997e-001  9.9023405e-001
  2.2960000e+000  8.2280864e-001  9.9021787e-001
  2.3040000e+000  8.2201674e-001  9.9020338e-001
  2.3120000e+000  8.2100776e-001  9.9018841e-001
  2.3200000e+000  8.2149494e-001  9.9017126e-001
  2.3280000e+000  8.1887098e-001  9.9015130e-001
  2.3360000e+000  8.1841870e-001  9.9012844e-001
  2.3440000e+000  8.1934808e-001  9.9010318e-001
  2.3520000e+000  8.1866473e-001  9.9007718e-001
  2.3600000e+000  8.1971493e-001  9.9005290e-001
  2.3680000e+000  8.1805836e-001  9.9003211e-001
  2.3760000e+000  8.1622269e-001  9.9001489e-001
  2.3840000e+000  8.1442083e-001  9.8999995e-001
  2.3920000e+000  8.1563504e-001  9.8998537e-001
  2.4000000e+000  8.1647081e-001  9.8996893e-001
  2.4080000e+000  8.1463586e-001  9.8994893e-001
  2.4160000e+000  8.1370256e-001  9.8992556e-001
  2.4240000e+000  8.1678545e-001  9.8990104e-001
  2.4320000e+000  8.1418879e-001  9.8987807e-001
  2.4400000e+000  8.1500969e-001  9.8985829e-001
  2.4480000e+000  8.1476377e-001  9.8984207e-001
  2.4560000e+000  8.1263775e-001  9.8982864e-001
  2.4640000e+000  8.1279456e-001  9.8981606e-001
  2.4720000e+000  8.1201073e-001  9.8980176e-001
  2.4800000e+000  8.1298832e-001  9.8978427e-001
  2.4880000e+000  8.1068080e-001  9.8976442e-001
  2.4960000e+000  8.1373166e-001  9.8974441e-001
  2.5040000e+000  8.1198660e-001  9.8972610e-001
  2.5120000e+000  8.1177355e-001  9.8971039e-001
  2.5200000e+000  8.1002467e-001  9.8969747e-001
  2.5280000e+000  8.1136150e-001  9.8968660e-001
  2.5360000e+000  8.0805760e-001  9.8967605e-001
  2.5440000e+000  8.0899552e-001  9.8966416e-001
  2.5520000e+000  8.1014667e-001  9.8965075e-001
  2.5600000e+000  8.0988100e-001  9.8963697e-001
  2.5680000e+000  8.1124703e-001  9.8962398e-001
  2.5760000e+000  8.0980558e-001  9.8961228e-001
  2.5840000e+000  8.0852373e-001  9.8960200e-001
  2.5920000e+000  8.0757181e-001  9.8959302e-001
  2.6000000e+000  8.0786240e-001  9.8958475e-001
  2.6080000e+000  8.0861939e-001  9.8957660e-001
  2.6160000e+000  8.0638571e-001  9.8956883e-001
  2.6240000e+000  8.0720432e-001  9.8956248e-001
  2.6320000e+000  8.0749009e-001  9.8955831e-001
  2.6400000e+000  8.0955550e-001  9.8955611e-001
  2.6480000e+000  8.0946821e-001  9.8955491e-001
  2.6560000e+000  8.0683313e-001  9.8955356e-001
  2.6640000e+000  8.0611947e-001  9.8955125e-001
  2.6720000e+000  8.0510149e-001  9.8954799e-001
  2.6800000e+000  8.0438600e-001  9.8954493e-001
  2.6880000e+000  8.0626878e-001  9.8954384e-001
  2.6960000e+000  8.0646112e-001  9.8954606e-001
  2.7040000e+000  8.0742898e-001  9.8955194e-001
  2.7120000e+000  8.0596612e-001  9.8956074e-001
  2.7200000e+000  8.0585547e-001  9.8957081e-001
  2.7280000e+000  8.0564188e-001  9.8958019e-001
  2.7360000e+000  8.0746149e-001  9.8958783e-001
  2.7440000e+000  8.0727884e-001  9.8959441e-001
  2.7520000e+000  8.0510239e-001  9.8960167e-001
  2.7600000e+000  8.0594972e-001  9.8961096e-001
  2.7680000e+000  8.0804239e-001  9.8962270e-001
  2.7760000e+000  8.0729496e-001  9.8963670e-001
  2.7840000e+000  8.0804320e-001  9.8965220e-001
  2.7920000e+000  8.0620990e-001  9.8966771e-001
  2.8000000e+000  8.0310190e-001  9.8968193e-001
  2.8080000e+000  8.0535730e-001  9.8969517e-001
  2.8160000e+000  8.0656051e-001  9.8970933e-001
  2.8240000e+000  8.0679462e-001  9.8972594e-001
  2.8320000e+000  8.1001295e-001  9.8974481e-001
  2.8400000e+000  8.1207088e-001  9.8976457e-001
  2.8480000e+000  8.1327126e-001  9.8978381e-001
  2.8560000e+000  8.1229721e-001  9.8980141e-001
  2.8640000e+000  8.0670240e-001  9.8981650e-001
