  1.5000000e+000  0.0000000e+000
  1.5200000e+000  0.0000000e+000
  1.5400000e+000  0.0000000e+000
  1.5600000e+000  0.0000000e+000
  1.5800000e+000  0.0000000e+000
  1.6000000e+000  0.0000000e+000
  1.6200000e+000  0.0000000e+000
  1.6400000e+000  0.0000000e+000
  1.6600000e+000  0.0000000e+000
  1.6800000e+000  0.0000000e+000
  1.7000000e+000  0.0000000e+000
  1.7200000e+000  0.0000000e+000
  1.7400000e+000  5.3062413e-004
  1.7600000e+000  5.1063534e-004
  1.7800000e+000  4.9065969e-004
  1.8000000e+000  4.7072340e-004
  1.8200000e+000  4.5085265e-004
  1.8400000e+000  4.3107364e-004
  1.8600000e+000  4.1141256e-004
  1.8800000e+000  3.9189562e-004
  1.9000000e+000  3.7254900e-004
  1.9200000e+000  3.5339890e-004
  1.9400000e+000  3.3447152e-004
  1.9600000e+000  3.1579305e-004
  1.9800000e+000  2.9738969e-004
  2.0000000e+000  2.7928763e-004
  2.0200000e+000  2.6151308e-004
  2.0400000e+000  2.4409221e-004
  2.0600000e+000  2.2705124e-004
  2.0800000e+000  2.1041635e-004
  2.1000000e+000  1.9421374e-004
  2.1200000e+000  1.7846961e-004
  2.1400000e+000  1.6321015e-004
  2.1600000e+000  1.4846155e-004
  2.1800000e+000  1.3425002e-004
  2.2000000e+000  1.2060175e-004
  2.2200000e+000  1.0754293e-004
  2.2400000e+000  9.5099759e-005
  2.2600000e+000  8.3298433e-005
  2.2800000e+000  7.2165147e-005
  2.3000000e+000  6.1726096e-005
  2.3200000e+000  5.2007476e-005
  2.3400000e+000  4.3035482e-005
  2.3600000e+000  3.4836311e-005
  2.3800000e+000  2.7436156e-005
  2.4000000e+000  2.0861214e-005
  2.4200000e+000  1.5137680e-005
  2.4400000e+000  1.0291750e-005
  2.4600000e+000  6.3496190e-006
  2.4800000e+000  3.3374826e-006
  2.5000000e+000  1.2815363e-006
  2.5200000e+000  2.0797554e-007
  2.5400000e+000  4.4700931e-008
  2.5600000e+000  4.2587717e-008
  2.5800000e+000  4.0529918e-008
  2.6000000e+000  3.8527535e-008
  2.6200000e+000  3.6580569e-008
  2.6400000e+000  3.4689022e-008
  2.6600000e+000  3.2852893e-008
  2.6800000e+000  3.1072183e-008
  2.7000000e+000  2.9346893e-008
  2.7200000e+000  2.7677023e-008
  2.7400000e+000  2.6062575e-008
  2.7600000e+000  2.4503549e-008
  2.7800000e+000  2.2999945e-008
  2.8000000e+000  2.1551765e-008
  2.8200000e+000  2.0159009e-008
  2.8400000e+000  1.8821677e-008
  2.8600000e+000  1.7539771e-008
  2.8800000e+000  1.6313291e-008
  2.9000000e+000  1.5142238e-008
  2.9200000e+000  1.4026613e-008
  2.9400000e+000  1.2966416e-008
  2.9600000e+000  1.1961647e-008
  2.9800000e+000  1.1012308e-008
  3.0000000e+000  1.0118400e-008
  3.0200000e+000  9.2799220e-009
  3.0400000e+000  8.4968760e-009
  3.0600000e+000  7.7692623e-009
  3.0800000e+000  7.0970817e-009
  3.1000000e+000  6.4803349e-009
  3.1200000e+000  5.9190224e-009
  3.1400000e+000  5.4131451e-009
  3.1600000e+000  4.9627035e-009
  3.1800000e+000  4.5676985e-009
  3.2000000e+000  4.2281307e-009
  3.2200000e+000  3.9440007e-009
  3.2400000e+000  3.7153093e-009
  3.2600000e+000  3.5420572e-009
  3.2800000e+000  3.4242450e-009
  3.3000000e+000  3.3618735e-009
  3.3200000e+000  9.9917324e-009
  3.3400000e+000  9.1413237e-008
  3.3600000e+000  2.6244770e-007
  3.3800000e+000  5.1922923e-007
  3.4000000e+000  8.5789191e-007
  3.4200000e+000  1.2745699e-006
  3.4400000e+000  1.7653972e-006
  3.4600000e+000  2.3265080e-006
  3.4800000e+000  2.9540364e-006
  3.5000000e+000  3.6441164e-006
  3.5200000e+000  4.3928822e-006
  3.5400000e+000  5.1964679e-006
  3.5600000e+000  6.0510076e-006
  3.5800000e+000  6.9526354e-006
  3.6000000e+000  7.8974853e-006
  3.6200000e+000  8.8816916e-006
  3.6400000e+000  9.9013882e-006
  3.6600000e+000  1.0952709e-005
  3.6800000e+000  1.2031789e-005
  3.7000000e+000  1.3134762e-005
  3.7200000e+000  1.4257761e-005
  3.7400000e+000  1.5396921e-005
  3.7600000e+000  1.6548376e-005
  3.7800000e+000  1.7708260e-005
  3.8000000e+000  1.8872708e-005
  3.8200000e+000  2.0037853e-005
  3.8400000e+000  2.1199829e-005
  3.8600000e+000  2.2354770e-005
  3.8800000e+000  2.3498812e-005
  3.9000000e+000  2.4628087e-005
  3.9200000e+000  2.5738730e-005
  3.9400000e+000  2.6826875e-005
  3.9600000e+000  2.7888655e-005
  3.9800000e+000  2.8920206e-005
  4.0000000e+000  2.9917662e-005
  4.0200000e+000  3.0877155e-005
  4.0400000e+000  3.1794821e-005
  4.0600000e+000  3.2666794e-005
  4.0800000e+000  3.3489207e-005
  4.1000000e+000  3.4262188e-005
  4.1200000e+000  3.5040788e-005
  4.1400000e+000  3.5841909e-005
  4.1600000e+000  3.6663249e-005
  4.1800000e+000  3.7502506e-005
  4.2000000e+000  3.8357378e-005
  4.2200000e+000  3.9225562e-005
  4.2400000e+000  4.0104756e-005
  4.2600000e+000  4.0992659e-005
  4.2800000e+000  4.1886967e-005
  4.3000000e+000  4.2785378e-005
  4.3200000e+000  4.3685591e-005
  4.3400000e+000  4.4585303e-005
  4.3600000e+000  4.5482211e-005
  4.3800000e+000  4.6374014e-005
  4.4000000e+000  4.7258408e-005
  4.4200000e+000  4.8133093e-005
  4.4400000e+000  4.8995765e-005
  4.4600000e+000  4.9844123e-005
  4.4800000e+000  5.0675864e-005
  4.5000000e+000  5.1488686e-005
  4.5200000e+000  5.2280286e-005
  4.5400000e+000  5.3048363e-005
  4.5600000e+000  5.3790613e-005
  4.5800000e+000  5.4504736e-005
  4.6000000e+000  5.5188428e-005
  4.6200000e+000  5.5839388e-005
  4.6400000e+000  5.6455312e-005
  4.6600000e+000  5.7033900e-005
  4.6800000e+000  5.7572847e-005
  4.7000000e+000  5.8069854e-005
  4.7200000e+000  5.8522616e-005
  4.7400000e+000  5.8928832e-005
  4.7600000e+000  5.9286200e-005
  4.7800000e+000  5.9592416e-005
  4.8000000e+000  5.9845180e-005
  4.8200000e+000  6.0042189e-005
  4.8400000e+000  6.0181140e-005
  4.8600000e+000  6.0259731e-005
  4.8800000e+000  6.0270341e-005
  4.9000000e+000  6.0097394e-005
  4.9200000e+000  5.9703744e-005
  4.9400000e+000  5.9101463e-005
  4.9600000e+000  5.8302625e-005
  4.9800000e+000  5.7319301e-005
  5.0000000e+000  5.6163564e-005
  5.0200000e+000  5.4847487e-005
  5.0400000e+000  5.3383144e-005
  5.0600000e+000  5.1782605e-005
  5.0800000e+000  5.0057945e-005
  5.1000000e+000  4.8221235e-005
  5.1200000e+000  4.6284548e-005
  5.1400000e+000  4.4259958e-005
  5.1600000e+000  4.2159536e-005
  5.1800000e+000  3.9995356e-005
  5.2000000e+000  3.7779489e-005
  5.2200000e+000  3.5524009e-005
  5.2400000e+000  3.3240988e-005
  5.2600000e+000  3.0942499e-005
  5.2800000e+000  2.8640615e-005
  5.3000000e+000  2.6347408e-005
  5.3200000e+000  2.4074951e-005
  5.3400000e+000  2.1835316e-005
  5.3600000e+000  1.9640577e-005
  5.3800000e+000  1.7502805e-005
  5.4000000e+000  1.5434074e-005
  5.4200000e+000  1.3446456e-005
  5.4400000e+000  1.1552024e-005
  5.4600000e+000  9.7628505e-006
  5.4800000e+000  8.0910079e-006
  5.5000000e+000  6.5485691e-006
  5.5200000e+000  5.1476067e-006
  5.5400000e+000  3.9001934e-006
  5.5600000e+000  2.8184018e-006
  5.5800000e+000  1.9143046e-006
  5.6000000e+000  1.1999744e-006
  5.6200000e+000  6.8748391e-007
  5.6400000e+000  3.8890578e-007
  5.6600000e+000  3.1230287e-007
  5.6800000e+000  3.1800087e-007
  5.7000000e+000  3.3164753e-007
  5.7200000e+000  3.5280952e-007
  5.7400000e+000  3.8105353e-007
  5.7600000e+000  4.1594625e-007
  5.7800000e+000  4.5705435e-007
  5.8000000e+000  5.0394453e-007
  5.8200000e+000  5.5618345e-007
  5.8400000e+000  6.1333782e-007
  5.8600000e+000  6.7497430e-007
  5.8800000e+000  7.4065959e-007
  5.9000000e+000  8.0996036e-007
  5.9200000e+000  8.8244330e-007
  5.9400000e+000  9.5767510e-007
  5.9600000e+000  1.0352224e-006
  5.9800000e+000  1.1146520e-006
  6.0000000e+000  1.1955304e-006
  6.0200000e+000  1.2774245e-006
  6.0400000e+000  1.3599008e-006
  6.0600000e+000  1.4425260e-006
  6.0800000e+000  1.5248669e-006
  6.1000000e+000  1.6064902e-006
  6.1200000e+000  1.6869624e-006
  6.1400000e+000  1.7658503e-006
  6.1600000e+000  1.8427206e-006
  6.1800000e+000  1.9171399e-006
  6.2000000e+000  1.9886749e-006
  6.2200000e+000  2.0568924e-006
  6.2400000e+000  2.1213590e-006
  6.2600000e+000  2.1816414e-006
  6.2800000e+000  2.2373062e-006
  6.3000000e+000  2.2879202e-006
  6.3200000e+000  2.3330500e-006
  6.3400000e+000  2.3722624e-006
  6.3600000e+000  2.4051239e-006
  6.3800000e+000  2.4312013e-006
  6.4000000e+000  2.4500613e-006
  6.4200000e+000  2.4612706e-006
  6.4400000e+000  2.4643865e-006
  6.4600000e+000  2.4584489e-006
  6.4800000e+000  2.4433811e-006
  6.5000000e+000  2.4196791e-006
  6.5200000e+000  2.3878389e-006
  6.5400000e+000  2.3483566e-006
  6.5600000e+000  2.3017280e-006
  6.5800000e+000  2.2484494e-006
  6.6000000e+000  2.1890166e-006
  6.6200000e+000  2.1239256e-006
  6.6400000e+000  2.0536726e-006
  6.6600000e+000  1.9787535e-006
  6.6800000e+000  1.8996642e-006
  6.7000000e+000  1.8169009e-006
  6.7200000e+000  1.7309596e-006
  6.7400000e+000  1.6423361e-006
  6.7600000e+000  1.5515267e-006
  6.7800000e+000  1.4590272e-006
  6.8000000e+000  1.3653337e-006
  6.8200000e+000  1.2709421e-006
  6.8400000e+000  1.1763486e-006
  6.8600000e+000  1.0820492e-006
  6.8800000e+000  9.8853970e-007
  6.9000000e+000  8.9631629e-007
  6.9200000e+000  8.0587493e-007
  6.9400000e+000  7.1771165e-007
  6.9600000e+000  6.3232244e-007
  6.9800000e+000  5.5020333e-007
  7.0000000e+000  4.7185032e-007
  7.0200000e+000  3.9775943e-007
  7.0400000e+000  3.2842666e-007
  7.0600000e+000  2.6434804e-007
  7.0800000e+000  2.0601957e-007
  7.1000000e+000  1.5393726e-007
  7.1200000e+000  1.0859713e-007
  7.1400000e+000  7.0495188e-008
  7.1600000e+000  4.0127447e-008
  7.1800000e+000  1.7989918e-008
  7.2000000e+000  4.5786146e-009
  7.2200000e+000  3.7060791e-010
  7.2400000e+000  3.5184883e-010
  7.2600000e+000  3.3357680e-010
  7.2800000e+000  3.1579181e-010
  7.3000000e+000  2.9849388e-010
  7.3200000e+000  2.8168302e-010
  7.3400000e+000  2.6535924e-010
  7.3600000e+000  2.4952256e-010
  7.3800000e+000  2.3417298e-010
  7.4000000e+000  2.1931052e-010
  7.4200000e+000  2.0493518e-010
  7.4400000e+000  1.9104699e-010
  7.4600000e+000  1.7764594e-010
  7.4800000e+000  1.6473205e-010
  7.5000000e+000  1.5230534e-010
  7.5200000e+000  1.4036581e-010
  7.5400000e+000  1.2891348e-010
  7.5600000e+000  1.1794835e-010
  7.5800000e+000  1.0747044e-010
  7.6000000e+000  9.7479759e-011
  7.6200000e+000  8.7976318e-011
  7.6400000e+000  7.8960128e-011
  7.6600000e+000  7.0431201e-011
  7.6800000e+000  6.2389549e-011
  7.7000000e+000  5.4835182e-011
  7.7200000e+000  4.7768111e-011
  7.7400000e+000  4.1188348e-011
  7.7600000e+000  3.5095905e-011
  7.7800000e+000  2.9490792e-011
  7.8000000e+000  2.4373022e-011
  7.8200000e+000  1.9742604e-011
  7.8400000e+000  1.5599551e-011
  7.8600000e+000  1.1943873e-011
  7.8800000e+000  8.7755827e-012
  7.9000000e+000  6.0946906e-012
  7.9200000e+000  3.9012080e-012
  7.9400000e+000  2.1951464e-012
  7.9600000e+000  9.7651695e-013
  7.9800000e+000  2.4533101e-013
  8.0000000e+000  1.5998526e-015
  8.0200000e+000  0.0000000e+000
  8.0400000e+000  0.0000000e+000
  8.0600000e+000  0.0000000e+000
  8.0800000e+000  0.0000000e+000
  8.1000000e+000  0.0000000e+000
  8.1200000e+000  0.0000000e+000
  8.1400000e+000  0.0000000e+000
  8.1600000e+000  0.0000000e+000
  8.1800000e+000  0.0000000e+000
  8.2000000e+000  0.0000000e+000
  8.2200000e+000  0.0000000e+000
  8.2400000e+000  0.0000000e+000
  8.2600000e+000  0.0000000e+000
  8.2800000e+000  0.0000000e+000
  8.3000000e+000  0.0000000e+000
  8.3200000e+000  0.0000000e+000
  8.3400000e+000  0.0000000e+000
  8.3600000e+000  0.0000000e+000
  8.3800000e+000  0.0000000e+000
  8.4000000e+000  0.0000000e+000
  8.4200000e+000  0.0000000e+000
  8.4400000e+000  0.0000000e+000
  8.4600000e+000  0.0000000e+000
  8.4800000e+000  0.0000000e+000
  8.5000000e+000  0.0000000e+000
  8.5200000e+000  0.0000000e+000
  8.5400000e+000  0.0000000e+000
  8.5600000e+000  0.0000000e+000
  8.5800000e+000  0.0000000e+000
  8.6000000e+000  0.0000000e+000
  8.6200000e+000  0.0000000e+000
  8.6400000e+000  0.0000000e+000
  8.6600000e+000  0.0000000e+000
  8.6800000e+000  0.0000000e+000
  8.7000000e+000  0.0000000e+000
  8.7200000e+000  0.0000000e+000
  8.7400000e+000  0.0000000e+000
  8.7600000e+000  0.0000000e+000
  8.7800000e+000  0.0000000e+000
  8.8000000e+000  0.0000000e+000
  8.8200000e+000  0.0000000e+000
  8.8400000e+000  0.0000000e+000
  8.8600000e+000  0.0000000e+000
  8.8800000e+000  0.0000000e+000
  8.9000000e+000  0.0000000e+000
  8.9200000e+000  0.0000000e+000
  8.9400000e+000  0.0000000e+000
  8.9600000e+000  0.0000000e+000
  8.9800000e+000  0.0000000e+000
  9.0000000e+000  0.0000000e+000
  9.0200000e+000  0.0000000e+000
  9.0400000e+000  0.0000000e+000
  9.0600000e+000  0.0000000e+000
  9.0800000e+000  0.0000000e+000
  9.1000000e+000  0.0000000e+000
  9.1200000e+000  0.0000000e+000
  9.1400000e+000  0.0000000e+000
  9.1600000e+000  0.0000000e+000
  9.1800000e+000  0.0000000e+000
  9.2000000e+000  0.0000000e+000
  9.2200000e+000  0.0000000e+000
  9.2400000e+000  0.0000000e+000
  9.2600000e+000  0.0000000e+000
  9.2800000e+000  0.0000000e+000
  9.3000000e+000  0.0000000e+000
  9.3200000e+000  0.0000000e+000
  9.3400000e+000  0.0000000e+000
  9.3600000e+000  0.0000000e+000
  9.3800000e+000  0.0000000e+000
  9.4000000e+000  0.0000000e+000
  9.4200000e+000  0.0000000e+000
  9.4400000e+000  0.0000000e+000
  9.4600000e+000  0.0000000e+000
  9.4800000e+000  0.0000000e+000
  9.5000000e+000  0.0000000e+000
  9.5200000e+000  0.0000000e+000
  9.5400000e+000  0.0000000e+000
  9.5600000e+000  0.0000000e+000
  9.5800000e+000  0.0000000e+000
  9.6000000e+000  0.0000000e+000
  9.6200000e+000  0.0000000e+000
  9.6400000e+000  0.0000000e+000
  9.6600000e+000  0.0000000e+000
  9.6800000e+000  0.0000000e+000
  9.7000000e+000  0.0000000e+000
  9.7200000e+000  0.0000000e+000
  9.7400000e+000  0.0000000e+000
  9.7600000e+000  0.0000000e+000
  9.7800000e+000  0.0000000e+000
  9.8000000e+000  0.0000000e+000
  9.8200000e+000  0.0000000e+000
  9.8400000e+000  0.0000000e+000
  9.8600000e+000  0.0000000e+000
  9.8800000e+000  0.0000000e+000
  9.9000000e+000  0.0000000e+000
  9.9200000e+000  0.0000000e+000
  9.9400000e+000  0.0000000e+000
  9.9600000e+000  0.0000000e+000
  9.9800000e+000  0.0000000e+000
  1.0000000e+001  0.0000000e+000
  1.0020000e+001  0.0000000e+000
  1.0040000e+001  0.0000000e+000
  1.0060000e+001  0.0000000e+000
  1.0080000e+001  0.0000000e+000
  1.0100000e+001  0.0000000e+000
  1.0120000e+001  0.0000000e+000
  1.0140000e+001  0.0000000e+000
  1.0160000e+001  0.0000000e+000
  1.0180000e+001  0.0000000e+000
  1.0200000e+001  0.0000000e+000
  1.0220000e+001  0.0000000e+000
  1.0240000e+001  0.0000000e+000
  1.0260000e+001  0.0000000e+000
  1.0280000e+001  0.0000000e+000
  1.0300000e+001  0.0000000e+000
  1.0320000e+001  0.0000000e+000
  1.0340000e+001  0.0000000e+000
  1.0360000e+001  0.0000000e+000
  1.0380000e+001  0.0000000e+000
  1.0400000e+001  0.0000000e+000
  1.0420000e+001  0.0000000e+000
  1.0440000e+001  0.0000000e+000
  1.0460000e+001  0.0000000e+000
  1.0480000e+001  0.0000000e+000
  1.0500000e+001  0.0000000e+000
  1.0520000e+001  0.0000000e+000
  1.0540000e+001  0.0000000e+000
  1.0560000e+001  0.0000000e+000
  1.0580000e+001  0.0000000e+000
  1.0600000e+001  0.0000000e+000
  1.0620000e+001  0.0000000e+000
  1.0640000e+001  0.0000000e+000
  1.0660000e+001  0.0000000e+000
  1.0680000e+001  0.0000000e+000
  1.0700000e+001  0.0000000e+000
  1.0720000e+001  0.0000000e+000
  1.0740000e+001  0.0000000e+000
  1.0760000e+001  0.0000000e+000
  1.0780000e+001  0.0000000e+000
  1.0800000e+001  0.0000000e+000
  1.0820000e+001  0.0000000e+000
  1.0840000e+001  0.0000000e+000
  1.0860000e+001  0.0000000e+000
  1.0880000e+001  0.0000000e+000
  1.0900000e+001  0.0000000e+000
  1.0920000e+001  0.0000000e+000
  1.0940000e+001  0.0000000e+000
  1.0960000e+001  0.0000000e+000
  1.0980000e+001  0.0000000e+000
  1.1000000e+001  0.0000000e+000
  1.1020000e+001  0.0000000e+000
  1.1040000e+001  0.0000000e+000
  1.1060000e+001  0.0000000e+000
  1.1080000e+001  0.0000000e+000
  1.1100000e+001  0.0000000e+000
  1.1120000e+001  0.0000000e+000
  1.1140000e+001  0.0000000e+000
  1.1160000e+001  0.0000000e+000
  1.1180000e+001  0.0000000e+000
  1.1200000e+001  0.0000000e+000
  1.1220000e+001  0.0000000e+000
  1.1240000e+001  0.0000000e+000
  1.1260000e+001  0.0000000e+000
  1.1280000e+001  0.0000000e+000
  1.1300000e+001  0.0000000e+000
  1.1320000e+001  0.0000000e+000
  1.1340000e+001  0.0000000e+000
  1.1360000e+001  0.0000000e+000
  1.1380000e+001  0.0000000e+000
  1.1400000e+001  0.0000000e+000
  1.1420000e+001  0.0000000e+000
  1.1440000e+001  0.0000000e+000
  1.1460000e+001  0.0000000e+000
  1.1480000e+001  0.0000000e+000
  1.1500000e+001  0.0000000e+000
  1.1520000e+001  0.0000000e+000
  1.1540000e+001  0.0000000e+000
  1.1560000e+001  0.0000000e+000
  1.1580000e+001  0.0000000e+000
  1.1600000e+001  0.0000000e+000
  1.1620000e+001  0.0000000e+000
  1.1640000e+001  0.0000000e+000
  1.1660000e+001  0.0000000e+000
  1.1680000e+001  0.0000000e+000
  1.1700000e+001  0.0000000e+000
  1.1720000e+001  0.0000000e+000
  1.1740000e+001  0.0000000e+000
  1.1760000e+001  0.0000000e+000
  1.1780000e+001  0.0000000e+000
  1.1800000e+001  0.0000000e+000
  1.1820000e+001  0.0000000e+000
  1.1840000e+001  0.0000000e+000
  1.1860000e+001  0.0000000e+000
  1.1880000e+001  0.0000000e+000
  1.1900000e+001  0.0000000e+000
  1.1920000e+001  0.0000000e+000
  1.1940000e+001  0.0000000e+000
  1.1960000e+001  0.0000000e+000
  1.1980000e+001  0.0000000e+000
  1.2000000e+001  0.0000000e+000
  1.2020000e+001  0.0000000e+000
  1.2040000e+001  0.0000000e+000
  1.2060000e+001  0.0000000e+000
  1.2080000e+001  0.0000000e+000
  1.2100000e+001  0.0000000e+000
  1.2120000e+001  0.0000000e+000
  1.2140000e+001  0.0000000e+000
  1.2160000e+001  0.0000000e+000
  1.2180000e+001  0.0000000e+000
  1.2200000e+001  0.0000000e+000
  1.2220000e+001  0.0000000e+000
  1.2240000e+001  0.0000000e+000
  1.2260000e+001  0.0000000e+000
  1.2280000e+001  0.0000000e+000
  1.2300000e+001  0.0000000e+000
  1.2320000e+001  0.0000000e+000
  1.2340000e+001  0.0000000e+000
  1.2360000e+001  0.0000000e+000
  1.2380000e+001  0.0000000e+000
  1.2400000e+001  0.0000000e+000
  1.2420000e+001  0.0000000e+000
  1.2440000e+001  0.0000000e+000
  1.2460000e+001  0.0000000e+000
  1.2480000e+001  0.0000000e+000
  1.2500000e+001  0.0000000e+000
  1.2520000e+001  0.0000000e+000
  1.2540000e+001  0.0000000e+000
  1.2560000e+001  0.0000000e+000
  1.2580000e+001  0.0000000e+000
  1.2600000e+001  0.0000000e+000
  1.2620000e+001  0.0000000e+000
  1.2640000e+001  0.0000000e+000
  1.2660000e+001  0.0000000e+000
  1.2680000e+001  0.0000000e+000
  1.2700000e+001  0.0000000e+000
  1.2720000e+001  0.0000000e+000
  1.2740000e+001  0.0000000e+000
  1.2760000e+001  0.0000000e+000
  1.2780000e+001  0.0000000e+000
  1.2800000e+001  0.0000000e+000
  1.2820000e+001  0.0000000e+000
  1.2840000e+001  0.0000000e+000
  1.2860000e+001  0.0000000e+000
  1.2880000e+001  0.0000000e+000
  1.2900000e+001  0.0000000e+000
  1.2920000e+001  0.0000000e+000
  1.2940000e+001  0.0000000e+000
  1.2960000e+001  0.0000000e+000
  1.2980000e+001  0.0000000e+000
  1.3000000e+001  0.0000000e+000
  1.3020000e+001  0.0000000e+000
  1.3040000e+001  0.0000000e+000
  1.3060000e+001  0.0000000e+000
  1.3080000e+001  0.0000000e+000
  1.3100000e+001  0.0000000e+000
  1.3120000e+001  0.0000000e+000
  1.3140000e+001  0.0000000e+000
  1.3160000e+001  0.0000000e+000
  1.3180000e+001  0.0000000e+000
  1.3200000e+001  0.0000000e+000
  1.3220000e+001  0.0000000e+000
  1.3240000e+001  0.0000000e+000
  1.3260000e+001  0.0000000e+000
  1.3280000e+001  0.0000000e+000
  1.3300000e+001  0.0000000e+000
  1.3320000e+001  0.0000000e+000
  1.3340000e+001  0.0000000e+000
  1.3360000e+001  0.0000000e+000
  1.3380000e+001  0.0000000e+000
  1.3400000e+001  0.0000000e+000
  1.3420000e+001  0.0000000e+000
  1.3440000e+001  0.0000000e+000
  1.3460000e+001  0.0000000e+000
  1.3480000e+001  0.0000000e+000
  1.3500000e+001  0.0000000e+000
  1.3520000e+001  0.0000000e+000
  1.3540000e+001  0.0000000e+000
  1.3560000e+001  0.0000000e+000
  1.3580000e+001  0.0000000e+000
  1.3600000e+001  0.0000000e+000
  1.3620000e+001  0.0000000e+000
  1.3640000e+001  0.0000000e+000
  1.3660000e+001  0.0000000e+000
  1.3680000e+001  0.0000000e+000
  1.3700000e+001  0.0000000e+000
  1.3720000e+001  0.0000000e+000
  1.3740000e+001  0.0000000e+000
  1.3760000e+001  0.0000000e+000
  1.3780000e+001  0.0000000e+000
  1.3800000e+001  0.0000000e+000
  1.3820000e+001  0.0000000e+000
  1.3840000e+001  0.0000000e+000
  1.3860000e+001  0.0000000e+000
  1.3880000e+001  0.0000000e+000
  1.3900000e+001  0.0000000e+000
  1.3920000e+001  0.0000000e+000
  1.3940000e+001  0.0000000e+000
  1.3960000e+001  0.0000000e+000
  1.3980000e+001  0.0000000e+000
  1.4000000e+001  0.0000000e+000
  1.4020000e+001  0.0000000e+000
  1.4040000e+001  0.0000000e+000
  1.4060000e+001  0.0000000e+000
  1.4080000e+001  0.0000000e+000
  1.4100000e+001  0.0000000e+000
  1.4120000e+001  0.0000000e+000
  1.4140000e+001  0.0000000e+000
  1.4160000e+001  0.0000000e+000
  1.4180000e+001  0.0000000e+000
  1.4200000e+001  0.0000000e+000
  1.4220000e+001  0.0000000e+000
  1.4240000e+001  0.0000000e+000
  1.4260000e+001  0.0000000e+000
  1.4280000e+001  0.0000000e+000
  1.4300000e+001  0.0000000e+000
  1.4320000e+001  0.0000000e+000
  1.4340000e+001  0.0000000e+000
  1.4360000e+001  0.0000000e+000
  1.4380000e+001  0.0000000e+000
  1.4400000e+001  0.0000000e+000
  1.4420000e+001  0.0000000e+000
  1.4440000e+001  0.0000000e+000
  1.4460000e+001  0.0000000e+000
  1.4480000e+001  0.0000000e+000
  1.4500000e+001  0.0000000e+000
  1.4520000e+001  0.0000000e+000
  1.4540000e+001  0.0000000e+000
  1.4560000e+001  0.0000000e+000
  1.4580000e+001  0.0000000e+000
  1.4600000e+001  0.0000000e+000
  1.4620000e+001  0.0000000e+000
  1.4640000e+001  0.0000000e+000
  1.4660000e+001  0.0000000e+000
  1.4680000e+001  0.0000000e+000
  1.4700000e+001  0.0000000e+000
  1.4720000e+001  0.0000000e+000
  1.4740000e+001  0.0000000e+000
  1.4760000e+001  0.0000000e+000
  1.4780000e+001  0.0000000e+000
  1.4800000e+001  0.0000000e+000
  1.4820000e+001  0.0000000e+000
  1.4840000e+001  0.0000000e+000
  1.4860000e+001  0.0000000e+000
  1.4880000e+001  0.0000000e+000
  1.4900000e+001  0.0000000e+000
  1.4920000e+001  0.0000000e+000
  1.4940000e+001  0.0000000e+000
  1.4960000e+001  0.0000000e+000
  1.4980000e+001  0.0000000e+000
  1.5000000e+001  0.0000000e+000
  1.5020000e+001  0.0000000e+000
  1.5040000e+001  0.0000000e+000
  1.5060000e+001  0.0000000e+000
  1.5080000e+001  0.0000000e+000
  1.5100000e+001  0.0000000e+000
  1.5120000e+001  0.0000000e+000
  1.5140000e+001  0.0000000e+000
  1.5160000e+001  0.0000000e+000
  1.5180000e+001  0.0000000e+000
  1.5200000e+001  0.0000000e+000
  1.5220000e+001  0.0000000e+000
  1.5240000e+001  0.0000000e+000
  1.5260000e+001  0.0000000e+000
  1.5280000e+001  0.0000000e+000
  1.5300000e+001  0.0000000e+000
  1.5320000e+001  0.0000000e+000
  1.5340000e+001  0.0000000e+000
  1.5360000e+001  0.0000000e+000
  1.5380000e+001  0.0000000e+000
  1.5400000e+001  0.0000000e+000
  1.5420000e+001  0.0000000e+000
  1.5440000e+001  0.0000000e+000
  1.5460000e+001  0.0000000e+000
  1.5480000e+001  0.0000000e+000
  1.5500000e+001  0.0000000e+000
  1.5520000e+001  0.0000000e+000
  1.5540000e+001  0.0000000e+000
  1.5560000e+001  0.0000000e+000
  1.5580000e+001  0.0000000e+000
  1.5600000e+001  0.0000000e+000
  1.5620000e+001  0.0000000e+000
  1.5640000e+001  0.0000000e+000
  1.5660000e+001  0.0000000e+000
  1.5680000e+001  0.0000000e+000
  1.5700000e+001  0.0000000e+000
  1.5720000e+001  0.0000000e+000
  1.5740000e+001  0.0000000e+000
  1.5760000e+001  0.0000000e+000
  1.5780000e+001  0.0000000e+000
  1.5800000e+001  0.0000000e+000
  1.5820000e+001  0.0000000e+000
  1.5840000e+001  0.0000000e+000
  1.5860000e+001  0.0000000e+000
  1.5880000e+001  0.0000000e+000
  1.5900000e+001  0.0000000e+000
  1.5920000e+001  0.0000000e+000
  1.5940000e+001  0.0000000e+000
  1.5960000e+001  0.0000000e+000
  1.5980000e+001  0.0000000e+000
  1.6000000e+001  0.0000000e+000
  1.6020000e+001  0.0000000e+000
  1.6040000e+001  0.0000000e+000
  1.6060000e+001  0.0000000e+000
  1.6080000e+001  0.0000000e+000
  1.6100000e+001  0.0000000e+000
  1.6120000e+001  0.0000000e+000
  1.6140000e+001  0.0000000e+000
  1.6160000e+001  0.0000000e+000
  1.6180000e+001  0.0000000e+000
  1.6200000e+001  0.0000000e+000
  1.6220000e+001  0.0000000e+000
  1.6240000e+001  0.0000000e+000
  1.6260000e+001  0.0000000e+000
  1.6280000e+001  0.0000000e+000
  1.6300000e+001  0.0000000e+000
  1.6320000e+001  0.0000000e+000
  1.6340000e+001  0.0000000e+000
  1.6360000e+001  0.0000000e+000
  1.6380000e+001  0.0000000e+000
  1.6400000e+001  0.0000000e+000
  1.6420000e+001  0.0000000e+000
  1.6440000e+001  0.0000000e+000
  1.6460000e+001  0.0000000e+000
  1.6480000e+001  0.0000000e+000
  1.6500000e+001  0.0000000e+000
  1.6520000e+001  0.0000000e+000
  1.6540000e+001  0.0000000e+000
  1.6560000e+001  0.0000000e+000
  1.6580000e+001  0.0000000e+000
  1.6600000e+001  0.0000000e+000
  1.6620000e+001  0.0000000e+000
  1.6640000e+001  0.0000000e+000
  1.6660000e+001  0.0000000e+000
  1.6680000e+001  0.0000000e+000
  1.6700000e+001  0.0000000e+000
  1.6720000e+001  0.0000000e+000
  1.6740000e+001  0.0000000e+000
  1.6760000e+001  0.0000000e+000
  1.6780000e+001  0.0000000e+000
  1.6800000e+001  0.0000000e+000
  1.6820000e+001  0.0000000e+000
  1.6840000e+001  0.0000000e+000
  1.6860000e+001  0.0000000e+000
  1.6880000e+001  0.0000000e+000
  1.6900000e+001  0.0000000e+000
  1.6920000e+001  0.0000000e+000
  1.6940000e+001  0.0000000e+000
  1.6960000e+001  0.0000000e+000
  1.6980000e+001  0.0000000e+000
  1.7000000e+001  0.0000000e+000
  1.7020000e+001  0.0000000e+000
  1.7040000e+001  0.0000000e+000
  1.7060000e+001  0.0000000e+000
  1.7080000e+001  0.0000000e+000
  1.7100000e+001  0.0000000e+000
  1.7120000e+001  0.0000000e+000
  1.7140000e+001  0.0000000e+000
  1.7160000e+001  0.0000000e+000
  1.7180000e+001  0.0000000e+000
  1.7200000e+001  0.0000000e+000
  1.7220000e+001  0.0000000e+000
  1.7240000e+001  0.0000000e+000
  1.7260000e+001  0.0000000e+000
  1.7280000e+001  0.0000000e+000
  1.7300000e+001  0.0000000e+000
  1.7320000e+001  0.0000000e+000
  1.7340000e+001  0.0000000e+000
  1.7360000e+001  0.0000000e+000
  1.7380000e+001  0.0000000e+000
  1.7400000e+001  0.0000000e+000
  1.7420000e+001  0.0000000e+000
  1.7440000e+001  0.0000000e+000
  1.7460000e+001  0.0000000e+000
  1.7480000e+001  0.0000000e+000
  1.7500000e+001  0.0000000e+000
  1.7520000e+001  0.0000000e+000
  1.7540000e+001  0.0000000e+000
  1.7560000e+001  0.0000000e+000
  1.7580000e+001  0.0000000e+000
  1.7600000e+001  0.0000000e+000
  1.7620000e+001  0.0000000e+000
  1.7640000e+001  0.0000000e+000
  1.7660000e+001  0.0000000e+000
  1.7680000e+001  0.0000000e+000
  1.7700000e+001  0.0000000e+000
  1.7720000e+001  0.0000000e+000
  1.7740000e+001  0.0000000e+000
  1.7760000e+001  0.0000000e+000
  1.7780000e+001  0.0000000e+000
  1.7800000e+001  0.0000000e+000
  1.7820000e+001  0.0000000e+000
  1.7840000e+001  0.0000000e+000
  1.7860000e+001  0.0000000e+000
  1.7880000e+001  0.0000000e+000
  1.7900000e+001  0.0000000e+000
  1.7920000e+001  0.0000000e+000
  1.7940000e+001  0.0000000e+000
  1.7960000e+001  0.0000000e+000
  1.7980000e+001  0.0000000e+000
  1.8000000e+001  0.0000000e+000
  1.8020000e+001  0.0000000e+000
  1.8040000e+001  0.0000000e+000
  1.8060000e+001  0.0000000e+000
  1.8080000e+001  0.0000000e+000
  1.8100000e+001  0.0000000e+000
  1.8120000e+001  0.0000000e+000
  1.8140000e+001  0.0000000e+000
  1.8160000e+001  0.0000000e+000
  1.8180000e+001  0.0000000e+000
  1.8200000e+001  0.0000000e+000
  1.8220000e+001  0.0000000e+000
  1.8240000e+001  0.0000000e+000
  1.8260000e+001  0.0000000e+000
  1.8280000e+001  0.0000000e+000
  1.8300000e+001  0.0000000e+000
  1.8320000e+001  0.0000000e+000
  1.8340000e+001  0.0000000e+000
  1.8360000e+001  0.0000000e+000
  1.8380000e+001  0.0000000e+000
  1.8400000e+001  0.0000000e+000
  1.8420000e+001  0.0000000e+000
  1.8440000e+001  0.0000000e+000
  1.8460000e+001  0.0000000e+000
  1.8480000e+001  0.0000000e+000
  1.8500000e+001  0.0000000e+000
  1.8520000e+001  0.0000000e+000
  1.8540000e+001  0.0000000e+000
  1.8560000e+001  0.0000000e+000
  1.8580000e+001  0.0000000e+000
  1.8600000e+001  0.0000000e+000
  1.8620000e+001  0.0000000e+000
  1.8640000e+001  0.0000000e+000
  1.8660000e+001  0.0000000e+000
  1.8680000e+001  0.0000000e+000
  1.8700000e+001  0.0000000e+000
  1.8720000e+001  0.0000000e+000
  1.8740000e+001  0.0000000e+000
  1.8760000e+001  0.0000000e+000
  1.8780000e+001  0.0000000e+000
  1.8800000e+001  0.0000000e+000
  1.8820000e+001  0.0000000e+000
  1.8840000e+001  0.0000000e+000
  1.8860000e+001  0.0000000e+000
  1.8880000e+001  0.0000000e+000
  1.8900000e+001  0.0000000e+000
  1.8920000e+001  0.0000000e+000
  1.8940000e+001  0.0000000e+000
  1.8960000e+001  0.0000000e+000
  1.8980000e+001  0.0000000e+000
  1.9000000e+001  0.0000000e+000
  1.9020000e+001  0.0000000e+000
  1.9040000e+001  0.0000000e+000
  1.9060000e+001  0.0000000e+000
  1.9080000e+001  0.0000000e+000
  1.9100000e+001  0.0000000e+000
  1.9120000e+001  0.0000000e+000
  1.9140000e+001  0.0000000e+000
  1.9160000e+001  0.0000000e+000
  1.9180000e+001  0.0000000e+000
  1.9200000e+001  0.0000000e+000
  1.9220000e+001  0.0000000e+000
  1.9240000e+001  0.0000000e+000
  1.9260000e+001  0.0000000e+000
  1.9280000e+001  0.0000000e+000
  1.9300000e+001  0.0000000e+000
  1.9320000e+001  0.0000000e+000
  1.9340000e+001  0.0000000e+000
  1.9360000e+001  0.0000000e+000
  1.9380000e+001  0.0000000e+000
  1.9400000e+001  0.0000000e+000
  1.9420000e+001  0.0000000e+000
  1.9440000e+001  0.0000000e+000
  1.9460000e+001  0.0000000e+000
  1.9480000e+001  0.0000000e+000
  1.9500000e+001  0.0000000e+000
  1.9520000e+001  0.0000000e+000
  1.9540000e+001  0.0000000e+000
  1.9560000e+001  0.0000000e+000
  1.9580000e+001  0.0000000e+000
  1.9600000e+001  0.0000000e+000
  1.9620000e+001  0.0000000e+000
  1.9640000e+001  0.0000000e+000
  1.9660000e+001  0.0000000e+000
  1.9680000e+001  0.0000000e+000
  1.9700000e+001  0.0000000e+000
  1.9720000e+001  0.0000000e+000
  1.9740000e+001  0.0000000e+000
  1.9760000e+001  0.0000000e+000
  1.9780000e+001  0.0000000e+000
  1.9800000e+001  0.0000000e+000
  1.9820000e+001  0.0000000e+000
  1.9840000e+001  0.0000000e+000
  1.9860000e+001  0.0000000e+000
  1.9880000e+001  0.0000000e+000
  1.9900000e+001  0.0000000e+000
  1.9920000e+001  0.0000000e+000
  1.9940000e+001  0.0000000e+000
  1.9960000e+001  0.0000000e+000
  1.9980000e+001  0.0000000e+000
  2.0000000e+001  0.0000000e+000
  2.0020000e+001  0.0000000e+000
  2.0040000e+001  0.0000000e+000
  2.0060000e+001  0.0000000e+000
  2.0080000e+001  0.0000000e+000
  2.0100000e+001  0.0000000e+000
  2.0120000e+001  0.0000000e+000
  2.0140000e+001  0.0000000e+000
  2.0160000e+001  0.0000000e+000
  2.0180000e+001  0.0000000e+000
  2.0200000e+001  0.0000000e+000
  2.0220000e+001  0.0000000e+000
  2.0240000e+001  0.0000000e+000
  2.0260000e+001  0.0000000e+000
  2.0280000e+001  0.0000000e+000
  2.0300000e+001  0.0000000e+000
  2.0320000e+001  0.0000000e+000
  2.0340000e+001  0.0000000e+000
  2.0360000e+001  0.0000000e+000
  2.0380000e+001  0.0000000e+000
  2.0400000e+001  0.0000000e+000
  2.0420000e+001  0.0000000e+000
  2.0440000e+001  0.0000000e+000
  2.0460000e+001  0.0000000e+000
  2.0480000e+001  0.0000000e+000
  2.0500000e+001  0.0000000e+000
  2.0520000e+001  0.0000000e+000
  2.0540000e+001  0.0000000e+000
  2.0560000e+001  0.0000000e+000
  2.0580000e+001  0.0000000e+000
  2.0600000e+001  0.0000000e+000
  2.0620000e+001  0.0000000e+000
  2.0640000e+001  0.0000000e+000
  2.0660000e+001  0.0000000e+000
  2.0680000e+001  0.0000000e+000
  2.0700000e+001  0.0000000e+000
  2.0720000e+001  0.0000000e+000
  2.0740000e+001  0.0000000e+000
  2.0760000e+001  0.0000000e+000
  2.0780000e+001  0.0000000e+000
  2.0800000e+001  0.0000000e+000
  2.0820000e+001  0.0000000e+000
  2.0840000e+001  0.0000000e+000
  2.0860000e+001  0.0000000e+000
  2.0880000e+001  0.0000000e+000
  2.0900000e+001  0.0000000e+000
  2.0920000e+001  0.0000000e+000
  2.0940000e+001  0.0000000e+000
  2.0960000e+001  0.0000000e+000
  2.0980000e+001  0.0000000e+000
  2.1000000e+001  0.0000000e+000
  2.1020000e+001  0.0000000e+000
  2.1040000e+001  0.0000000e+000
  2.1060000e+001  0.0000000e+000
  2.1080000e+001  0.0000000e+000
  2.1100000e+001  0.0000000e+000
  2.1120000e+001  0.0000000e+000
  2.1140000e+001  0.0000000e+000
  2.1160000e+001  0.0000000e+000
  2.1180000e+001  0.0000000e+000
  2.1200000e+001  0.0000000e+000
  2.1220000e+001  0.0000000e+000
  2.1240000e+001  0.0000000e+000
  2.1260000e+001  0.0000000e+000
  2.1280000e+001  0.0000000e+000
  2.1300000e+001  0.0000000e+000
  2.1320000e+001  0.0000000e+000
  2.1340000e+001  0.0000000e+000
  2.1360000e+001  0.0000000e+000
  2.1380000e+001  0.0000000e+000
  2.1400000e+001  0.0000000e+000
  2.1420000e+001  0.0000000e+000
  2.1440000e+001  0.0000000e+000
  2.1460000e+001  0.0000000e+000
  2.1480000e+001  0.0000000e+000
  2.1500000e+001  0.0000000e+000
  2.1520000e+001  0.0000000e+000
  2.1540000e+001  0.0000000e+000
  2.1560000e+001  0.0000000e+000
  2.1580000e+001  0.0000000e+000
  2.1600000e+001  0.0000000e+000
  2.1620000e+001  0.0000000e+000
  2.1640000e+001  0.0000000e+000
  2.1660000e+001  0.0000000e+000
  2.1680000e+001  0.0000000e+000
  2.1700000e+001  0.0000000e+000
  2.1720000e+001  0.0000000e+000
  2.1740000e+001  0.0000000e+000
  2.1760000e+001  0.0000000e+000
  2.1780000e+001  0.0000000e+000
  2.1800000e+001  0.0000000e+000
  2.1820000e+001  0.0000000e+000
  2.1840000e+001  0.0000000e+000
  2.1860000e+001  0.0000000e+000
  2.1880000e+001  0.0000000e+000
  2.1900000e+001  0.0000000e+000
  2.1920000e+001  0.0000000e+000
  2.1940000e+001  0.0000000e+000
  2.1960000e+001  0.0000000e+000
  2.1980000e+001  0.0000000e+000
  2.2000000e+001  0.0000000e+000
  2.2020000e+001  0.0000000e+000
  2.2040000e+001  0.0000000e+000
  2.2060000e+001  0.0000000e+000
  2.2080000e+001  0.0000000e+000
  2.2100000e+001  0.0000000e+000
  2.2120000e+001  0.0000000e+000
  2.2140000e+001  0.0000000e+000
  2.2160000e+001  0.0000000e+000
  2.2180000e+001  0.0000000e+000
  2.2200000e+001  0.0000000e+000
  2.2220000e+001  0.0000000e+000
  2.2240000e+001  0.0000000e+000
  2.2260000e+001  0.0000000e+000
  2.2280000e+001  0.0000000e+000
  2.2300000e+001  0.0000000e+000
  2.2320000e+001  0.0000000e+000
  2.2340000e+001  0.0000000e+000
  2.2360000e+001  0.0000000e+000
  2.2380000e+001  0.0000000e+000
  2.2400000e+001  0.0000000e+000
  2.2420000e+001  0.0000000e+000
  2.2440000e+001  0.0000000e+000
  2.2460000e+001  0.0000000e+000
  2.2480000e+001  0.0000000e+000
  2.2500000e+001  0.0000000e+000
  2.2520000e+001  0.0000000e+000
  2.2540000e+001  0.0000000e+000
  2.2560000e+001  0.0000000e+000
  2.2580000e+001  0.0000000e+000
  2.2600000e+001  0.0000000e+000
  2.2620000e+001  0.0000000e+000
  2.2640000e+001  0.0000000e+000
  2.2660000e+001  0.0000000e+000
  2.2680000e+001  0.0000000e+000
  2.2700000e+001  0.0000000e+000
  2.2720000e+001  0.0000000e+000
  2.2740000e+001  0.0000000e+000
  2.2760000e+001  0.0000000e+000
  2.2780000e+001  0.0000000e+000
  2.2800000e+001  0.0000000e+000
  2.2820000e+001  0.0000000e+000
  2.2840000e+001  0.0000000e+000
  2.2860000e+001  0.0000000e+000
  2.2880000e+001  0.0000000e+000
  2.2900000e+001  0.0000000e+000
  2.2920000e+001  0.0000000e+000
  2.2940000e+001  0.0000000e+000
  2.2960000e+001  0.0000000e+000
  2.2980000e+001  0.0000000e+000
  2.3000000e+001  0.0000000e+000
  2.3020000e+001  0.0000000e+000
  2.3040000e+001  0.0000000e+000
  2.3060000e+001  0.0000000e+000
  2.3080000e+001  0.0000000e+000
  2.3100000e+001  0.0000000e+000
  2.3120000e+001  0.0000000e+000
  2.3140000e+001  0.0000000e+000
  2.3160000e+001  0.0000000e+000
  2.3180000e+001  0.0000000e+000
  2.3200000e+001  0.0000000e+000
  2.3220000e+001  0.0000000e+000
  2.3240000e+001  0.0000000e+000
  2.3260000e+001  0.0000000e+000
  2.3280000e+001  0.0000000e+000
  2.3300000e+001  0.0000000e+000
  2.3320000e+001  0.0000000e+000
  2.3340000e+001  0.0000000e+000
  2.3360000e+001  0.0000000e+000
  2.3380000e+001  0.0000000e+000
  2.3400000e+001  0.0000000e+000
  2.3420000e+001  0.0000000e+000
  2.3440000e+001  0.0000000e+000
  2.3460000e+001  0.0000000e+000
  2.3480000e+001  0.0000000e+000
  2.3500000e+001  0.0000000e+000
  2.3520000e+001  0.0000000e+000
  2.3540000e+001  0.0000000e+000
  2.3560000e+001  0.0000000e+000
  2.3580000e+001  0.0000000e+000
  2.3600000e+001  0.0000000e+000
  2.3620000e+001  0.0000000e+000
  2.3640000e+001  0.0000000e+000
  2.3660000e+001  0.0000000e+000
  2.3680000e+001  0.0000000e+000
  2.3700000e+001  0.0000000e+000
  2.3720000e+001  0.0000000e+000
  2.3740000e+001  0.0000000e+000
  2.3760000e+001  0.0000000e+000
  2.3780000e+001  0.0000000e+000
  2.3800000e+001  0.0000000e+000
  2.3820000e+001  0.0000000e+000
  2.3840000e+001  0.0000000e+000
  2.3860000e+001  0.0000000e+000
  2.3880000e+001  0.0000000e+000
  2.3900000e+001  0.0000000e+000
  2.3920000e+001  0.0000000e+000
  2.3940000e+001  0.0000000e+000
  2.3960000e+001  0.0000000e+000
  2.3980000e+001  0.0000000e+000
  2.4000000e+001  0.0000000e+000
  2.4020000e+001  0.0000000e+000
  2.4040000e+001  0.0000000e+000
  2.4060000e+001  0.0000000e+000
  2.4080000e+001  0.0000000e+000
  2.4100000e+001  0.0000000e+000
  2.4120000e+001  0.0000000e+000
  2.4140000e+001  0.0000000e+000
  2.4160000e+001  0.0000000e+000
  2.4180000e+001  0.0000000e+000
  2.4200000e+001  0.0000000e+000
  2.4220000e+001  0.0000000e+000
  2.4240000e+001  0.0000000e+000
  2.4260000e+001  0.0000000e+000
  2.4280000e+001  0.0000000e+000
  2.4300000e+001  0.0000000e+000
  2.4320000e+001  0.0000000e+000
  2.4340000e+001  0.0000000e+000
  2.4360000e+001  0.0000000e+000
  2.4380000e+001  0.0000000e+000
  2.4400000e+001  0.0000000e+000
  2.4420000e+001  0.0000000e+000
  2.4440000e+001  0.0000000e+000
  2.4460000e+001  0.0000000e+000
  2.4480000e+001  0.0000000e+000
  2.4500000e+001  0.0000000e+000
  2.4520000e+001  0.0000000e+000
  2.4540000e+001  0.0000000e+000
  2.4560000e+001  0.0000000e+000
  2.4580000e+001  0.0000000e+000
  2.4600000e+001  0.0000000e+000
  2.4620000e+001  0.0000000e+000
  2.4640000e+001  0.0000000e+000
  2.4660000e+001  0.0000000e+000
  2.4680000e+001  0.0000000e+000
  2.4700000e+001  0.0000000e+000
  2.4720000e+001  0.0000000e+000
  2.4740000e+001  0.0000000e+000
  2.4760000e+001  0.0000000e+000
  2.4780000e+001  0.0000000e+000
  2.4800000e+001  0.0000000e+000
  2.4820000e+001  0.0000000e+000
  2.4840000e+001  0.0000000e+000
  2.4860000e+001  0.0000000e+000
  2.4880000e+001  0.0000000e+000
  2.4900000e+001  0.0000000e+000
  2.4920000e+001  0.0000000e+000
  2.4940000e+001  0.0000000e+000
  2.4960000e+001  0.0000000e+000
  2.4980000e+001  0.0000000e+000
  2.5000000e+001  0.0000000e+000
  2.5020000e+001  0.0000000e+000
  2.5040000e+001  0.0000000e+000
  2.5060000e+001  0.0000000e+000
  2.5080000e+001  0.0000000e+000
  2.5100000e+001  0.0000000e+000
  2.5120000e+001  0.0000000e+000
  2.5140000e+001  0.0000000e+000
  2.5160000e+001  0.0000000e+000
  2.5180000e+001  0.0000000e+000
  2.5200000e+001  0.0000000e+000
  2.5220000e+001  0.0000000e+000
  2.5240000e+001  0.0000000e+000
  2.5260000e+001  0.0000000e+000
  2.5280000e+001  0.0000000e+000
  2.5300000e+001  0.0000000e+000
  2.5320000e+001  0.0000000e+000
  2.5340000e+001  0.0000000e+000
  2.5360000e+001  0.0000000e+000
  2.5380000e+001  0.0000000e+000
  2.5400000e+001  0.0000000e+000
  2.5420000e+001  0.0000000e+000
  2.5440000e+001  0.0000000e+000
  2.5460000e+001  0.0000000e+000
  2.5480000e+001  0.0000000e+000
  2.5500000e+001  0.0000000e+000
  2.5520000e+001  0.0000000e+000
  2.5540000e+001  0.0000000e+000
  2.5560000e+001  0.0000000e+000
  2.5580000e+001  0.0000000e+000
  2.5600000e+001  0.0000000e+000
  2.5620000e+001  0.0000000e+000
  2.5640000e+001  0.0000000e+000
  2.5660000e+001  0.0000000e+000
  2.5680000e+001  0.0000000e+000
  2.5700000e+001  0.0000000e+000
  2.5720000e+001  0.0000000e+000
  2.5740000e+001  0.0000000e+000
  2.5760000e+001  0.0000000e+000
  2.5780000e+001  0.0000000e+000
  2.5800000e+001  0.0000000e+000
  2.5820000e+001  0.0000000e+000
  2.5840000e+001  0.0000000e+000
  2.5860000e+001  0.0000000e+000
  2.5880000e+001  0.0000000e+000
  2.5900000e+001  0.0000000e+000
  2.5920000e+001  0.0000000e+000
  2.5940000e+001  0.0000000e+000
  2.5960000e+001  0.0000000e+000
  2.5980000e+001  0.0000000e+000
  2.6000000e+001  0.0000000e+000
  2.6020000e+001  0.0000000e+000
  2.6040000e+001  0.0000000e+000
  2.6060000e+001  0.0000000e+000
  2.6080000e+001  0.0000000e+000
  2.6100000e+001  0.0000000e+000
  2.6120000e+001  0.0000000e+000
  2.6140000e+001  0.0000000e+000
  2.6160000e+001  0.0000000e+000
  2.6180000e+001  0.0000000e+000
  2.6200000e+001  0.0000000e+000
  2.6220000e+001  0.0000000e+000
  2.6240000e+001  0.0000000e+000
  2.6260000e+001  0.0000000e+000
  2.6280000e+001  0.0000000e+000
  2.6300000e+001  0.0000000e+000
  2.6320000e+001  0.0000000e+000
  2.6340000e+001  0.0000000e+000
  2.6360000e+001  0.0000000e+000
  2.6380000e+001  0.0000000e+000
  2.6400000e+001  0.0000000e+000
  2.6420000e+001  0.0000000e+000
  2.6440000e+001  0.0000000e+000
  2.6460000e+001  0.0000000e+000
  2.6480000e+001  0.0000000e+000
  2.6500000e+001  0.0000000e+000
  2.6520000e+001  0.0000000e+000
  2.6540000e+001  0.0000000e+000
  2.6560000e+001  0.0000000e+000
  2.6580000e+001  0.0000000e+000
  2.6600000e+001  0.0000000e+000
  2.6620000e+001  0.0000000e+000
  2.6640000e+001  0.0000000e+000
  2.6660000e+001  0.0000000e+000
  2.6680000e+001  0.0000000e+000
  2.6700000e+001  0.0000000e+000
  2.6720000e+001  0.0000000e+000
  2.6740000e+001  0.0000000e+000
  2.6760000e+001  0.0000000e+000
  2.6780000e+001  0.0000000e+000
  2.6800000e+001  0.0000000e+000
  2.6820000e+001  0.0000000e+000
  2.6840000e+001  0.0000000e+000
  2.6860000e+001  0.0000000e+000
  2.6880000e+001  0.0000000e+000
  2.6900000e+001  0.0000000e+000
  2.6920000e+001  0.0000000e+000
  2.6940000e+001  0.0000000e+000
  2.6960000e+001  0.0000000e+000
  2.6980000e+001  0.0000000e+000
  2.7000000e+001  0.0000000e+000
  2.7020000e+001  0.0000000e+000
  2.7040000e+001  0.0000000e+000
  2.7060000e+001  0.0000000e+000
  2.7080000e+001  0.0000000e+000
  2.7100000e+001  0.0000000e+000
  2.7120000e+001  0.0000000e+000
  2.7140000e+001  0.0000000e+000
  2.7160000e+001  0.0000000e+000
  2.7180000e+001  0.0000000e+000
  2.7200000e+001  0.0000000e+000
  2.7220000e+001  0.0000000e+000
  2.7240000e+001  0.0000000e+000
  2.7260000e+001  0.0000000e+000
  2.7280000e+001  0.0000000e+000
  2.7300000e+001  0.0000000e+000
  2.7320000e+001  0.0000000e+000
  2.7340000e+001  0.0000000e+000
  2.7360000e+001  0.0000000e+000
  2.7380000e+001  0.0000000e+000
  2.7400000e+001  0.0000000e+000
  2.7420000e+001  0.0000000e+000
  2.7440000e+001  0.0000000e+000
  2.7460000e+001  0.0000000e+000
  2.7480000e+001  0.0000000e+000
  2.7500000e+001  0.0000000e+000
  2.7520000e+001  0.0000000e+000
  2.7540000e+001  0.0000000e+000
  2.7560000e+001  0.0000000e+000
  2.7580000e+001  0.0000000e+000
  2.7600000e+001  0.0000000e+000
  2.7620000e+001  0.0000000e+000
  2.7640000e+001  0.0000000e+000
  2.7660000e+001  0.0000000e+000
  2.7680000e+001  0.0000000e+000
  2.7700000e+001  0.0000000e+000
  2.7720000e+001  0.0000000e+000
  2.7740000e+001  0.0000000e+000
  2.7760000e+001  0.0000000e+000
  2.7780000e+001  0.0000000e+000
  2.7800000e+001  0.0000000e+000
  2.7820000e+001  0.0000000e+000
  2.7840000e+001  0.0000000e+000
  2.7860000e+001  0.0000000e+000
  2.7880000e+001  0.0000000e+000
  2.7900000e+001  0.0000000e+000
  2.7920000e+001  0.0000000e+000
  2.7940000e+001  0.0000000e+000
  2.7960000e+001  0.0000000e+000
  2.7980000e+001  0.0000000e+000
  2.8000000e+001  0.0000000e+000
  2.8020000e+001  0.0000000e+000
  2.8040000e+001  0.0000000e+000
  2.8060000e+001  0.0000000e+000
  2.8080000e+001  0.0000000e+000
  2.8100000e+001  0.0000000e+000
  2.8120000e+001  0.0000000e+000
  2.8140000e+001  0.0000000e+000
  2.8160000e+001  0.0000000e+000
  2.8180000e+001  0.0000000e+000
  2.8200000e+001  0.0000000e+000
  2.8220000e+001  0.0000000e+000
  2.8240000e+001  0.0000000e+000
  2.8260000e+001  0.0000000e+000
  2.8280000e+001  0.0000000e+000
  2.8300000e+001  0.0000000e+000
  2.8320000e+001  0.0000000e+000
  2.8340000e+001  0.0000000e+000
  2.8360000e+001  0.0000000e+000
  2.8380000e+001  0.0000000e+000
  2.8400000e+001  0.0000000e+000
  2.8420000e+001  0.0000000e+000
  2.8440000e+001  0.0000000e+000
  2.8460000e+001  0.0000000e+000
  2.8480000e+001  0.0000000e+000
  2.8500000e+001  0.0000000e+000
  2.8520000e+001  0.0000000e+000
  2.8540000e+001  0.0000000e+000
  2.8560000e+001  0.0000000e+000
  2.8580000e+001  0.0000000e+000
  2.8600000e+001  0.0000000e+000
  2.8620000e+001  0.0000000e+000
  2.8640000e+001  0.0000000e+000
  2.8660000e+001  0.0000000e+000
  2.8680000e+001  0.0000000e+000
  2.8700000e+001  0.0000000e+000
  2.8720000e+001  0.0000000e+000
  2.8740000e+001  0.0000000e+000
  2.8760000e+001  0.0000000e+000
  2.8780000e+001  0.0000000e+000
  2.8800000e+001  0.0000000e+000
  2.8820000e+001  0.0000000e+000
  2.8840000e+001  0.0000000e+000
  2.8860000e+001  0.0000000e+000
  2.8880000e+001  0.0000000e+000
  2.8900000e+001  0.0000000e+000
  2.8920000e+001  0.0000000e+000
  2.8940000e+001  0.0000000e+000
  2.8960000e+001  0.0000000e+000
  2.8980000e+001  0.0000000e+000
  2.9000000e+001  0.0000000e+000
  2.9020000e+001  0.0000000e+000
  2.9040000e+001  0.0000000e+000
  2.9060000e+001  0.0000000e+000
  2.9080000e+001  0.0000000e+000
  2.9100000e+001  0.0000000e+000
  2.9120000e+001  0.0000000e+000
  2.9140000e+001  0.0000000e+000
  2.9160000e+001  0.0000000e+000
  2.9180000e+001  0.0000000e+000
  2.9200000e+001  0.0000000e+000
  2.9220000e+001  0.0000000e+000
  2.9240000e+001  0.0000000e+000
  2.9260000e+001  0.0000000e+000
  2.9280000e+001  0.0000000e+000
  2.9300000e+001  0.0000000e+000
  2.9320000e+001  0.0000000e+000
  2.9340000e+001  0.0000000e+000
  2.9360000e+001  0.0000000e+000
  2.9380000e+001  0.0000000e+000
  2.9400000e+001  0.0000000e+000
  2.9420000e+001  0.0000000e+000
  2.9440000e+001  0.0000000e+000
  2.9460000e+001  0.0000000e+000
  2.9480000e+001  0.0000000e+000
  2.9500000e+001  0.0000000e+000
  2.9520000e+001  0.0000000e+000
  2.9540000e+001  0.0000000e+000
  2.9560000e+001  0.0000000e+000
  2.9580000e+001  0.0000000e+000
  2.9600000e+001  0.0000000e+000
  2.9620000e+001  0.0000000e+000
  2.9640000e+001  0.0000000e+000
  2.9660000e+001  0.0000000e+000
  2.9680000e+001  0.0000000e+000
  2.9700000e+001  0.0000000e+000
  2.9720000e+001  0.0000000e+000
  2.9740000e+001  0.0000000e+000
  2.9760000e+001  0.0000000e+000
  2.9780000e+001  0.0000000e+000
  2.9800000e+001  0.0000000e+000
  2.9820000e+001  0.0000000e+000
  2.9840000e+001  0.0000000e+000
  2.9860000e+001  0.0000000e+000
  2.9880000e+001  0.0000000e+000
  2.9900000e+001  0.0000000e+000
  2.9920000e+001  0.0000000e+000
  2.9940000e+001  0.0000000e+000
  2.9960000e+001  0.0000000e+000
  2.9980000e+001  0.0000000e+000
  3.0000000e+001  0.0000000e+000
  3.0020000e+001  0.0000000e+000
  3.0040000e+001  0.0000000e+000
  3.0060000e+001  0.0000000e+000
  3.0080000e+001  0.0000000e+000
  3.0100000e+001  0.0000000e+000
  3.0120000e+001  0.0000000e+000
  3.0140000e+001  0.0000000e+000
  3.0160000e+001  0.0000000e+000
  3.0180000e+001  0.0000000e+000
  3.0200000e+001  0.0000000e+000
  3.0220000e+001  0.0000000e+000
  3.0240000e+001  0.0000000e+000
  3.0260000e+001  0.0000000e+000
  3.0280000e+001  0.0000000e+000
  3.0300000e+001  0.0000000e+000
  3.0320000e+001  0.0000000e+000
  3.0340000e+001  0.0000000e+000
  3.0360000e+001  0.0000000e+000
  3.0380000e+001  0.0000000e+000
  3.0400000e+001  0.0000000e+000
  3.0420000e+001  0.0000000e+000
  3.0440000e+001  0.0000000e+000
  3.0460000e+001  0.0000000e+000
  3.0480000e+001  0.0000000e+000
  3.0500000e+001  0.0000000e+000
  3.0520000e+001  0.0000000e+000
  3.0540000e+001  0.0000000e+000
  3.0560000e+001  0.0000000e+000
  3.0580000e+001  0.0000000e+000
  3.0600000e+001  0.0000000e+000
  3.0620000e+001  0.0000000e+000
  3.0640000e+001  0.0000000e+000
  3.0660000e+001  0.0000000e+000
  3.0680000e+001  0.0000000e+000
  3.0700000e+001  0.0000000e+000
  3.0720000e+001  0.0000000e+000
  3.0740000e+001  0.0000000e+000
  3.0760000e+001  0.0000000e+000
  3.0780000e+001  0.0000000e+000
  3.0800000e+001  0.0000000e+000
  3.0820000e+001  0.0000000e+000
  3.0840000e+001  0.0000000e+000
  3.0860000e+001  0.0000000e+000
  3.0880000e+001  0.0000000e+000
  3.0900000e+001  0.0000000e+000
  3.0920000e+001  0.0000000e+000
  3.0940000e+001  0.0000000e+000
  3.0960000e+001  0.0000000e+000
  3.0980000e+001  0.0000000e+000
  3.1000000e+001  0.0000000e+000
  3.1020000e+001  0.0000000e+000
  3.1040000e+001  0.0000000e+000
  3.1060000e+001  0.0000000e+000
  3.1080000e+001  0.0000000e+000
  3.1100000e+001  0.0000000e+000
  3.1120000e+001  0.0000000e+000
  3.1140000e+001  0.0000000e+000
  3.1160000e+001  0.0000000e+000
  3.1180000e+001  0.0000000e+000
  3.1200000e+001  0.0000000e+000
  3.1220000e+001  0.0000000e+000
  3.1240000e+001  0.0000000e+000
  3.1260000e+001  0.0000000e+000
  3.1280000e+001  0.0000000e+000
  3.1300000e+001  0.0000000e+000
  3.1320000e+001  0.0000000e+000
  3.1340000e+001  0.0000000e+000
  3.1360000e+001  0.0000000e+000
  3.1380000e+001  0.0000000e+000
  3.1400000e+001  0.0000000e+000
  3.1420000e+001  0.0000000e+000
  3.1440000e+001  0.0000000e+000
  3.1460000e+001  0.0000000e+000
  3.1480000e+001  0.0000000e+000
  3.1500000e+001  0.0000000e+000
  3.1520000e+001  0.0000000e+000
  3.1540000e+001  0.0000000e+000
  3.1560000e+001  0.0000000e+000
  3.1580000e+001  0.0000000e+000
  3.1600000e+001  0.0000000e+000
  3.1620000e+001  0.0000000e+000
  3.1640000e+001  0.0000000e+000
  3.1660000e+001  0.0000000e+000
  3.1680000e+001  0.0000000e+000
  3.1700000e+001  0.0000000e+000
  3.1720000e+001  0.0000000e+000
  3.1740000e+001  0.0000000e+000
  3.1760000e+001  0.0000000e+000
  3.1780000e+001  0.0000000e+000
  3.1800000e+001  0.0000000e+000
  3.1820000e+001  0.0000000e+000
  3.1840000e+001  0.0000000e+000
  3.1860000e+001  0.0000000e+000
  3.1880000e+001  0.0000000e+000
  3.1900000e+001  0.0000000e+000
  3.1920000e+001  0.0000000e+000
  3.1940000e+001  0.0000000e+000
  3.1960000e+001  0.0000000e+000
  3.1980000e+001  0.0000000e+000
  3.2000000e+001  0.0000000e+000
  3.2020000e+001  0.0000000e+000
  3.2040000e+001  0.0000000e+000
  3.2060000e+001  0.0000000e+000
  3.2080000e+001  0.0000000e+000
  3.2100000e+001  0.0000000e+000
  3.2120000e+001  0.0000000e+000
  3.2140000e+001  0.0000000e+000
  3.2160000e+001  0.0000000e+000
  3.2180000e+001  0.0000000e+000
  3.2200000e+001  0.0000000e+000
  3.2220000e+001  0.0000000e+000
  3.2240000e+001  0.0000000e+000
  3.2260000e+001  0.0000000e+000
  3.2280000e+001  0.0000000e+000
  3.2300000e+001  0.0000000e+000
  3.2320000e+001  0.0000000e+000
  3.2340000e+001  0.0000000e+000
  3.2360000e+001  0.0000000e+000
  3.2380000e+001  0.0000000e+000
  3.2400000e+001  0.0000000e+000
  3.2420000e+001  0.0000000e+000
  3.2440000e+001  0.0000000e+000
  3.2460000e+001  0.0000000e+000
  3.2480000e+001  0.0000000e+000
  3.2500000e+001  0.0000000e+000
  3.2520000e+001  0.0000000e+000
  3.2540000e+001  0.0000000e+000
  3.2560000e+001  0.0000000e+000
  3.2580000e+001  0.0000000e+000
  3.2600000e+001  0.0000000e+000
  3.2620000e+001  0.0000000e+000
  3.2640000e+001  0.0000000e+000
  3.2660000e+001  0.0000000e+000
  3.2680000e+001  0.0000000e+000
  3.2700000e+001  0.0000000e+000
  3.2720000e+001  0.0000000e+000
  3.2740000e+001  0.0000000e+000
  3.2760000e+001  0.0000000e+000
  3.2780000e+001  0.0000000e+000
  3.2800000e+001  0.0000000e+000
  3.2820000e+001  0.0000000e+000
  3.2840000e+001  0.0000000e+000
  3.2860000e+001  0.0000000e+000
  3.2880000e+001  0.0000000e+000
  3.2900000e+001  0.0000000e+000
  3.2920000e+001  0.0000000e+000
  3.2940000e+001  0.0000000e+000
  3.2960000e+001  0.0000000e+000
  3.2980000e+001  0.0000000e+000
  3.3000000e+001  0.0000000e+000
  3.3020000e+001  0.0000000e+000
  3.3040000e+001  0.0000000e+000
  3.3060000e+001  0.0000000e+000
  3.3080000e+001  0.0000000e+000
  3.3100000e+001  0.0000000e+000
  3.3120000e+001  0.0000000e+000
  3.3140000e+001  0.0000000e+000
  3.3160000e+001  0.0000000e+000
  3.3180000e+001  0.0000000e+000
  3.3200000e+001  0.0000000e+000
  3.3220000e+001  0.0000000e+000
  3.3240000e+001  0.0000000e+000
  3.3260000e+001  0.0000000e+000
  3.3280000e+001  0.0000000e+000
  3.3300000e+001  0.0000000e+000
  3.3320000e+001  0.0000000e+000
  3.3340000e+001  0.0000000e+000
  3.3360000e+001  0.0000000e+000
  3.3380000e+001  0.0000000e+000
  3.3400000e+001  0.0000000e+000
  3.3420000e+001  0.0000000e+000
  3.3440000e+001  0.0000000e+000
  3.3460000e+001  0.0000000e+000
  3.3480000e+001  0.0000000e+000
  3.3500000e+001  0.0000000e+000
  3.3520000e+001  0.0000000e+000
  3.3540000e+001  0.0000000e+000
  3.3560000e+001  0.0000000e+000
  3.3580000e+001  0.0000000e+000
  3.3600000e+001  0.0000000e+000
  3.3620000e+001  0.0000000e+000
  3.3640000e+001  0.0000000e+000
  3.3660000e+001  0.0000000e+000
  3.3680000e+001  0.0000000e+000
  3.3700000e+001  0.0000000e+000
  3.3720000e+001  0.0000000e+000
  3.3740000e+001  0.0000000e+000
  3.3760000e+001  0.0000000e+000
  3.3780000e+001  0.0000000e+000
  3.3800000e+001  0.0000000e+000
  3.3820000e+001  0.0000000e+000
  3.3840000e+001  0.0000000e+000
  3.3860000e+001  0.0000000e+000
  3.3880000e+001  0.0000000e+000
  3.3900000e+001  0.0000000e+000
  3.3920000e+001  0.0000000e+000
  3.3940000e+001  0.0000000e+000
  3.3960000e+001  0.0000000e+000
  3.3980000e+001  0.0000000e+000
  3.4000000e+001  0.0000000e+000
  3.4020000e+001  0.0000000e+000
  3.4040000e+001  0.0000000e+000
  3.4060000e+001  0.0000000e+000
  3.4080000e+001  0.0000000e+000
  3.4100000e+001  0.0000000e+000
  3.4120000e+001  0.0000000e+000
  3.4140000e+001  0.0000000e+000
  3.4160000e+001  0.0000000e+000
  3.4180000e+001  0.0000000e+000
  3.4200000e+001  0.0000000e+000
  3.4220000e+001  0.0000000e+000
  3.4240000e+001  0.0000000e+000
  3.4260000e+001  0.0000000e+000
  3.4280000e+001  0.0000000e+000
  3.4300000e+001  0.0000000e+000
  3.4320000e+001  0.0000000e+000
  3.4340000e+001  0.0000000e+000
  3.4360000e+001  0.0000000e+000
  3.4380000e+001  0.0000000e+000
  3.4400000e+001  0.0000000e+000
  3.4420000e+001  0.0000000e+000
  3.4440000e+001  0.0000000e+000
  3.4460000e+001  0.0000000e+000
  3.4480000e+001  0.0000000e+000
  3.4500000e+001  0.0000000e+000
  3.4520000e+001  0.0000000e+000
  3.4540000e+001  0.0000000e+000
  3.4560000e+001  0.0000000e+000
  3.4580000e+001  0.0000000e+000
  3.4600000e+001  0.0000000e+000
  3.4620000e+001  0.0000000e+000
  3.4640000e+001  0.0000000e+000
  3.4660000e+001  0.0000000e+000
  3.4680000e+001  0.0000000e+000
  3.4700000e+001  0.0000000e+000
  3.4720000e+001  0.0000000e+000
  3.4740000e+001  0.0000000e+000
  3.4760000e+001  0.0000000e+000
  3.4780000e+001  0.0000000e+000
  3.4800000e+001  0.0000000e+000
  3.4820000e+001  0.0000000e+000
  3.4840000e+001  0.0000000e+000
  3.4860000e+001  0.0000000e+000
  3.4880000e+001  0.0000000e+000
  3.4900000e+001  0.0000000e+000
  3.4920000e+001  0.0000000e+000
  3.4940000e+001  0.0000000e+000
  3.4960000e+001  0.0000000e+000
  3.4980000e+001  0.0000000e+000
  3.5000000e+001  0.0000000e+000
  3.5020000e+001  0.0000000e+000
  3.5040000e+001  0.0000000e+000
  3.5060000e+001  0.0000000e+000
  3.5080000e+001  0.0000000e+000
  3.5100000e+001  0.0000000e+000
  3.5120000e+001  0.0000000e+000
  3.5140000e+001  0.0000000e+000
  3.5160000e+001  0.0000000e+000
  3.5180000e+001  0.0000000e+000
  3.5200000e+001  0.0000000e+000
  3.5220000e+001  0.0000000e+000
  3.5240000e+001  0.0000000e+000
  3.5260000e+001  0.0000000e+000
  3.5280000e+001  0.0000000e+000
  3.5300000e+001  0.0000000e+000
  3.5320000e+001  0.0000000e+000
  3.5340000e+001  0.0000000e+000
  3.5360000e+001  0.0000000e+000
  3.5380000e+001  0.0000000e+000
  3.5400000e+001  0.0000000e+000
  3.5420000e+001  0.0000000e+000
  3.5440000e+001  0.0000000e+000
  3.5460000e+001  0.0000000e+000
  3.5480000e+001  0.0000000e+000
  3.5500000e+001  0.0000000e+000
  3.5520000e+001  0.0000000e+000
  3.5540000e+001  0.0000000e+000
  3.5560000e+001  0.0000000e+000
  3.5580000e+001  0.0000000e+000
  3.5600000e+001  0.0000000e+000
  3.5620000e+001  0.0000000e+000
  3.5640000e+001  0.0000000e+000
  3.5660000e+001  0.0000000e+000
  3.5680000e+001  0.0000000e+000
  3.5700000e+001  0.0000000e+000
  3.5720000e+001  0.0000000e+000
  3.5740000e+001  0.0000000e+000
  3.5760000e+001  0.0000000e+000
  3.5780000e+001  0.0000000e+000
  3.5800000e+001  0.0000000e+000
  3.5820000e+001  0.0000000e+000
  3.5840000e+001  0.0000000e+000
  3.5860000e+001  0.0000000e+000
  3.5880000e+001  0.0000000e+000
  3.5900000e+001  0.0000000e+000
  3.5920000e+001  0.0000000e+000
  3.5940000e+001  0.0000000e+000
  3.5960000e+001  0.0000000e+000
  3.5980000e+001  0.0000000e+000
  3.6000000e+001  0.0000000e+000
  3.6020000e+001  0.0000000e+000
  3.6040000e+001  0.0000000e+000
  3.6060000e+001  0.0000000e+000
  3.6080000e+001  0.0000000e+000
  3.6100000e+001  0.0000000e+000
  3.6120000e+001  0.0000000e+000
  3.6140000e+001  0.0000000e+000
  3.6160000e+001  0.0000000e+000
  3.6180000e+001  0.0000000e+000
  3.6200000e+001  0.0000000e+000
  3.6220000e+001  0.0000000e+000
  3.6240000e+001  0.0000000e+000
  3.6260000e+001  0.0000000e+000
  3.6280000e+001  0.0000000e+000
  3.6300000e+001  0.0000000e+000
  3.6320000e+001  0.0000000e+000
  3.6340000e+001  0.0000000e+000
  3.6360000e+001  0.0000000e+000
  3.6380000e+001  0.0000000e+000
  3.6400000e+001  0.0000000e+000
  3.6420000e+001  0.0000000e+000
  3.6440000e+001  0.0000000e+000
  3.6460000e+001  0.0000000e+000
  3.6480000e+001  0.0000000e+000
  3.6500000e+001  0.0000000e+000
  3.6520000e+001  0.0000000e+000
  3.6540000e+001  0.0000000e+000
  3.6560000e+001  0.0000000e+000
  3.6580000e+001  0.0000000e+000
  3.6600000e+001  0.0000000e+000
  3.6620000e+001  0.0000000e+000
  3.6640000e+001  0.0000000e+000
  3.6660000e+001  0.0000000e+000
  3.6680000e+001  0.0000000e+000
  3.6700000e+001  0.0000000e+000
  3.6720000e+001  0.0000000e+000
  3.6740000e+001  0.0000000e+000
  3.6760000e+001  0.0000000e+000
  3.6780000e+001  0.0000000e+000
  3.6800000e+001  0.0000000e+000
  3.6820000e+001  0.0000000e+000
  3.6840000e+001  0.0000000e+000
  3.6860000e+001  0.0000000e+000
  3.6880000e+001  0.0000000e+000
  3.6900000e+001  0.0000000e+000
  3.6920000e+001  0.0000000e+000
  3.6940000e+001  0.0000000e+000
  3.6960000e+001  0.0000000e+000
  3.6980000e+001  0.0000000e+000
  3.7000000e+001  0.0000000e+000
  3.7020000e+001  0.0000000e+000
  3.7040000e+001  0.0000000e+000
  3.7060000e+001  0.0000000e+000
  3.7080000e+001  0.0000000e+000
  3.7100000e+001  0.0000000e+000
  3.7120000e+001  0.0000000e+000
  3.7140000e+001  0.0000000e+000
  3.7160000e+001  0.0000000e+000
  3.7180000e+001  0.0000000e+000
  3.7200000e+001  0.0000000e+000
  3.7220000e+001  0.0000000e+000
  3.7240000e+001  0.0000000e+000
  3.7260000e+001  0.0000000e+000
  3.7280000e+001  0.0000000e+000
  3.7300000e+001  0.0000000e+000
  3.7320000e+001  0.0000000e+000
  3.7340000e+001  0.0000000e+000
  3.7360000e+001  0.0000000e+000
  3.7380000e+001  0.0000000e+000
  3.7400000e+001  0.0000000e+000
  3.7420000e+001  0.0000000e+000
  3.7440000e+001  0.0000000e+000
  3.7460000e+001  0.0000000e+000
  3.7480000e+001  0.0000000e+000
  3.7500000e+001  0.0000000e+000
  3.7520000e+001  0.0000000e+000
  3.7540000e+001  0.0000000e+000
  3.7560000e+001  0.0000000e+000
  3.7580000e+001  0.0000000e+000
  3.7600000e+001  0.0000000e+000
  3.7620000e+001  0.0000000e+000
  3.7640000e+001  0.0000000e+000
  3.7660000e+001  0.0000000e+000
  3.7680000e+001  0.0000000e+000
  3.7700000e+001  0.0000000e+000
  3.7720000e+001  0.0000000e+000
  3.7740000e+001  0.0000000e+000
  3.7760000e+001  0.0000000e+000
  3.7780000e+001  0.0000000e+000
  3.7800000e+001  0.0000000e+000
  3.7820000e+001  0.0000000e+000
  3.7840000e+001  0.0000000e+000
  3.7860000e+001  0.0000000e+000
  3.7880000e+001  0.0000000e+000
  3.7900000e+001  0.0000000e+000
  3.7920000e+001  0.0000000e+000
  3.7940000e+001  0.0000000e+000
  3.7960000e+001  0.0000000e+000
  3.7980000e+001  0.0000000e+000
  3.8000000e+001  0.0000000e+000
  3.8020000e+001  0.0000000e+000
  3.8040000e+001  0.0000000e+000
  3.8060000e+001  0.0000000e+000
  3.8080000e+001  0.0000000e+000
  3.8100000e+001  0.0000000e+000
  3.8120000e+001  0.0000000e+000
  3.8140000e+001  0.0000000e+000
  3.8160000e+001  0.0000000e+000
  3.8180000e+001  0.0000000e+000
  3.8200000e+001  0.0000000e+000
  3.8220000e+001  0.0000000e+000
  3.8240000e+001  0.0000000e+000
  3.8260000e+001  0.0000000e+000
  3.8280000e+001  0.0000000e+000
  3.8300000e+001  0.0000000e+000
  3.8320000e+001  0.0000000e+000
  3.8340000e+001  0.0000000e+000
  3.8360000e+001  0.0000000e+000
  3.8380000e+001  0.0000000e+000
  3.8400000e+001  0.0000000e+000
  3.8420000e+001  0.0000000e+000
  3.8440000e+001  0.0000000e+000
  3.8460000e+001  0.0000000e+000
  3.8480000e+001  0.0000000e+000
  3.8500000e+001  0.0000000e+000
  3.8520000e+001  0.0000000e+000
  3.8540000e+001  0.0000000e+000
  3.8560000e+001  0.0000000e+000
  3.8580000e+001  0.0000000e+000
  3.8600000e+001  0.0000000e+000
  3.8620000e+001  0.0000000e+000
  3.8640000e+001  0.0000000e+000
  3.8660000e+001  0.0000000e+000
  3.8680000e+001  0.0000000e+000
  3.8700000e+001  0.0000000e+000
  3.8720000e+001  0.0000000e+000
  3.8740000e+001  0.0000000e+000
  3.8760000e+001  0.0000000e+000
  3.8780000e+001  0.0000000e+000
  3.8800000e+001  0.0000000e+000
  3.8820000e+001  0.0000000e+000
  3.8840000e+001  0.0000000e+000
  3.8860000e+001  0.0000000e+000
  3.8880000e+001  0.0000000e+000
  3.8900000e+001  0.0000000e+000
  3.8920000e+001  0.0000000e+000
  3.8940000e+001  0.0000000e+000
  3.8960000e+001  0.0000000e+000
  3.8980000e+001  0.0000000e+000
  3.9000000e+001  0.0000000e+000
  3.9020000e+001  0.0000000e+000
  3.9040000e+001  0.0000000e+000
  3.9060000e+001  0.0000000e+000
  3.9080000e+001  0.0000000e+000
  3.9100000e+001  0.0000000e+000
  3.9120000e+001  0.0000000e+000
  3.9140000e+001  0.0000000e+000
  3.9160000e+001  0.0000000e+000
  3.9180000e+001  0.0000000e+000
  3.9200000e+001  0.0000000e+000
  3.9220000e+001  0.0000000e+000
  3.9240000e+001  0.0000000e+000
  3.9260000e+001  0.0000000e+000
  3.9280000e+001  0.0000000e+000
  3.9300000e+001  0.0000000e+000
  3.9320000e+001  0.0000000e+000
  3.9340000e+001  0.0000000e+000
  3.9360000e+001  0.0000000e+000
  3.9380000e+001  0.0000000e+000
  3.9400000e+001  0.0000000e+000
  3.9420000e+001  0.0000000e+000
  3.9440000e+001  0.0000000e+000
  3.9460000e+001  0.0000000e+000
  3.9480000e+001  0.0000000e+000
  3.9500000e+001  0.0000000e+000
  3.9520000e+001  0.0000000e+000
  3.9540000e+001  0.0000000e+000
  3.9560000e+001  0.0000000e+000
  3.9580000e+001  0.0000000e+000
  3.9600000e+001  0.0000000e+000
  3.9620000e+001  0.0000000e+000
  3.9640000e+001  0.0000000e+000
  3.9660000e+001  0.0000000e+000
  3.9680000e+001  0.0000000e+000
  3.9700000e+001  0.0000000e+000
  3.9720000e+001  0.0000000e+000
  3.9740000e+001  0.0000000e+000
  3.9760000e+001  0.0000000e+000
  3.9780000e+001  0.0000000e+000
  3.9800000e+001  0.0000000e+000
  3.9820000e+001  0.0000000e+000
  3.9840000e+001  0.0000000e+000
  3.9860000e+001  0.0000000e+000
  3.9880000e+001  0.0000000e+000
  3.9900000e+001  0.0000000e+000
  3.9920000e+001  0.0000000e+000
  3.9940000e+001  0.0000000e+000
  3.9960000e+001  0.0000000e+000
  3.9980000e+001  0.0000000e+000
  4.0000000e+001  0.0000000e+000
