  -3.1483209e+01   3.6324248e-01  -4.6031437e-05
  -3.1366821e+01   3.2913400e-01  -9.3978955e-08
  -3.1250433e+01   2.0645050e-01   4.6035526e-05
  -3.1134045e+01  -9.7961940e-03   2.8211289e-07
  -3.1017656e+01  -2.3952935e-01  -4.6047497e-05
  -3.0901268e+01  -3.6716390e-01  -4.7017389e-07
  -3.0784880e+01  -3.5845142e-01   4.6067681e-05
  -3.0668492e+01  -2.8605784e-01   6.5855163e-07
  -3.0552104e+01  -2.3490237e-01  -4.6095740e-05
  -3.0435716e+01  -2.1389980e-01  -8.4691324e-07
  -3.0319328e+01  -1.6973731e-01   4.6132133e-05
  -3.0202939e+01  -6.4445218e-02   1.0357976e-06
  -3.0086551e+01   7.4770646e-02  -4.6176351e-05
  -2.9970163e+01   1.7646868e-01  -1.2246327e-06
  -2.9853775e+01   1.9141774e-01   4.6229167e-05
  -2.9737387e+01   1.3892381e-01   1.4143222e-06
  -2.9620999e+01   8.3271540e-02  -4.6289646e-05
  -2.9504611e+01   6.7818261e-02  -1.6037627e-06
  -2.9388222e+01   8.6937224e-02   4.6359215e-05
  -2.9271834e+01   1.1792704e-01   1.7946169e-06
  -2.9155446e+01   1.4798417e-01  -4.6436062e-05
  -2.9039058e+01   1.5895238e-01  -1.9847279e-06
  -2.8922670e+01   1.2292658e-01   4.6522869e-05
  -2.8806282e+01   4.3329691e-02   2.1772023e-06
  -2.8689894e+01  -2.4695881e-02  -4.6616162e-05
  -2.8573505e+01  -2.9620326e-02  -2.3679425e-06
  -2.8457117e+01   1.5203436e-02   4.6720884e-05
  -2.8340729e+01   5.5649577e-02   2.5626367e-06
  -2.8224341e+01   6.7243668e-02  -4.6830622e-05
  -2.8107953e+01   6.8907885e-02  -2.7538012e-06
  -2.7991565e+01   8.0185010e-02   4.6954204e-05
  -2.7875177e+01   1.0358341e-01   2.9515301e-06
  -2.7758788e+01   1.4360664e-01  -4.7080232e-05
  -2.7642400e+01   2.0245579e-01  -3.1426694e-06
  -2.7526012e+01   2.5213983e-01   4.7223975e-05
  -2.7409624e+01   2.4721108e-01   3.3445625e-06
  -2.7293236e+01   1.7905167e-01  -4.7365888e-05
  -2.7176848e+01   9.4444437e-02  -3.5348685e-06
  -2.7060460e+01   5.0008120e-02   4.7531583e-05
  -2.6944071e+01   6.3245331e-02   3.7425113e-06
  -2.6827683e+01   1.0822904e-01  -4.7688573e-05
  -2.6711295e+01   1.3959764e-01  -3.9306540e-06
  -2.6594907e+01   1.2379871e-01   4.7878686e-05
  -2.6478519e+01   7.3087032e-02   4.1462863e-06
  -2.6362131e+01   4.8993585e-02  -4.8049335e-05
  -2.6245743e+01   1.0166449e-01  -4.3301808e-06
  -2.6129354e+01   1.9808583e-01   4.8267268e-05
  -2.6012966e+01   2.3975952e-01   4.5569793e-06
  -2.5896578e+01   1.6743600e-01  -4.8449248e-05
  -2.5780190e+01   2.8571318e-02  -4.7334539e-06
  -2.5663802e+01  -7.2887191e-02   4.8699711e-05
  -2.5547414e+01  -7.7909355e-02   4.9759312e-06
  -2.5431026e+01  -1.3495386e-02  -4.8889359e-05
  -2.5314637e+01   4.8852247e-02  -5.1402580e-06
  -2.5198249e+01   5.8564734e-02   4.9178894e-05
  -2.5081861e+01   1.9387752e-02   5.4048263e-06
  -2.4965473e+01  -2.5458848e-02  -4.9370606e-05
  -2.4849085e+01  -3.6714661e-02  -5.5500587e-06
  -2.4732697e+01  -8.8487712e-03   4.9708316e-05
  -2.4616309e+01   3.9359975e-02   5.8458191e-06
  -2.4499920e+01   8.9921606e-02  -4.9893707e-05
  -2.4383532e+01   1.3196224e-01  -5.9618675e-06
  -2.4267144e+01   1.5792385e-01   5.0292274e-05
  -2.4150756e+01   1.7138727e-01   6.3017056e-06
  -2.4034368e+01   1.8681327e-01  -5.0459002e-05
  -2.3917980e+01   2.0156019e-01  -6.3740619e-06
  -2.3801592e+01   1.8348124e-01   5.0936080e-05
  -2.3685203e+01   1.1525488e-01   6.7761434e-06
  -2.3568815e+01   3.7257210e-02  -5.1066246e-05
  -2.3452427e+01   6.7245948e-03  -6.7841331e-06
  -2.3336039e+01   1.8443216e-02   5.1646396e-05
  -2.3219651e+01   9.3776813e-03   7.2740483e-06
  -2.3103263e+01  -5.2257376e-02  -5.1714163e-05
  -2.2986875e+01  -1.2479147e-01  -7.1881665e-06
  -2.2870486e+01  -1.5231652e-01   5.2431800e-05
  -2.2754098e+01  -1.2734634e-01   7.8020983e-06
  -2.2637710e+01  -7.9170743e-02  -5.2400040e-05
  -2.2521322e+01  -3.7538410e-02  -7.5804548e-06
  -2.2404934e+01  -2.5629274e-02   5.3303243e-05
  -2.2288546e+01  -4.9672116e-02   8.3692659e-06
  -2.2172158e+01  -7.2329225e-02  -5.3119146e-05
  -2.2055769e+01  -3.7035380e-02  -7.9528315e-06
  -2.1939381e+01   4.9313731e-02   5.4274793e-05
  -2.1822993e+01   9.6352843e-02   8.9875759e-06
  -2.1706605e+01   3.4899297e-02  -5.3863971e-05
  -2.1590217e+01  -8.7924510e-02  -8.2938537e-06
  -2.1473829e+01  -1.6500596e-01   5.5364547e-05
  -2.1357441e+01  -1.5939238e-01   9.6730581e-06
  -2.1241052e+01  -1.2757777e-01  -5.4623267e-05
  -2.1124664e+01  -1.2449112e-01  -8.5877441e-06
  -2.1008276e+01  -1.3928611e-01   5.6595851e-05
  -2.0891888e+01  -1.3044395e-01   1.0447086e-05
  -2.0775500e+01  -7.9424879e-02  -5.5380607e-05
  -2.0659112e+01   3.4400660e-03  -8.8127930e-06
  -2.0542724e+01   9.1209427e-02   5.7999125e-05
  -2.0426335e+01   1.4345972e-01   1.1338420e-05
  -2.0309947e+01   1.2529276e-01  -5.6112159e-05
  -2.0193559e+01   4.1785041e-02  -8.9388850e-06
  -2.0077171e+01  -5.9701994e-02   5.9614655e-05
  -1.9960783e+01  -1.2789356e-01   1.2386294e-05
  -1.9844395e+01  -1.3630955e-01  -5.6783352e-05
  -1.9728007e+01  -8.1222586e-02  -8.9239231e-06
  -1.9611618e+01   1.8138394e-02   6.1496426e-05
  -1.9495230e+01   1.1057964e-01   1.3644465e-05
  -1.9378842e+01   1.3440383e-01  -5.7344724e-05
  -1.9262454e+01   6.9568617e-02  -8.7096398e-06
  -1.9146066e+01  -4.0817911e-02   6.3716343e-05
  -1.9029678e+01  -1.2933576e-01   1.5185445e-05
  -1.8913290e+01  -1.5566873e-01  -5.7727812e-05
  -1.8796901e+01  -1.2149398e-01  -8.2178518e-06
  -1.8680513e+01  -5.6740911e-02   6.6367444e-05
  -1.8564125e+01  -7.2801800e-04   1.7103029e-05
  -1.8447737e+01   1.9266680e-02  -5.7843637e-05
  -1.8331349e+01   2.5165380e-03  -7.3503289e-06
  -1.8214961e+01  -3.6907094e-02   6.9562645e-05
  -1.8098573e+01  -9.1537282e-02   1.9510185e-05
  -1.7982184e+01  -1.5237056e-01  -5.7585024e-05
  -1.7865796e+01  -1.8526681e-01  -5.9907169e-06
  -1.7749408e+01  -1.4984648e-01   7.3434381e-05
  -1.7633020e+01  -5.5468206e-02   2.2541836e-05
  -1.7516632e+01   2.9883195e-02  -5.6819745e-05
  -1.7400244e+01   4.9071064e-02  -3.9928217e-06
  -1.7283856e+01   1.6399141e-02   7.8153132e-05
  -1.7167467e+01  -1.1557119e-02   2.6380956e-05
  -1.7051079e+01  -8.4042712e-03  -5.5360649e-05
  -1.6934691e+01   4.5147540e-03  -1.1489375e-06
  -1.6818303e+01   1.8811394e-03   8.3968344e-05
  -1.6701915e+01  -1.4588292e-02   3.1305689e-05
  -1.6585527e+01  -3.1015619e-02  -5.2944318e-05
  -1.6469139e+01  -4.3283953e-02   2.8220925e-06
  -1.6352750e+01  -5.3435838e-02   9.1355807e-05
  -1.6236362e+01  -5.5794269e-02   3.7930137e-05
  -1.6119974e+01  -3.6939959e-02  -4.9639002e-05
  -1.6003586e+01   9.3982206e-03   7.3025764e-06
  -1.5887198e+01   6.5359558e-02   1.0697821e-04
  -1.5770810e+01   8.8290817e-02   8.4090061e-05
  -1.5654422e+01   4.1854074e-02   6.0213749e-05
  -1.5538033e+01  -5.9744385e-02   2.0823051e-04
  -1.5421645e+01  -1.4916126e-01   3.8645961e-04
  -1.5305257e+01  -1.6639837e-01   3.9104701e-04
  -1.5188869e+01  -1.2038324e-01   3.5697972e-04
  -1.5072481e+01  -7.6019823e-02   5.1326601e-04
  -1.4956093e+01  -8.2707599e-02   7.4970467e-04
  -1.4839705e+01  -1.3156778e-01   8.3126121e-04
  -1.4723316e+01  -1.8069848e-01   8.4151727e-04
  -1.4606928e+01  -2.0060701e-01   1.0047026e-03
  -1.4490540e+01  -1.8800018e-01   1.2579571e-03
  -1.4374152e+01  -1.5361875e-01   1.4041961e-03
  -1.4257764e+01  -1.1003256e-01   1.5055961e-03
  -1.4141376e+01  -6.3360329e-02   1.7332754e-03
  -1.4024988e+01  -1.0312507e-02   2.0127427e-03
  -1.3908599e+01   4.8741735e-02   2.1959232e-03
  -1.3792211e+01   9.4561289e-02   2.3854872e-03
  -1.3675823e+01   1.0647109e-01   2.7230714e-03
  -1.3559435e+01   1.0071355e-01   3.0781917e-03
  -1.3443047e+01   1.2372827e-01   3.3079327e-03
  -1.3326659e+01   1.8509722e-01   3.5736411e-03
  -1.3210271e+01   2.2029512e-01   4.0345772e-03
  -1.3093882e+01   1.5776264e-01   4.5100866e-03
  -1.2977494e+01   1.7558324e-02   4.8253434e-03
  -1.2861106e+01  -9.5369038e-02   5.1804000e-03
  -1.2744718e+01  -1.0525774e-01   5.7746919e-03
  -1.2628330e+01  -4.0996178e-02   6.4021177e-03
  -1.2511942e+01   1.6862492e-02   6.8471617e-03
  -1.2395554e+01   3.2746013e-02   7.3264003e-03
  -1.2279165e+01   3.1236886e-02   8.0790214e-03
  -1.2162777e+01   3.6362640e-02   8.8904798e-03
  -1.2046389e+01   3.5050877e-02   9.5105955e-03
  -1.1930001e+01   5.3177982e-03   1.0162294e-02
  -1.1813613e+01  -4.4921715e-02   1.1117874e-02
  -1.1697225e+01  -8.0159351e-02   1.2160814e-02
  -1.1580837e+01  -7.0304142e-02   1.3014237e-02
  -1.1464448e+01  -1.7352858e-02   1.3906366e-02
  -1.1348060e+01   4.5633930e-02   1.5137208e-02
  -1.1231672e+01   8.2567166e-02   1.6487364e-02
  -1.1115284e+01   8.4869614e-02   1.7657027e-02
  -1.0998896e+01   6.9456715e-02   1.8882048e-02
  -1.0882508e+01   4.6034130e-02   2.0487939e-02
  -1.0766120e+01   4.0996799e-03   2.2249148e-02
  -1.0649731e+01  -5.6109118e-02   2.3843809e-02
  -1.0533343e+01  -1.0144538e-01   2.5520004e-02
  -1.0416955e+01  -1.0117088e-01   2.7631071e-02
  -1.0300567e+01  -7.1172225e-02   2.9942859e-02
  -1.0184179e+01  -5.0440724e-02   3.2109650e-02
  -1.0067791e+01  -3.9845993e-02   3.4394583e-02
  -9.9514025e+00  -2.5683698e-03   3.7181262e-02
  -9.8350144e+00   7.0526583e-02   4.0224425e-02
  -9.7186263e+00   1.3574031e-01   4.3152504e-02
  -9.6022381e+00   1.5230398e-01   4.6247658e-02
  -9.4858500e+00   1.2896153e-01   4.9927157e-02
  -9.3694618e+00   9.4228598e-02   5.3930147e-02
  -9.2530737e+00   5.2513812e-02   5.7853855e-02
  -9.1366855e+00  -1.2591358e-03   6.2002385e-02
  -9.0202974e+00  -4.8970013e-02   6.6830477e-02
  -8.9039093e+00  -6.5139467e-02   7.2055458e-02
  -8.7875211e+00  -4.9243232e-02   7.7235847e-02
  -8.6711330e+00  -1.2411482e-02   8.2701844e-02
  -8.5547448e+00   4.9186366e-02   8.8947062e-02
  -8.4383567e+00   1.3022131e-01   9.5646781e-02
  -8.3219685e+00   1.8128119e-01   1.0231963e-01
  -8.2055804e+00   1.4894841e-01   1.0943696e-01
  -8.0891923e+00   5.5973778e-02   1.1779773e-01
  -7.9728041e+00  -3.4049605e-03   1.2730427e-01
  -7.8564160e+00   3.3304040e-02   1.3742141e-01
  -7.7400278e+00   1.2933915e-01   1.4828945e-01
  -7.6236397e+00   2.0172342e-01   1.6026585e-01
  -7.5072515e+00   2.1373410e-01   1.7295939e-01
  -7.3908634e+00   1.9317365e-01   1.8590573e-01
  -7.2744753e+00   1.8219463e-01   1.9961122e-01
  -7.1580871e+00   1.9739503e-01   2.1473323e-01
  -7.0416990e+00   2.3018808e-01   2.3087855e-01
  -6.9253108e+00   2.6369801e-01   2.4745068e-01
  -6.8089227e+00   2.9051549e-01   2.6494302e-01
  -6.6925345e+00   3.2457311e-01   2.8405052e-01
  -6.5761464e+00   3.8768886e-01   3.0429624e-01
  -6.4597583e+00   4.7332352e-01   3.2498191e-01
  -6.3433701e+00   5.3519514e-01   3.4666007e-01
  -6.2269820e+00   5.2965359e-01   3.7012711e-01
  -6.1105938e+00   4.6530204e-01   3.9486285e-01
  -5.9942057e+00   3.9673379e-01   4.2013040e-01
  -5.8778175e+00   3.7250822e-01   4.4667183e-01
  -5.7614294e+00   4.0046490e-01   4.7554035e-01
  -5.6450413e+00   4.5703809e-01   5.0627666e-01
  -5.5286531e+00   5.1322194e-01   5.3816115e-01
  -5.4122650e+00   5.5212393e-01   5.7218364e-01
  -5.2958768e+00   5.7669254e-01   6.0970523e-01
  -5.1794887e+00   6.0349706e-01   6.5034216e-01
  -5.0631005e+00   6.3986316e-01   6.9342198e-01
  -4.9467124e+00   6.7108070e-01   7.4027362e-01
  -4.8303243e+00   6.8596518e-01   7.9261718e-01
  -4.7139361e+00   7.1198736e-01   8.5001336e-01
  -4.5975480e+00   7.9906182e-01   9.1154164e-01
  -4.4811598e+00   9.5655317e-01   9.7850601e-01
  -4.3647717e+00   1.1271333e+00   1.0525226e+00
  -4.2483835e+00   1.2430930e+00   1.1324930e+00
  -4.1319954e+00   1.2959506e+00   1.2166758e+00
  -4.0156073e+00   1.3297106e+00   1.3059996e+00
  -3.8992191e+00   1.3784595e+00   1.4017165e+00
  -3.7828310e+00   1.4431982e+00   1.5016166e+00
  -3.6664428e+00   1.5284533e+00   1.6024534e+00
  -3.5500547e+00   1.6599702e+00   1.7038727e+00
  -3.4336665e+00   1.8427013e+00   1.8052971e+00
  -3.3172784e+00   2.0278746e+00   1.9011779e+00
  -3.2008903e+00   2.1527562e+00   1.9845634e+00
  -3.0845021e+00   2.2017060e+00   2.0531313e+00
  -2.9681140e+00   2.2033803e+00   2.1063019e+00
  -2.8517258e+00   2.1812940e+00   2.1397175e+00
  -2.7353377e+00   2.1397170e+00   2.1498726e+00
  -2.6189495e+00   2.0919281e+00   2.1416534e+00
  -2.5025614e+00   2.0643856e+00   2.1239840e+00
  -2.3861733e+00   2.0653512e+00   2.1018389e+00
  -2.2697851e+00   2.0789745e+00   2.0819103e+00
  -2.1533970e+00   2.0995176e+00   2.0824047e+00
  -2.0370088e+00   2.1466812e+00   2.1262382e+00
  -1.9206207e+00   2.2418426e+00   2.2271299e+00
  -1.8042325e+00   2.3953122e+00   2.3903119e+00
  -1.6878444e+00   2.6179842e+00   2.6166184e+00
  -1.5714563e+00   2.9142840e+00   2.8950657e+00
  -1.4550681e+00   3.2736068e+00   3.2185889e+00
  -1.3386800e+00   3.7262873e+00   3.6448324e+00
  -1.2222918e+00   4.3999604e+00   4.3109299e+00
  -1.1059037e+00   5.4052875e+00   5.2934476e+00
  -9.8951555e-01   6.5902871e+00   6.4120201e+00
  -8.7312741e-01   7.4967303e+00   7.2492362e+00
  -7.5673926e-01   7.7011163e+00   7.4663660e+00
  -6.4035112e-01   7.2108632e+00   7.1085229e+00
  -5.2396298e-01   6.4457783e+00   6.5523298e+00
  -4.0757483e-01   5.8355971e+00   6.1609159e+00
  -2.9118669e-01   5.5167133e+00   6.0326468e+00
  -1.7479855e-01   5.3971983e+00   6.0512612e+00
  -5.8410406e-02   5.3691109e+00   6.0755065e+00
   5.7977737e-02   5.3971983e+00   6.0512612e+00
   1.7436588e-01   5.5167133e+00   6.0326468e+00
   2.9075402e-01   5.8355971e+00   6.1609159e+00
   4.0714216e-01   6.4457783e+00   6.5523298e+00
   5.2353031e-01   7.2108632e+00   7.1085229e+00
   6.3991845e-01   7.7011163e+00   7.4663660e+00
   7.5630659e-01   7.4967303e+00   7.2492362e+00
   8.7269474e-01   6.5902871e+00   6.4120201e+00
   9.8908288e-01   5.4052875e+00   5.2934476e+00
   1.1054710e+00   4.3999604e+00   4.3109299e+00
   1.2218592e+00   3.7262873e+00   3.6448324e+00
   1.3382473e+00   3.2736068e+00   3.2185889e+00
   1.4546354e+00   2.9142840e+00   2.8950657e+00
   1.5710236e+00   2.6179842e+00   2.6166184e+00
   1.6874117e+00   2.3953122e+00   2.3903119e+00
   1.8037999e+00   2.2418426e+00   2.2271299e+00
   1.9201880e+00   2.1466812e+00   2.1262382e+00
   2.0365762e+00   2.0995176e+00   2.0824047e+00
   2.1529643e+00   2.0789745e+00   2.0819103e+00
   2.2693524e+00   2.0653512e+00   2.1018389e+00
   2.3857406e+00   2.0643856e+00   2.1239840e+00
   2.5021287e+00   2.0919281e+00   2.1416534e+00
   2.6185169e+00   2.1397170e+00   2.1498726e+00
   2.7349050e+00   2.1812940e+00   2.1397175e+00
   2.8512932e+00   2.2033803e+00   2.1063019e+00
   2.9676813e+00   2.2017060e+00   2.0531313e+00
   3.0840694e+00   2.1527562e+00   1.9845634e+00
   3.2004576e+00   2.0278746e+00   1.9011779e+00
   3.3168457e+00   1.8427013e+00   1.8052971e+00
   3.4332339e+00   1.6599702e+00   1.7038727e+00
   3.5496220e+00   1.5284533e+00   1.6024534e+00
   3.6660102e+00   1.4431982e+00   1.5016166e+00
   3.7823983e+00   1.3784595e+00   1.4017165e+00
   3.8987864e+00   1.3297106e+00   1.3059996e+00
   4.0151746e+00   1.2959506e+00   1.2166758e+00
   4.1315627e+00   1.2430930e+00   1.1324930e+00
   4.2479509e+00   1.1271333e+00   1.0525226e+00
   4.3643390e+00   9.5655317e-01   9.7850601e-01
   4.4807272e+00   7.9906182e-01   9.1154164e-01
   4.5971153e+00   7.1198736e-01   8.5001336e-01
   4.7135034e+00   6.8596518e-01   7.9261718e-01
   4.8298916e+00   6.7108070e-01   7.4027362e-01
   4.9462797e+00   6.3986316e-01   6.9342198e-01
   5.0626679e+00   6.0349706e-01   6.5034216e-01
   5.1790560e+00   5.7669254e-01   6.0970523e-01
   5.2954442e+00   5.5212393e-01   5.7218364e-01
   5.4118323e+00   5.1322194e-01   5.3816115e-01
   5.5282204e+00   4.5703809e-01   5.0627666e-01
   5.6446086e+00   4.0046490e-01   4.7554035e-01
   5.7609967e+00   3.7250822e-01   4.4667183e-01
   5.8773849e+00   3.9673379e-01   4.2013040e-01
   5.9937730e+00   4.6530204e-01   3.9486285e-01
   6.1101612e+00   5.2965359e-01   3.7012711e-01
   6.2265493e+00   5.3519514e-01   3.4666007e-01
   6.3429374e+00   4.7332352e-01   3.2498191e-01
   6.4593256e+00   3.8768886e-01   3.0429624e-01
   6.5757137e+00   3.2457311e-01   2.8405052e-01
   6.6921019e+00   2.9051549e-01   2.6494302e-01
   6.8084900e+00   2.6369801e-01   2.4745068e-01
   6.9248782e+00   2.3018808e-01   2.3087855e-01
   7.0412663e+00   1.9739503e-01   2.1473323e-01
   7.1576544e+00   1.8219463e-01   1.9961122e-01
   7.2740426e+00   1.9317365e-01   1.8590573e-01
   7.3904307e+00   2.1373410e-01   1.7295939e-01
   7.5068189e+00   2.0172342e-01   1.6026585e-01
   7.6232070e+00   1.2933915e-01   1.4828945e-01
   7.7395952e+00   3.3304040e-02   1.3742141e-01
   7.8559833e+00  -3.4049605e-03   1.2730427e-01
   7.9723714e+00   5.5973778e-02   1.1779773e-01
   8.0887596e+00   1.4894841e-01   1.0943696e-01
   8.2051477e+00   1.8128119e-01   1.0231963e-01
   8.3215359e+00   1.3022131e-01   9.5646781e-02
   8.4379240e+00   4.9186366e-02   8.8947062e-02
   8.5543122e+00  -1.2411482e-02   8.2701844e-02
   8.6707003e+00  -4.9243232e-02   7.7235847e-02
   8.7870884e+00  -6.5139467e-02   7.2055458e-02
   8.9034766e+00  -4.8970013e-02   6.6830477e-02
   9.0198647e+00  -1.2591358e-03   6.2002385e-02
   9.1362529e+00   5.2513812e-02   5.7853855e-02
   9.2526410e+00   9.4228598e-02   5.3930147e-02
   9.3690292e+00   1.2896153e-01   4.9927157e-02
   9.4854173e+00   1.5230398e-01   4.6247658e-02
   9.6018054e+00   1.3574031e-01   4.3152504e-02
   9.7181936e+00   7.0526583e-02   4.0224425e-02
   9.8345817e+00  -2.5683698e-03   3.7181262e-02
   9.9509699e+00  -3.9845993e-02   3.4394583e-02
   1.0067358e+01  -5.0440724e-02   3.2109650e-02
   1.0183746e+01  -7.1172225e-02   2.9942859e-02
   1.0300134e+01  -1.0117088e-01   2.7631071e-02
   1.0416522e+01  -1.0144538e-01   2.5520004e-02
   1.0532911e+01  -5.6109118e-02   2.3843809e-02
   1.0649299e+01   4.0996799e-03   2.2249148e-02
   1.0765687e+01   4.6034130e-02   2.0487939e-02
   1.0882075e+01   6.9456715e-02   1.8882048e-02
   1.0998463e+01   8.4869614e-02   1.7657027e-02
   1.1114851e+01   8.2567166e-02   1.6487364e-02
   1.1231239e+01   4.5633930e-02   1.5137208e-02
   1.1347628e+01  -1.7352858e-02   1.3906366e-02
   1.1464016e+01  -7.0304142e-02   1.3014237e-02
   1.1580404e+01  -8.0159351e-02   1.2160814e-02
   1.1696792e+01  -4.4921715e-02   1.1117874e-02
   1.1813180e+01   5.3177982e-03   1.0162294e-02
   1.1929568e+01   3.5050877e-02   9.5105955e-03
   1.2045956e+01   3.6362640e-02   8.8904798e-03
   1.2162345e+01   3.1236886e-02   8.0790214e-03
   1.2278733e+01   3.2746013e-02   7.3264003e-03
   1.2395121e+01   1.6862492e-02   6.8471617e-03
   1.2511509e+01  -4.0996178e-02   6.4021177e-03
   1.2627897e+01  -1.0525774e-01   5.7746919e-03
   1.2744285e+01  -9.5369038e-02   5.1804000e-03
   1.2860673e+01   1.7558324e-02   4.8253434e-03
   1.2977062e+01   1.5776264e-01   4.5100866e-03
   1.3093450e+01   2.2029512e-01   4.0345772e-03
   1.3209838e+01   1.8509722e-01   3.5736411e-03
   1.3326226e+01   1.2372827e-01   3.3079327e-03
   1.3442614e+01   1.0071355e-01   3.0781917e-03
   1.3559002e+01   1.0647109e-01   2.7230714e-03
   1.3675390e+01   9.4561289e-02   2.3854872e-03
   1.3791779e+01   4.8741735e-02   2.1959232e-03
   1.3908167e+01  -1.0312507e-02   2.0127427e-03
   1.4024555e+01  -6.3360329e-02   1.7332754e-03
   1.4140943e+01  -1.1003256e-01   1.5055961e-03
   1.4257331e+01  -1.5361875e-01   1.4041961e-03
   1.4373719e+01  -1.8800018e-01   1.2579571e-03
   1.4490107e+01  -2.0060701e-01   1.0047026e-03
   1.4606496e+01  -1.8069848e-01   8.4151727e-04
   1.4722884e+01  -1.3156778e-01   8.3126121e-04
   1.4839272e+01  -8.2707599e-02   7.4970467e-04
   1.4955660e+01  -7.6019823e-02   5.1326601e-04
   1.5072048e+01  -1.2038324e-01   3.5697972e-04
   1.5188436e+01  -1.6639837e-01   3.9104701e-04
   1.5304824e+01  -1.4916126e-01   3.8645961e-04
   1.5421213e+01  -5.9744385e-02   2.0823051e-04
   1.5537601e+01   4.1854074e-02   6.0213749e-05
   1.5653989e+01   8.8290817e-02   8.4090061e-05
   1.5770377e+01   6.5359558e-02   1.0697821e-04
   1.5886765e+01   9.3982206e-03   7.3025764e-06
   1.6003153e+01  -3.6939959e-02  -4.9639002e-05
   1.6119541e+01  -5.5794269e-02   3.7930137e-05
   1.6235930e+01  -5.3435838e-02   9.1355807e-05
   1.6352318e+01  -4.3283953e-02   2.8220925e-06
   1.6468706e+01  -3.1015619e-02  -5.2944318e-05
   1.6585094e+01  -1.4588292e-02   3.1305689e-05
   1.6701482e+01   1.8811394e-03   8.3968344e-05
   1.6817870e+01   4.5147540e-03  -1.1489375e-06
   1.6934258e+01  -8.4042712e-03  -5.5360649e-05
   1.7050647e+01  -1.1557119e-02   2.6380956e-05
   1.7167035e+01   1.6399141e-02   7.8153132e-05
   1.7283423e+01   4.9071064e-02  -3.9928217e-06
   1.7399811e+01   2.9883195e-02  -5.6819745e-05
   1.7516199e+01  -5.5468206e-02   2.2541836e-05
   1.7632587e+01  -1.4984648e-01   7.3434381e-05
   1.7748975e+01  -1.8526681e-01  -5.9907169e-06
   1.7865364e+01  -1.5237056e-01  -5.7585024e-05
   1.7981752e+01  -9.1537282e-02   1.9510185e-05
   1.8098140e+01  -3.6907094e-02   6.9562645e-05
   1.8214528e+01   2.5165380e-03  -7.3503289e-06
   1.8330916e+01   1.9266680e-02  -5.7843637e-05
   1.8447304e+01  -7.2801800e-04   1.7103029e-05
   1.8563692e+01  -5.6740911e-02   6.6367444e-05
   1.8680081e+01  -1.2149398e-01  -8.2178518e-06
   1.8796469e+01  -1.5566873e-01  -5.7727812e-05
   1.8912857e+01  -1.2933576e-01   1.5185445e-05
   1.9029245e+01  -4.0817911e-02   6.3716343e-05
   1.9145633e+01   6.9568617e-02  -8.7096398e-06
   1.9262021e+01   1.3440383e-01  -5.7344724e-05
   1.9378409e+01   1.1057964e-01   1.3644465e-05
   1.9494798e+01   1.8138394e-02   6.1496426e-05
   1.9611186e+01  -8.1222586e-02  -8.9239231e-06
   1.9727574e+01  -1.3630955e-01  -5.6783352e-05
   1.9843962e+01  -1.2789356e-01   1.2386294e-05
   1.9960350e+01  -5.9701994e-02   5.9614655e-05
   2.0076738e+01   4.1785041e-02  -8.9388850e-06
   2.0193126e+01   1.2529276e-01  -5.6112159e-05
   2.0309515e+01   1.4345972e-01   1.1338420e-05
   2.0425903e+01   9.1209427e-02   5.7999125e-05
   2.0542291e+01   3.4400660e-03  -8.8127930e-06
   2.0658679e+01  -7.9424879e-02  -5.5380607e-05
   2.0775067e+01  -1.3044395e-01   1.0447086e-05
   2.0891455e+01  -1.3928611e-01   5.6595851e-05
   2.1007843e+01  -1.2449112e-01  -8.5877441e-06
   2.1124232e+01  -1.2757777e-01  -5.4623267e-05
   2.1240620e+01  -1.5939238e-01   9.6730581e-06
   2.1357008e+01  -1.6500596e-01   5.5364547e-05
   2.1473396e+01  -8.7924510e-02  -8.2938537e-06
   2.1589784e+01   3.4899297e-02  -5.3863971e-05
   2.1706172e+01   9.6352843e-02   8.9875759e-06
   2.1822560e+01   4.9313731e-02   5.4274793e-05
   2.1938949e+01  -3.7035380e-02  -7.9528315e-06
   2.2055337e+01  -7.2329225e-02  -5.3119146e-05
   2.2171725e+01  -4.9672116e-02   8.3692659e-06
   2.2288113e+01  -2.5629274e-02   5.3303243e-05
   2.2404501e+01  -3.7538410e-02  -7.5804548e-06
   2.2520889e+01  -7.9170743e-02  -5.2400040e-05
   2.2637277e+01  -1.2734634e-01   7.8020983e-06
   2.2753666e+01  -1.5231652e-01   5.2431800e-05
   2.2870054e+01  -1.2479147e-01  -7.1881665e-06
   2.2986442e+01  -5.2257376e-02  -5.1714163e-05
   2.3102830e+01   9.3776813e-03   7.2740483e-06
   2.3219218e+01   1.8443216e-02   5.1646396e-05
   2.3335606e+01   6.7245948e-03  -6.7841331e-06
   2.3451994e+01   3.7257210e-02  -5.1066246e-05
   2.3568383e+01   1.1525488e-01   6.7761434e-06
   2.3684771e+01   1.8348124e-01   5.0936080e-05
   2.3801159e+01   2.0156019e-01  -6.3740619e-06
   2.3917547e+01   1.8681327e-01  -5.0459002e-05
   2.4033935e+01   1.7138727e-01   6.3017056e-06
   2.4150323e+01   1.5792385e-01   5.0292274e-05
   2.4266711e+01   1.3196224e-01  -5.9618675e-06
   2.4383100e+01   8.9921606e-02  -4.9893707e-05
   2.4499488e+01   3.9359975e-02   5.8458191e-06
   2.4615876e+01  -8.8487712e-03   4.9708316e-05
   2.4732264e+01  -3.6714661e-02  -5.5500587e-06
   2.4848652e+01  -2.5458848e-02  -4.9370606e-05
   2.4965040e+01   1.9387752e-02   5.4048263e-06
   2.5081428e+01   5.8564734e-02   4.9178894e-05
   2.5197817e+01   4.8852247e-02  -5.1402580e-06
   2.5314205e+01  -1.3495386e-02  -4.8889359e-05
   2.5430593e+01  -7.7909355e-02   4.9759312e-06
   2.5546981e+01  -7.2887191e-02   4.8699711e-05
   2.5663369e+01   2.8571318e-02  -4.7334539e-06
   2.5779757e+01   1.6743600e-01  -4.8449248e-05
   2.5896145e+01   2.3975952e-01   4.5569793e-06
   2.6012534e+01   1.9808583e-01   4.8267268e-05
   2.6128922e+01   1.0166449e-01  -4.3301808e-06
   2.6245310e+01   4.8993585e-02  -4.8049335e-05
   2.6361698e+01   7.3087032e-02   4.1462863e-06
   2.6478086e+01   1.2379871e-01   4.7878686e-05
   2.6594474e+01   1.3959764e-01  -3.9306540e-06
   2.6710862e+01   1.0822904e-01  -4.7688573e-05
   2.6827251e+01   6.3245331e-02   3.7425113e-06
   2.6943639e+01   5.0008120e-02   4.7531583e-05
   2.7060027e+01   9.4444437e-02  -3.5348685e-06
   2.7176415e+01   1.7905167e-01  -4.7365888e-05
   2.7292803e+01   2.4721108e-01   3.3445625e-06
   2.7409191e+01   2.5213983e-01   4.7223975e-05
   2.7525579e+01   2.0245579e-01  -3.1426694e-06
   2.7641968e+01   1.4360664e-01  -4.7080232e-05
   2.7758356e+01   1.0358341e-01   2.9515301e-06
   2.7874744e+01   8.0185010e-02   4.6954204e-05
   2.7991132e+01   6.8907885e-02  -2.7538012e-06
   2.8107520e+01   6.7243668e-02  -4.6830622e-05
   2.8223908e+01   5.5649577e-02   2.5626367e-06
   2.8340296e+01   1.5203436e-02   4.6720884e-05
   2.8456685e+01  -2.9620326e-02  -2.3679425e-06
   2.8573073e+01  -2.4695881e-02  -4.6616162e-05
   2.8689461e+01   4.3329691e-02   2.1772023e-06
   2.8805849e+01   1.2292658e-01   4.6522869e-05
   2.8922237e+01   1.5895238e-01  -1.9847279e-06
   2.9038625e+01   1.4798417e-01  -4.6436062e-05
   2.9155013e+01   1.1792704e-01   1.7946169e-06
   2.9271402e+01   8.6937224e-02   4.6359215e-05
   2.9387790e+01   6.7818261e-02  -1.6037627e-06
   2.9504178e+01   8.3271540e-02  -4.6289646e-05
   2.9620566e+01   1.3892381e-01   1.4143222e-06
   2.9736954e+01   1.9141774e-01   4.6229167e-05
   2.9853342e+01   1.7646868e-01  -1.2246327e-06
   2.9969730e+01   7.4770646e-02  -4.6176351e-05
   3.0086119e+01  -6.4445218e-02   1.0357976e-06
   3.0202507e+01  -1.6973731e-01   4.6132133e-05
   3.0318895e+01  -2.1389980e-01  -8.4691324e-07
   3.0435283e+01  -2.3490237e-01  -4.6095740e-05
   3.0551671e+01  -2.8605784e-01   6.5855163e-07
   3.0668059e+01  -3.5845142e-01   4.6067681e-05
   3.0784447e+01  -3.6716390e-01  -4.7017389e-07
   3.0900836e+01  -2.3952935e-01  -4.6047497e-05
   3.1017224e+01  -9.7961940e-03   2.8211289e-07
   3.1133612e+01   2.0645050e-01   4.6035526e-05
   3.1250000e+01   3.2913400e-01  -9.3978955e-08
