  0.0000000e+000  1.0048944e+000
  8.0000000e+000  9.7906740e-001
  1.6000000e+001  9.5731335e-001
  2.4000000e+001  9.3665732e-001
  3.2000000e+001  9.0531621e-001
  4.0000000e+001  8.9274889e-001
  4.8000000e+001  8.7869087e-001
  5.6000000e+001  8.4589223e-001
  6.4000000e+001  8.5128394e-001
  7.2000000e+001  8.2457544e-001
  8.0000000e+001  8.1686672e-001
  8.8000000e+001  8.0475035e-001
  9.6000000e+001  7.9713539e-001
  1.0400000e+002  7.9380321e-001
  1.1200000e+002  7.8680535e-001
  1.2000000e+002  7.6987269e-001
  1.2800000e+002  7.6516066e-001
  1.3600000e+002  7.6323647e-001
  1.4400000e+002  7.5940248e-001
  1.5200000e+002  7.4887365e-001
  1.6000000e+002  7.3025833e-001
  1.6800000e+002  7.3539756e-001
  1.7600000e+002  7.2251837e-001
  1.8400000e+002  7.1488714e-001
  1.9200000e+002  7.1281063e-001
  2.0000000e+002  7.0788044e-001
  2.0800000e+002  7.1325686e-001
  2.1600000e+002  7.0131555e-001
  2.2400000e+002  7.0019187e-001
  2.3200000e+002  6.8997125e-001
  2.4000000e+002  6.8414683e-001
  2.4800000e+002  6.8231969e-001
  2.5600000e+002  6.8648116e-001
  2.6400000e+002  6.8522638e-001
  2.7200000e+002  6.7029749e-001
  2.8000000e+002  6.7197723e-001
  2.8800000e+002  6.6610210e-001
  2.9600000e+002  6.5866161e-001
  3.0400000e+002  6.6272600e-001
  3.1200000e+002  6.5615936e-001
  3.2000000e+002  6.5442079e-001
  3.2800000e+002  6.4089378e-001
  3.3600000e+002  6.4330103e-001
  3.4400000e+002  6.4079540e-001
  3.5200000e+002  6.4706635e-001
  3.6000000e+002  6.2980962e-001
  3.6800000e+002  6.2476365e-001
  3.7600000e+002  6.2953958e-001
  3.8400000e+002  6.1943922e-001
  3.9200000e+002  6.2460220e-001
  4.0000000e+002  6.2874866e-001
  4.0800000e+002  6.1804124e-001
  4.1600000e+002  6.2318261e-001
  4.2400000e+002  6.0404240e-001
  4.3200000e+002  6.1215112e-001
  4.4000000e+002  6.0413719e-001
  4.4800000e+002  5.9887167e-001
  4.5600000e+002  6.0064517e-001
  4.6400000e+002  5.9985298e-001
  4.7200000e+002  5.9611009e-001
  4.8000000e+002  5.9575269e-001
  4.8800000e+002  5.9102038e-001
  4.9600000e+002  5.8814289e-001
  5.0400000e+002  5.9466913e-001
  5.1200000e+002  5.8548565e-001
  5.2000000e+002  5.7414970e-001
  5.2800000e+002  5.8202788e-001
  5.3600000e+002  5.8271868e-001
  5.4400000e+002  5.7599072e-001
  5.5200000e+002  5.7784934e-001
  5.6000000e+002  5.7080337e-001
  5.6800000e+002  5.6909066e-001
  5.7600000e+002  5.6251405e-001
  5.8400000e+002  5.6264642e-001
  5.9200000e+002  5.6024644e-001
  6.0000000e+002  5.5495676e-001
  6.0800000e+002  5.6423341e-001
  6.1600000e+002  5.4941702e-001
  6.2400000e+002  5.6002259e-001
  6.3200000e+002  5.5505957e-001
  6.4000000e+002  5.4962578e-001
  6.4800000e+002  5.5500973e-001
  6.5600000e+002  5.5624894e-001
  6.6400000e+002  5.4509435e-001
  6.7200000e+002  5.4590705e-001
  6.8000000e+002  5.4921835e-001
  6.8800000e+002  5.4019115e-001
  6.9600000e+002  5.3661395e-001
  7.0400000e+002  5.4296075e-001
  7.1200000e+002  5.3663558e-001
  7.2000000e+002  5.3763071e-001
  7.2800000e+002  5.4092572e-001
  7.3600000e+002  5.4124821e-001
  7.4400000e+002  5.3458955e-001
  7.5200000e+002  5.3282476e-001
  7.6000000e+002  5.2450422e-001
  7.6800000e+002  5.2731286e-001
  7.7600000e+002  5.3853549e-001
  7.8400000e+002  5.1411112e-001
  7.9200000e+002  5.2536731e-001
  8.0000000e+002  5.2168949e-001
  8.0800000e+002  5.1891989e-001
  8.1600000e+002  5.1512316e-001
  8.2400000e+002  5.1522153e-001
  8.3200000e+002  5.1518408e-001
  8.4000000e+002  5.0861416e-001
  8.4800000e+002  5.1114027e-001
  8.5600000e+002  5.1851423e-001
  8.6400000e+002  5.1079999e-001
  8.7200000e+002  5.0840321e-001
  8.8000000e+002  5.0636328e-001
  8.8800000e+002  5.1027998e-001
  8.9600000e+002  5.0217335e-001
  9.0400000e+002  5.0422529e-001
  9.1200000e+002  5.0260484e-001
  9.2000000e+002  5.0469205e-001
  9.2800000e+002  4.9368708e-001
  9.3600000e+002  5.0490172e-001
  9.4400000e+002  4.9957278e-001
  9.5200000e+002  5.0239678e-001
  9.6000000e+002  5.0233999e-001
  9.6800000e+002  4.9448619e-001
  9.7600000e+002  4.8862785e-001
  9.8400000e+002  4.9171530e-001
  9.9200000e+002  4.8822729e-001
  1.0000000e+003  4.8642633e-001
  1.0080000e+003  4.9278261e-001
  1.0160000e+003  4.7878999e-001
  1.0240000e+003  4.8454083e-001
  1.0320000e+003  4.8464825e-001
  1.0400000e+003  4.7890206e-001
  1.0480000e+003  4.8388286e-001
  1.0560000e+003  4.8323574e-001
  1.0640000e+003  4.7554991e-001
  1.0720000e+003  4.7097418e-001
  1.0800000e+003  4.8266152e-001
  1.0880000e+003  4.7561192e-001
  1.0960000e+003  4.7851340e-001
  1.1040000e+003  4.8404162e-001
  1.1120000e+003  4.7360534e-001
  1.1200000e+003  4.7799779e-001
  1.1280000e+003  4.7348296e-001
  1.1360000e+003  4.6453673e-001
  1.1440000e+003  4.6658097e-001
  1.1520000e+003  4.6490631e-001
  1.1600000e+003  4.6757796e-001
  1.1680000e+003  4.6487053e-001
  1.1760000e+003  4.6387052e-001
  1.1840000e+003  4.6143607e-001
  1.1920000e+003  4.6327341e-001
  1.2000000e+003  4.5628694e-001
  1.2080000e+003  4.6482055e-001
  1.2160000e+003  4.6007550e-001
  1.2240000e+003  4.4793544e-001
  1.2320000e+003  4.5843174e-001
  1.2400000e+003  4.4840607e-001
  1.2480000e+003  4.5953146e-001
  1.2560000e+003  4.6511360e-001
  1.2640000e+003  4.4717023e-001
  1.2720000e+003  4.5055249e-001
  1.2800000e+003  4.5661955e-001
  1.2880000e+003  4.5548974e-001
  1.2960000e+003  4.5189773e-001
  1.3040000e+003  4.5333277e-001
  1.3120000e+003  4.4974160e-001
  1.3200000e+003  4.4949138e-001
  1.3280000e+003  4.5072290e-001
  1.3360000e+003  4.4303804e-001
  1.3440000e+003  4.4970472e-001
  1.3520000e+003  4.3622584e-001
  1.3600000e+003  4.4736745e-001
  1.3680000e+003  4.4538361e-001
  1.3760000e+003  4.3363482e-001
  1.3840000e+003  4.4251912e-001
  1.3920000e+003  4.4452971e-001
  1.4000000e+003  4.3777885e-001
  1.4080000e+003  4.3825160e-001
  1.4160000e+003  4.3533359e-001
  1.4240000e+003  4.3249501e-001
  1.4320000e+003  4.3806767e-001
  1.4400000e+003  4.2687695e-001
  1.4480000e+003  4.2575631e-001
  1.4560000e+003  4.2620723e-001
  1.4640000e+003  4.2943652e-001
  1.4720000e+003  4.2300061e-001
  1.4800000e+003  4.2839768e-001
  1.4880000e+003  4.3488083e-001
  1.4960000e+003  4.3299806e-001
  1.5040000e+003  4.1730649e-001
  1.5120000e+003  4.3704307e-001
  1.5200000e+003  4.1618704e-001
  1.5280000e+003  4.1970317e-001
  1.5360000e+003  4.2646594e-001
  1.5440000e+003  4.1525814e-001
  1.5520000e+003  4.2541463e-001
  1.5600000e+003  4.2902636e-001
  1.5680000e+003  4.2370904e-001
  1.5760000e+003  4.1799063e-001
  1.5840000e+003  4.1015511e-001
  1.5920000e+003  4.2611799e-001
  1.6000000e+003  4.1659548e-001
  1.6080000e+003  4.2394850e-001
  1.6160000e+003  4.1883617e-001
  1.6240000e+003  4.1776183e-001
  1.6320000e+003  4.1829956e-001
  1.6400000e+003  4.1011995e-001
  1.6480000e+003  4.0589354e-001
  1.6560000e+003  4.1202577e-001
  1.6640000e+003  4.1284334e-001
  1.6720000e+003  4.1742143e-001
  1.6800000e+003  4.1222086e-001
  1.6880000e+003  4.0954358e-001
  1.6960000e+003  4.0329211e-001
  1.7040000e+003  4.0527504e-001
  1.7120000e+003  4.1027413e-001
  1.7200000e+003  4.0254486e-001
  1.7280000e+003  4.0510940e-001
  1.7360000e+003  4.0804172e-001
  1.7440000e+003  4.0491068e-001
  1.7520000e+003  4.0533990e-001
  1.7600000e+003  4.0334181e-001
  1.7680000e+003  3.9813104e-001
  1.7760000e+003  4.0932602e-001
  1.7840000e+003  4.0652959e-001
  1.7920000e+003  4.0287726e-001
  1.8000000e+003  3.9764243e-001
  1.8080000e+003  4.0826998e-001
  1.8160000e+003  4.0248701e-001
  1.8240000e+003  3.9519136e-001
  1.8320000e+003  3.9668740e-001
  1.8400000e+003  3.9669953e-001
  1.8480000e+003  3.9260818e-001
  1.8560000e+003  3.9431000e-001
  1.8640000e+003  3.9351982e-001
  1.8720000e+003  3.9331638e-001
  1.8800000e+003  3.9925190e-001
  1.8880000e+003  3.8683528e-001
  1.8960000e+003  3.9930706e-001
  1.9040000e+003  3.9035453e-001
  1.9120000e+003  3.9748801e-001
  1.9200000e+003  3.8455093e-001
  1.9280000e+003  3.8866628e-001
  1.9360000e+003  3.9117170e-001
  1.9440000e+003  3.8172886e-001
  1.9520000e+003  3.8706784e-001
  1.9600000e+003  3.8711163e-001
  1.9680000e+003  3.9121158e-001
  1.9760000e+003  3.8229672e-001
  1.9840000e+003  3.9795500e-001
  1.9920000e+003  3.8437306e-001
  2.0000000e+003  3.9030053e-001
  2.0080000e+003  3.8454831e-001
  2.0160000e+003  3.8398596e-001
  2.0240000e+003  3.8304182e-001
  2.0320000e+003  3.8116788e-001
  2.0400000e+003  3.8673181e-001
  2.0480000e+003  3.8729500e-001
  2.0560000e+003  3.8145687e-001
  2.0640000e+003  3.7789498e-001
  2.0720000e+003  3.8496836e-001
  2.0800000e+003  3.8158254e-001
  2.0880000e+003  3.7729948e-001
  2.0960000e+003  3.8135666e-001
  2.1040000e+003  3.7528811e-001
  2.1120000e+003  3.8686128e-001
  2.1200000e+003  3.8752556e-001
  2.1280000e+003  3.6684674e-001
  2.1360000e+003  3.7657932e-001
  2.1440000e+003  3.7119678e-001
  2.1520000e+003  3.7737615e-001
  2.1600000e+003  3.7477449e-001
  2.1680000e+003  3.7179613e-001
  2.1760000e+003  3.7771360e-001
  2.1840000e+003  3.7059327e-001
  2.1920000e+003  3.6616298e-001
  2.2000000e+003  3.7209177e-001
  2.2080000e+003  3.6283804e-001
  2.2160000e+003  3.7138844e-001
  2.2240000e+003  3.7172656e-001
  2.2320000e+003  3.7117245e-001
  2.2400000e+003  3.7119101e-001
  2.2480000e+003  3.7852218e-001
  2.2560000e+003  3.7274625e-001
  2.2640000e+003  3.6555767e-001
  2.2720000e+003  3.6150053e-001
  2.2800000e+003  3.6849756e-001
  2.2880000e+003  3.6445689e-001
  2.2960000e+003  3.7344735e-001
  2.3040000e+003  3.6601256e-001
  2.3120000e+003  3.5849628e-001
  2.3200000e+003  3.6353264e-001
  2.3280000e+003  3.6321484e-001
  2.3360000e+003  3.6484674e-001
  2.3440000e+003  3.5788659e-001
  2.3520000e+003  3.6183268e-001
  2.3600000e+003  3.6486912e-001
  2.3680000e+003  3.5920198e-001
  2.3760000e+003  3.5618492e-001
  2.3840000e+003  3.5966960e-001
  2.3920000e+003  3.5833489e-001
  2.4000000e+003  3.6418787e-001
  2.4080000e+003  3.5990136e-001
  2.4160000e+003  3.5418717e-001
  2.4240000e+003  3.5792637e-001
  2.4320000e+003  3.5247047e-001
  2.4400000e+003  3.5379110e-001
  2.4480000e+003  3.4944177e-001
  2.4560000e+003  3.4959700e-001
  2.4640000e+003  3.4922538e-001
  2.4720000e+003  3.5317141e-001
  2.4800000e+003  3.5166204e-001
  2.4880000e+003  3.3652954e-001
  2.4960000e+003  3.5704474e-001
  2.5040000e+003  3.4760827e-001
  2.5120000e+003  3.4997847e-001
  2.5200000e+003  3.6325337e-001
  2.5280000e+003  3.5516190e-001
  2.5360000e+003  3.5573653e-001
  2.5440000e+003  3.5607538e-001
  2.5520000e+003  3.4288787e-001
  2.5600000e+003  3.5736343e-001
  2.5680000e+003  3.4444825e-001
  2.5760000e+003  3.4458806e-001
  2.5840000e+003  3.4531464e-001
  2.5920000e+003  3.4616591e-001
  2.6000000e+003  3.5366646e-001
  2.6080000e+003  3.3923398e-001
  2.6160000e+003  3.5639594e-001
  2.6240000e+003  3.4522142e-001
  2.6320000e+003  3.4878638e-001
  2.6400000e+003  3.4588577e-001
  2.6480000e+003  3.4423268e-001
  2.6560000e+003  3.4437265e-001
  2.6640000e+003  3.5360292e-001
  2.6720000e+003  3.4217130e-001
  2.6800000e+003  3.3690087e-001
  2.6880000e+003  3.4345996e-001
  2.6960000e+003  3.4138109e-001
  2.7040000e+003  3.4233267e-001
  2.7120000e+003  3.4325383e-001
  2.7200000e+003  3.4242298e-001
  2.7280000e+003  3.3860494e-001
  2.7360000e+003  3.3340843e-001
  2.7440000e+003  3.4046095e-001
  2.7520000e+003  3.4420107e-001
  2.7600000e+003  3.2859106e-001
  2.7680000e+003  3.3101159e-001
  2.7760000e+003  3.3895581e-001
  2.7840000e+003  3.2656985e-001
  2.7920000e+003  3.4105407e-001
  2.8000000e+003  3.3665625e-001
  2.8080000e+003  3.3549575e-001
  2.8160000e+003  3.2982162e-001
  2.8240000e+003  3.3999433e-001
  2.8320000e+003  3.4183674e-001
  2.8400000e+003  3.3546320e-001
  2.8480000e+003  3.3973439e-001
  2.8560000e+003  3.2932052e-001
  2.8640000e+003  3.3102020e-001
  2.8720000e+003  3.3621557e-001
  2.8800000e+003  3.3332111e-001
  2.8880000e+003  3.2604719e-001
  2.8960000e+003  3.3723626e-001
  2.9040000e+003  3.3116599e-001
  2.9120000e+003  3.3576992e-001
  2.9200000e+003  3.2696390e-001
  2.9280000e+003  3.2974300e-001
  2.9360000e+003  3.3646671e-001
  2.9440000e+003  3.3025801e-001
  2.9520000e+003  3.2176160e-001
  2.9600000e+003  3.2260361e-001
  2.9680000e+003  3.3467316e-001
  2.9760000e+003  3.3436572e-001
  2.9840000e+003  3.2509710e-001
  2.9920000e+003  3.2275980e-001
  3.0000000e+003  3.2966382e-001
  3.0080000e+003  3.2681194e-001
  3.0160000e+003  3.2123775e-001
  3.0240000e+003  3.2876341e-001
  3.0320000e+003  3.2618151e-001
  3.0400000e+003  3.2802928e-001
  3.0480000e+003  3.2157053e-001
  3.0560000e+003  3.2976113e-001
  3.0640000e+003  3.3318305e-001
  3.0720000e+003  3.2615202e-001
  3.0800000e+003  3.2259183e-001
  3.0880000e+003  3.2850200e-001
  3.0960000e+003  3.2636301e-001
  3.1040000e+003  3.2250692e-001
  3.1120000e+003  3.1123189e-001
  3.1200000e+003  3.1627860e-001
  3.1280000e+003  3.0890349e-001
  3.1360000e+003  3.2005546e-001
  3.1440000e+003  3.0747825e-001
  3.1520000e+003  3.1783167e-001
  3.1600000e+003  3.2390777e-001
  3.1680000e+003  3.1752036e-001
  3.1760000e+003  3.1104199e-001
  3.1840000e+003  3.0522454e-001
  3.1920000e+003  3.1583059e-001
  3.2000000e+003  3.3044968e-001
  3.2080000e+003  3.1539908e-001
  3.2160000e+003  3.1901596e-001
  3.2240000e+003  3.1266968e-001
  3.2320000e+003  3.1836734e-001
  3.2400000e+003  3.0697513e-001
  3.2480000e+003  3.1256637e-001
  3.2560000e+003  3.1112753e-001
  3.2640000e+003  3.2087904e-001
  3.2720000e+003  3.0170534e-001
  3.2800000e+003  3.2097172e-001
  3.2880000e+003  3.1110981e-001
  3.2960000e+003  3.1182405e-001
  3.3040000e+003  3.1368606e-001
  3.3120000e+003  3.0616963e-001
  3.3200000e+003  3.0744779e-001
  3.3280000e+003  3.1566499e-001
  3.3360000e+003  3.1915451e-001
  3.3440000e+003  3.0278807e-001
  3.3520000e+003  3.0427174e-001
  3.3600000e+003  3.0987012e-001
  3.3680000e+003  3.1266745e-001
  3.3760000e+003  3.0863829e-001
  3.3840000e+003  3.0664366e-001
  3.3920000e+003  3.0749131e-001
  3.4000000e+003  3.1240028e-001
  3.4080000e+003  3.0564666e-001
  3.4160000e+003  3.1358126e-001
  3.4240000e+003  3.0894949e-001
  3.4320000e+003  3.0584465e-001
  3.4400000e+003  3.0207610e-001
  3.4480000e+003  2.9884342e-001
  3.4560000e+003  3.0901223e-001
  3.4640000e+003  3.1252515e-001
  3.4720000e+003  3.1553268e-001
  3.4800000e+003  3.0187194e-001
  3.4880000e+003  3.0148634e-001
  3.4960000e+003  3.1074538e-001
  3.5040000e+003  3.0536820e-001
  3.5120000e+003  3.0472270e-001
  3.5200000e+003  2.9598417e-001
  3.5280000e+003  3.0005581e-001
  3.5360000e+003  3.0460865e-001
  3.5440000e+003  3.0130147e-001
  3.5520000e+003  2.9259407e-001
  3.5600000e+003  2.9315772e-001
  3.5680000e+003  3.0231778e-001
  3.5760000e+003  2.9781521e-001
  3.5840000e+003  2.9379950e-001
  3.5920000e+003  3.0519987e-001
  3.6000000e+003  3.0293601e-001
  3.6080000e+003  3.0002674e-001
  3.6160000e+003  3.0238776e-001
  3.6240000e+003  3.0219000e-001
  3.6320000e+003  2.9601914e-001
  3.6400000e+003  3.0963774e-001
  3.6480000e+003  3.0036668e-001
  3.6560000e+003  3.0085785e-001
  3.6640000e+003  2.9711169e-001
  3.6720000e+003  3.0293728e-001
  3.6800000e+003  3.0024067e-001
  3.6880000e+003  2.9136074e-001
  3.6960000e+003  2.8702131e-001
  3.7040000e+003  2.8883102e-001
  3.7120000e+003  2.9968888e-001
  3.7200000e+003  2.9250276e-001
  3.7280000e+003  2.9628064e-001
  3.7360000e+003  3.0525219e-001
  3.7440000e+003  2.8932638e-001
  3.7520000e+003  3.0336590e-001
  3.7600000e+003  2.9933005e-001
  3.7680000e+003  2.8994444e-001
  3.7760000e+003  2.8293011e-001
  3.7840000e+003  2.8748199e-001
  3.7920000e+003  2.9296044e-001
  3.8000000e+003  2.8616884e-001
  3.8080000e+003  3.0732524e-001
  3.8160000e+003  2.9052489e-001
  3.8240000e+003  2.9098403e-001
  3.8320000e+003  2.8657848e-001
  3.8400000e+003  2.8553874e-001
  3.8480000e+003  2.8269349e-001
  3.8560000e+003  2.8891042e-001
  3.8640000e+003  2.8520786e-001
  3.8720000e+003  2.9143047e-001
  3.8800000e+003  2.8780416e-001
  3.8880000e+003  2.9613585e-001
  3.8960000e+003  2.8903201e-001
  3.9040000e+003  2.9558754e-001
  3.9120000e+003  2.8761271e-001
  3.9200000e+003  2.9177556e-001
  3.9280000e+003  2.8482051e-001
  3.9360000e+003  2.9412141e-001
  3.9440000e+003  2.8194724e-001
  3.9520000e+003  2.8936812e-001
  3.9600000e+003  2.8198933e-001
  3.9680000e+003  2.8492476e-001
  3.9760000e+003  2.8839164e-001
  3.9840000e+003  2.8170664e-001
  3.9920000e+003  2.8951872e-001
  4.0000000e+003  2.8625275e-001
  4.0080000e+003  2.8387051e-001
  4.0160000e+003  2.8313493e-001
  4.0240000e+003  2.9580890e-001
  4.0320000e+003  2.8281566e-001
  4.0400000e+003  2.9192982e-001
  4.0480000e+003  2.8503828e-001
  4.0560000e+003  2.8387395e-001
  4.0640000e+003  2.8601111e-001
  4.0720000e+003  2.9116343e-001
  4.0800000e+003  2.8471427e-001
  4.0880000e+003  2.9519566e-001
