  0.0000000e+000  9.9565013e-001  6.1342537e-001  1.3178598e-001
  3.2000000e-002  1.0078624e+000  6.1323490e-001  1.1348308e-001
  6.4000000e-002  9.7126166e-001  6.1304450e-001  1.0888195e-001
  9.6000000e-002  9.7915534e-001  6.1285415e-001  9.6317062e-002
  1.2800000e-001  9.5936450e-001  6.1266386e-001  7.7167061e-002
  1.6000000e-001  9.5334372e-001  6.1247363e-001  7.6170789e-002
  1.9200000e-001  9.4002684e-001  6.1228346e-001  5.5256551e-002
  2.2400000e-001  9.2310959e-001  6.1209335e-001  4.6056972e-002
  2.5600000e-001  9.0792904e-001  6.1190330e-001  4.0983564e-002
  2.8800000e-001  9.1289646e-001  6.1171330e-001  2.9763525e-002
  3.2000000e-001  8.8993161e-001  6.1152337e-001  3.1817705e-002
  3.5200000e-001  8.8708692e-001  6.1133349e-001  3.3219271e-002
  3.8400000e-001  8.9310380e-001  6.1114367e-001  3.3349154e-002
  4.1600000e-001  9.0396750e-001  6.1095392e-001  3.6105456e-002
  4.4800000e-001  8.9058140e-001  6.1076422e-001  4.0136961e-002
  4.8000000e-001  8.8371910e-001  6.1057458e-001  4.0947789e-002
  5.1200000e-001  8.7930562e-001  6.1038500e-001  3.9709170e-002
  5.4400000e-001  8.6976593e-001  6.1019547e-001  4.0001624e-002
  5.7600000e-001  8.6163875e-001  6.1000601e-001  3.6707825e-002
  6.0800000e-001  8.5647227e-001  6.0981661e-001  3.2078714e-002
  6.4000000e-001  8.5192636e-001  6.0962726e-001  3.6961335e-002
  6.7200000e-001  8.4965781e-001  6.0943797e-001  3.2784732e-002
  7.0400000e-001  8.3072402e-001  6.0924874e-001  2.2970635e-002
  7.3600000e-001  8.4696278e-001  6.0905957e-001  2.2485704e-002
  7.6800000e-001  8.2976785e-001  6.0887046e-001  2.7262154e-002
  8.0000000e-001  8.2622501e-001  6.0868141e-001  2.0407132e-002
  8.3200000e-001  8.2852873e-001  6.0849242e-001  2.1966306e-002
  8.6400000e-001  8.1894415e-001  6.0830348e-001  2.1258127e-002
  8.9600000e-001  8.2449489e-001  6.0811461e-001  3.1821029e-002
  9.2800000e-001  8.1445870e-001  6.0792579e-001  2.8333092e-002
  9.6000000e-001  8.1592931e-001  6.0773703e-001  2.8063191e-002
  9.9200000e-001  7.9675984e-001  6.0754833e-001  2.6006357e-002
  1.0240000e+000  8.0290517e-001  6.0735969e-001  2.7742289e-002
  1.0560000e+000  7.9996246e-001  6.0717111e-001  3.1115726e-002
  1.0880000e+000  7.9243067e-001  6.0698258e-001  2.2943598e-002
  1.1200000e+000  7.9204154e-001  6.0679412e-001  2.0656474e-002
  1.1520000e+000  7.9503388e-001  6.0660571e-001  1.5012472e-002
  1.1840000e+000  7.8331278e-001  6.0641736e-001  1.4578592e-002
  1.2160000e+000  7.8669075e-001  6.0622907e-001  1.7877491e-002
  1.2480000e+000  7.7884729e-001  6.0604084e-001  1.9282880e-002
  1.2800000e+000  7.6733070e-001  6.0585266e-001  1.4820646e-002
  1.3120000e+000  7.7049996e-001  6.0566455e-001  1.3773203e-002
  1.3440000e+000  7.6762693e-001  6.0547649e-001  2.0196370e-002
  1.3760000e+000  7.5219166e-001  6.0528849e-001  2.3901572e-002
  1.4080000e+000  7.6178943e-001  6.0510055e-001  2.2091819e-002
  1.4400000e+000  7.5217246e-001  6.0491267e-001  2.5991148e-002
  1.4720000e+000  7.5065897e-001  6.0472485e-001  1.9375475e-002
  1.5040000e+000  7.3934333e-001  6.0453708e-001  1.7821564e-002
  1.5360000e+000  7.3627060e-001  6.0434938e-001  1.7926646e-002
  1.5680000e+000  7.3218337e-001  6.0416173e-001  2.1865978e-002
  1.6000000e+000  7.2800572e-001  6.0397414e-001  1.6481773e-002
  1.6320000e+000  7.2268596e-001  6.0378661e-001  1.5622195e-002
  1.6640000e+000  7.2121346e-001  6.0359913e-001  1.2889495e-002
  1.6960000e+000  7.1055435e-001  6.0341172e-001  1.3005858e-002
  1.7280000e+000  7.1026357e-001  6.0322436e-001  1.4569979e-002
  1.7600000e+000  7.0488833e-001  6.0303706e-001  6.8986480e-003
  1.7920000e+000  7.0852708e-001  6.0284982e-001  1.2757022e-002
  1.8240000e+000  6.9801199e-001  6.0266264e-001  1.4760289e-002
  1.8560000e+000  7.0489906e-001  6.0247551e-001  1.4450365e-002
  1.8880000e+000  6.9982078e-001  6.0228845e-001  1.4622006e-002
  1.9200000e+000  6.9558297e-001  6.0210144e-001  1.9813594e-002
  1.9520000e+000  6.8380330e-001  6.0191449e-001  1.0328784e-002
  1.9840000e+000  6.9484301e-001  6.0172760e-001  1.5241134e-002
  2.0160000e+000  6.7854989e-001  6.0154076e-001  1.6104893e-002
  2.0480000e+000  6.8797142e-001  6.0135399e-001  1.5437495e-002
  2.0800000e+000  6.6513614e-001  6.0116727e-001  8.7636171e-003
  2.1120000e+000  6.6319672e-001  6.0098061e-001  1.0281461e-002
  2.1440000e+000  6.7156825e-001  6.0079400e-001  1.0424933e-002
  2.1760000e+000  6.6661565e-001  6.0060746e-001  1.0081840e-002
  2.2080000e+000  6.5536792e-001  6.0042097e-001  5.7173349e-003
  2.2400000e+000  6.5961291e-001  6.0023455e-001  1.2586147e-002
  2.2720000e+000  6.6460063e-001  6.0004817e-001  8.0882446e-003
  2.3040000e+000  6.5489835e-001  5.9986186e-001  9.7055637e-003
  2.3360000e+000  6.4866520e-001  5.9967561e-001  9.1192478e-003
  2.3680000e+000  6.3449644e-001  5.9948941e-001  1.1065689e-002
  2.4000000e+000  6.4193655e-001  5.9930327e-001  1.1580939e-002
  2.4320000e+000  6.3465376e-001  5.9911719e-001  9.0975599e-003
  2.4640000e+000  6.3521771e-001  5.9893117e-001  9.8449889e-003
  2.4960000e+000  6.3943305e-001  5.9874520e-001  1.5787019e-002
  2.5280000e+000  6.2861303e-001  5.9855929e-001  3.7372646e-003
  2.5600000e+000  6.2198783e-001  5.9837344e-001  8.6843098e-003
  2.5920000e+000  6.1537857e-001  5.9818765e-001  9.2272458e-003
  2.6240000e+000  6.2343708e-001  5.9800191e-001  5.1371511e-003
  2.6560000e+000  6.1364311e-001  5.9781623e-001  3.3674040e-003
  2.6880000e+000  6.1091031e-001  5.9763062e-001  7.1010310e-003
  2.7200000e+000  6.1289126e-001  5.9744505e-001  9.4598198e-003
  2.7520000e+000  6.0709432e-001  5.9725955e-001  7.2548878e-003
  2.7840000e+000  6.0684110e-001  5.9707410e-001  8.2456857e-003
  2.8160000e+000  6.0392936e-001  5.9688871e-001  8.4769412e-003
  2.8480000e+000  6.0487815e-001  5.9670338e-001  4.1693099e-003
  2.8800000e+000  6.0462563e-001  5.9651811e-001  1.3149092e-002
  2.9120000e+000  5.9417534e-001  5.9633289e-001  1.0044984e-002
  2.9440000e+000  5.9192245e-001  5.9614773e-001  5.3840509e-003
  2.9760000e+000  5.9413261e-001  5.9596263e-001  3.0788546e-003
  3.0080000e+000  5.8307982e-001  5.9577758e-001  6.7120233e-003
  3.0400000e+000  5.9358040e-001  5.9559260e-001  5.2829240e-003
  3.0720000e+000  5.9168733e-001  5.9540767e-001  4.1149878e-003
  3.1040000e+000  5.8191690e-001  5.9522280e-001  7.6136394e-003
  3.1360000e+000  5.8319981e-001  5.9503798e-001  5.8442394e-003
  3.1680000e+000  5.7959025e-001  5.9485322e-001  1.2155523e-002
  3.2000000e+000  5.7113055e-001  5.9466852e-001  8.0746671e-003
  3.2320000e+000  5.7265731e-001  5.9448388e-001  5.8941485e-003
  3.2640000e+000  5.7811110e-001  5.9429930e-001  2.3806764e-003
  3.2960000e+000  5.6084690e-001  5.9411477e-001  8.1558112e-003
  3.3280000e+000  5.6586778e-001  5.9393030e-001  7.1921854e-003
  3.3600000e+000  5.7123215e-001  5.9374589e-001  2.5326705e-003
  3.3920000e+000  5.7011203e-001  5.9356153e-001 -2.6043777e-003
  3.4240000e+000  5.6257604e-001  5.9337723e-001  2.3031409e-003
  3.4560000e+000  5.6921629e-001  5.9319299e-001  8.8920826e-003
  3.4880000e+000  5.6284787e-001  5.9300880e-001  3.6743728e-004
  3.5200000e+000  5.5577442e-001  5.9282468e-001  6.8700486e-003
  3.5520000e+000  5.5809510e-001  5.9264061e-001  7.1870935e-003
  3.5840000e+000  5.5993686e-001  5.9245659e-001  2.8006565e-003
  3.6160000e+000  5.6367738e-001  5.9227264e-001  2.1268869e-003
  3.6480000e+000  5.5952956e-001  5.9208874e-001  4.7809797e-003
  3.6800000e+000  5.5500827e-001  5.9190490e-001  2.1737486e-003
  3.7120000e+000  5.4983880e-001  5.9172111e-001  6.1305535e-003
  3.7440000e+000  5.4982055e-001  5.9153739e-001 -1.6212979e-003
  3.7760000e+000  5.4535637e-001  5.9135372e-001 -8.2894117e-004
  3.8080000e+000  5.5477221e-001  5.9117010e-001  8.7305180e-003
  3.8400000e+000  5.5082416e-001  5.9098655e-001  5.8524204e-003
  3.8720000e+000  5.4835616e-001  5.9080305e-001  8.1432273e-003
  3.9040000e+000  5.5646072e-001  5.9061961e-001  1.0293867e-003
  3.9360000e+000  5.3145898e-001  5.9043622e-001  6.6627922e-003
  3.9680000e+000  5.3782916e-001  5.9025289e-001  5.7252849e-003
  4.0000000e+000  5.4280138e-001  5.9006962e-001  1.1270219e-003
  4.0320000e+000  5.4735885e-001  5.8988641e-001  8.2734084e-004
  4.0640000e+000  5.4752863e-001  5.8970325e-001  3.5259845e-003
  4.0960000e+000  5.4216583e-001  5.8952015e-001  2.1415619e-003
  4.1280000e+000  5.4098605e-001  5.8933710e-001  4.2494550e-003
  4.1600000e+000  5.4516650e-001  5.8915412e-001  6.2872214e-003
  4.1920000e+000  5.3441549e-001  5.8897119e-001 -7.9837564e-006
  4.2240000e+000  5.5377221e-001  5.8878831e-001  6.9473600e-003
  4.2560000e+000  5.4927778e-001  5.8860550e-001  6.3472133e-004
  4.2880000e+000  5.3837119e-001  5.8842274e-001  3.7841237e-003
  4.3200000e+000  5.4336582e-001  5.8824003e-001 -2.0061024e-003
  4.3520000e+000  5.4282674e-001  5.8805739e-001  1.8685465e-003
  4.3840000e+000  5.4490965e-001  5.8787480e-001  7.6390012e-004
  4.4160000e+000  5.4170638e-001  5.8769226e-001  2.7492908e-003
  4.4480000e+000  5.3842017e-001  5.8750979e-001  2.5936479e-003
  4.4800000e+000  5.3078701e-001  5.8732737e-001  2.8532782e-004
  4.5120000e+000  5.4546743e-001  5.8714501e-001  3.5094125e-003
  4.5440000e+000  5.4150955e-001  5.8696270e-001 -7.8850916e-004
  4.5760000e+000  5.3386956e-001  5.8678045e-001  4.4551688e-003
  4.6080000e+000  5.4818203e-001  5.8659826e-001 -9.2230867e-004
  4.6400000e+000  5.4598733e-001  5.8641612e-001 -3.9286265e-003
  4.6720000e+000  5.3339559e-001  5.8623404e-001 -2.3358944e-003
  4.7040000e+000  5.4381071e-001  5.8605202e-001 -1.8858031e-003
  4.7360000e+000  5.4049562e-001  5.8587005e-001  6.4293160e-003
  4.7680000e+000  5.3587930e-001  5.8568814e-001 -2.7768982e-004
  4.8000000e+000  5.3541834e-001  5.8550628e-001  3.1315702e-003
  4.8320000e+000  5.5041771e-001  5.8532449e-001  5.0023009e-003
  4.8640000e+000  5.3666025e-001  5.8514275e-001 -1.4430161e-003
  4.8960000e+000  5.3146110e-001  5.8496106e-001  8.6224988e-003
  4.9280000e+000  5.3339703e-001  5.8477943e-001  2.5804095e-003
  4.9600000e+000  5.4289220e-001  5.8459786e-001  3.6148740e-003
  4.9920000e+000  5.4005520e-001  5.8441635e-001 -7.6716624e-005
  5.0240000e+000  5.4175289e-001  5.8423489e-001  3.8828623e-004
  5.0560000e+000  5.3608998e-001  5.8405348e-001  4.9240445e-003
  5.0880000e+000  5.3542051e-001  5.8387214e-001  4.4203432e-004
  5.1200000e+000  5.3673105e-001  5.8369085e-001  9.9399949e-004
  5.1520000e+000  5.3425435e-001  5.8350961e-001 -4.5948902e-003
  5.1840000e+000  5.4733269e-001  5.8332843e-001  1.7667171e-003
  5.2160000e+000  5.4106852e-001  5.8314731e-001  5.1390321e-003
  5.2480000e+000  5.4620179e-001  5.8296625e-001 -1.4828245e-003
  5.2800000e+000  5.4939671e-001  5.8278524e-001 -6.9149426e-004
  5.3120000e+000  5.3957863e-001  5.8260429e-001 -1.7034211e-003
  5.3440000e+000  5.5420734e-001  5.8242339e-001  6.2006509e-003
  5.3760000e+000  5.3706136e-001  5.8224255e-001 -1.9235799e-003
  5.4080000e+000  5.4283565e-001  5.8206177e-001  6.9539982e-004
  5.4400000e+000  5.3838371e-001  5.8188104e-001 -2.4163760e-003
  5.4720000e+000  5.3366753e-001  5.8170037e-001 -1.4148135e-003
  5.5040000e+000  5.3596135e-001  5.8151975e-001 -5.9641616e-003
  5.5360000e+000  5.4214492e-001  5.8133919e-001  4.5672400e-005
  5.5680000e+000  5.4710997e-001  5.8115869e-001 -1.2468757e-005
  5.6000000e+000  5.4654788e-001  5.8097824e-001  7.3795970e-004
  5.6320000e+000  5.3928538e-001  5.8079785e-001  5.4228909e-003
  5.6640000e+000  5.5518768e-001  5.8061751e-001  5.9717461e-004
  5.6960000e+000  5.4798606e-001  5.8043723e-001 -2.8692775e-003
  5.7280000e+000  5.4507860e-001  5.8025701e-001  6.7080877e-003
  5.7600000e+000  5.4371415e-001  5.8007684e-001 -3.7070919e-003
  5.7920000e+000  5.4803938e-001  5.7989673e-001 -1.9809086e-004
  5.8240000e+000  5.5513391e-001  5.7971667e-001  9.5129032e-004
  5.8560000e+000  5.4329168e-001  5.7953667e-001 -8.8766937e-005
  5.8880000e+000  5.4953743e-001  5.7935673e-001  5.6537374e-004
  5.9200000e+000  5.5359969e-001  5.7917684e-001 -1.9225410e-003
  5.9520000e+000  5.4333523e-001  5.7899701e-001 -2.0670475e-003
  5.9840000e+000  5.6683947e-001  5.7881723e-001 -7.2354531e-004
  6.0160000e+000  5.6179673e-001  5.7863751e-001 -2.5900535e-003
  6.0480000e+000  5.6540706e-001  5.7845785e-001 -4.0351772e-003
  6.0800000e+000  5.4397381e-001  5.7827824e-001 -3.5105874e-003
  6.1120000e+000  5.6159834e-001  5.7809868e-001 -1.6014890e-003
  6.1440000e+000  5.6819919e-001  5.7791919e-001  2.8774727e-005
  6.1760000e+000  5.6349241e-001  5.7773974e-001 -1.6577851e-003
  6.2080000e+000  5.5214741e-001  5.7756036e-001  3.1421173e-004
  6.2400000e+000  5.5649236e-001  5.7738103e-001  5.4669949e-003
  6.2720000e+000  5.4643709e-001  5.7720175e-001  2.1420499e-003
  6.3040000e+000  5.6038872e-001  5.7702253e-001  2.7094184e-003
  6.3360000e+000  5.6389302e-001  5.7684337e-001  1.1417233e-003
  6.3680000e+000  5.4908811e-001  5.7666426e-001  2.8122997e-003
  6.4000000e+000  5.6714901e-001  5.7648521e-001 -2.5513612e-003
  6.4320000e+000  5.5782438e-001  5.7630621e-001 -3.4902612e-003
  6.4640000e+000  5.7284077e-001  5.7612727e-001  5.6470318e-004
  6.4960000e+000  5.5809270e-001  5.7594839e-001 -1.4904896e-003
  6.5280000e+000  5.6183725e-001  5.7576956e-001  2.4584597e-005
  6.5600000e+000  5.7995851e-001  5.7559078e-001  5.4706462e-003
  6.5920000e+000  5.7380965e-001  5.7541206e-001 -2.7293073e-003
  6.6240000e+000  5.8141335e-001  5.7523340e-001 -3.2030322e-003
  6.6560000e+000  5.6322693e-001  5.7505479e-001  2.5603417e-003
  6.6880000e+000  5.7145459e-001  5.7487624e-001 -9.0700020e-003
  6.7200000e+000  5.7996277e-001  5.7469774e-001  1.7598872e-003
  6.7520000e+000  5.8029193e-001  5.7451930e-001 -1.9606050e-003
  6.7840000e+000  5.7904563e-001  5.7434091e-001 -2.0408690e-003
  6.8160000e+000  5.7297167e-001  5.7416258e-001  3.7725196e-004
  6.8480000e+000  5.9829274e-001  5.7398431e-001 -4.2201957e-003
  6.8800000e+000  5.7116858e-001  5.7380609e-001 -4.0072118e-003
  6.9120000e+000  5.8630255e-001  5.7362792e-001 -1.7050237e-003
  6.9440000e+000  5.7393646e-001  5.7344981e-001 -5.8384869e-003
  6.9760000e+000  5.7052193e-001  5.7327176e-001  2.1941148e-003
  7.0080000e+000  5.7158962e-001  5.7309376e-001  1.7199812e-004
  7.0400000e+000  5.7337344e-001  5.7291582e-001  1.0459147e-003
  7.0720000e+000  5.7543230e-001  5.7273793e-001  6.0392017e-003
  7.1040000e+000  5.8086412e-001  5.7256010e-001 -4.6258796e-003
  7.1360000e+000  5.6686946e-001  5.7238232e-001  2.5696042e-003
  7.1680000e+000  5.8439591e-001  5.7220460e-001  9.5450348e-006
  7.2000000e+000  5.7966154e-001  5.7202693e-001 -1.2742471e-003
  7.2320000e+000  5.8585249e-001  5.7184932e-001 -2.9200702e-003
  7.2640000e+000  5.9685332e-001  5.7167176e-001 -4.4385061e-003
  7.2960000e+000  5.8565555e-001  5.7149426e-001 -1.3206153e-003
  7.3280000e+000  5.9970534e-001  5.7131681e-001 -5.2317698e-003
  7.3600000e+000  5.8418394e-001  5.7113942e-001 -7.5735750e-004
  7.3920000e+000  5.8410170e-001  5.7096208e-001  2.0021451e-003
  7.4240000e+000  5.8201663e-001  5.7078480e-001 -4.1515463e-004
  7.4560000e+000  5.8112324e-001  5.7060757e-001  1.1718102e-003
  7.4880000e+000  5.7806465e-001  5.7043040e-001 -2.5727106e-003
  7.5200000e+000  5.8890866e-001  5.7025328e-001 -4.2504191e-003
  7.5520000e+000  5.7569874e-001  5.7007622e-001  8.1682548e-004
  7.5840000e+000  5.8519502e-001  5.6989922e-001 -3.4783354e-003
  7.6160000e+000  5.8633425e-001  5.6972227e-001  1.4052930e-003
  7.6480000e+000  5.9152362e-001  5.6954537e-001 -2.0577595e-003
  7.6800000e+000  5.8642844e-001  5.6936853e-001 -1.1478904e-003
  7.7120000e+000  5.9315698e-001  5.6919174e-001 -8.9478678e-004
  7.7440000e+000  5.8781028e-001  5.6901501e-001  1.7814134e-003
  7.7760000e+000  5.8863389e-001  5.6883833e-001 -1.3227737e-003
  7.8080000e+000  5.9490496e-001  5.6866171e-001 -1.7836871e-003
  7.8400000e+000  5.8461635e-001  5.6848514e-001 -5.3989424e-003
  7.8720000e+000  6.0287651e-001  5.6830863e-001  6.9574391e-004
  7.9040000e+000  5.9577220e-001  5.6813217e-001 -9.1425021e-004
  7.9360000e+000  6.0404643e-001  5.6795577e-001 -2.8431789e-003
  7.9680000e+000  5.9389404e-001  5.6777942e-001 -1.1692339e-003
  8.0000000e+000  5.9914689e-001  5.6760313e-001  5.6389680e-003
  8.0320000e+000  5.9214010e-001  5.6742689e-001 -3.1346114e-003
  8.0640000e+000  6.0532610e-001  5.6725070e-001 -1.3068285e-003
  8.0960000e+000  5.9957676e-001  5.6707457e-001 -3.9422497e-004
  8.1280000e+000  5.7832892e-001  5.6689850e-001  1.8924347e-004
  8.1600000e+000  5.9737042e-001  5.6672248e-001  4.1300969e-003
  8.1920000e+000  5.8387487e-001  5.6654651e-001 -3.3374330e-003
  8.2240000e+000  6.0143992e-001  5.6637060e-001 -4.4945224e-003
  8.2560000e+000  6.1329035e-001  5.6619475e-001  1.2512884e-003
  8.2880000e+000  5.9250253e-001  5.6601895e-001 -6.3317261e-004
  8.3200000e+000  5.9937892e-001  5.6584320e-001  8.7017702e-004
  8.3520000e+000  5.8263593e-001  5.6566751e-001  2.8247754e-003
  8.3840000e+000  5.9168040e-001  5.6549187e-001  1.7986758e-003
  8.4160000e+000  5.9229719e-001  5.6531629e-001  3.0947957e-003
  8.4480000e+000  6.0903432e-001  5.6514076e-001  3.8473620e-003
  8.4800000e+000  5.9659599e-001  5.6496528e-001 -5.8062861e-003
  8.5120000e+000  5.9027227e-001  5.6478986e-001 -3.4704566e-003
  8.5440000e+000  5.9455917e-001  5.6461450e-001  6.5410577e-003
  8.5760000e+000  5.9709389e-001  5.6443919e-001 -1.8355428e-003
  8.6080000e+000  5.9757376e-001  5.6426393e-001 -3.3626512e-003
  8.6400000e+000  5.9035871e-001  5.6408873e-001  5.7802993e-004
  8.6720000e+000  5.8000558e-001  5.6391358e-001 -3.0891005e-003
  8.7040000e+000  5.9214896e-001  5.6373849e-001 -8.3001013e-003
  8.7360000e+000  5.7968868e-001  5.6356345e-001 -5.6058229e-004
  8.7680000e+000  5.9995516e-001  5.6338846e-001  2.1705246e-005
  8.8000000e+000  5.8787327e-001  5.6321353e-001 -2.1173646e-003
  8.8320000e+000  5.8276404e-001  5.6303866e-001 -2.3990905e-003
  8.8640000e+000  5.8757766e-001  5.6286384e-001  2.9698758e-004
  8.8960000e+000  5.9011522e-001  5.6268907e-001 -1.7286447e-003
  8.9280000e+000  5.9932276e-001  5.6251436e-001  1.0985202e-003
  8.9600000e+000  5.9760908e-001  5.6233970e-001 -2.4887910e-003
  8.9920000e+000  5.9667255e-001  5.6216509e-001  6.5209936e-003
  9.0240000e+000  5.8067450e-001  5.6199054e-001  1.0414566e-003
  9.0560000e+000  6.0713536e-001  5.6181605e-001 -3.6575865e-003
  9.0880000e+000  5.8992089e-001  5.6164161e-001 -1.7462152e-004
  9.1200000e+000  5.9495789e-001  5.6146722e-001  2.7427877e-003
  9.1520000e+000  5.8893072e-001  5.6129288e-001  9.8364291e-004
  9.1840000e+000  5.8013082e-001  5.6111861e-001 -3.2963787e-003
  9.2160000e+000  5.7650573e-001  5.6094438e-001  1.0329796e-003
  9.2480000e+000  5.6891206e-001  5.6077021e-001  1.0038789e-003
  9.2800000e+000  5.9518931e-001  5.6059609e-001  4.2565691e-003
  9.3120000e+000  5.8161927e-001  5.6042203e-001 -2.7582180e-003
  9.3440000e+000  5.9219482e-001  5.6024802e-001 -1.0756114e-003
  9.3760000e+000  5.7046232e-001  5.6007406e-001 -2.3203720e-003
  9.4080000e+000  6.0006118e-001  5.5990016e-001 -2.8252323e-004
  9.4400000e+000  5.8911316e-001  5.5972632e-001  6.3518239e-004
  9.4720000e+000  5.7592763e-001  5.5955252e-001  2.2477713e-003
  9.5040000e+000  5.8698644e-001  5.5937878e-001 -1.4920334e-003
  9.5360000e+000  5.9345839e-001  5.5920510e-001 -2.5499871e-003
  9.5680000e+000  5.7649554e-001  5.5903147e-001  1.0614838e-003
  9.6000000e+000  5.6888214e-001  5.5885789e-001 -2.7323203e-003
  9.6320000e+000  5.6260066e-001  5.5868437e-001  4.9690497e-004
  9.6640000e+000  5.7502726e-001  5.5851090e-001  3.3726033e-004
  9.6960000e+000  5.7522087e-001  5.5833748e-001  5.0158751e-003
  9.7280000e+000  6.0347756e-001  5.5816412e-001 -7.7669022e-004
  9.7600000e+000  5.8178854e-001  5.5799081e-001 -3.2878704e-004
  9.7920000e+000  5.7425476e-001  5.5781756e-001 -1.3498977e-003
  9.8240000e+000  5.8323697e-001  5.5764436e-001  2.0379915e-005
  9.8560000e+000  5.8090918e-001  5.5747121e-001  3.5137540e-003
  9.8880000e+000  5.7793901e-001  5.5729812e-001 -2.3979309e-004
  9.9200000e+000  5.7916831e-001  5.5712508e-001 -4.9156578e-003
  9.9520000e+000  5.7666768e-001  5.5695209e-001 -1.3371128e-003
  9.9840000e+000  5.8303624e-001  5.5677916e-001 -1.5946503e-003
  1.0016000e+001  5.7789176e-001  5.5660628e-001  5.4879730e-003
  1.0048000e+001  5.7816834e-001  5.5643346e-001 -5.9327892e-003
  1.0080000e+001  5.5419000e-001  5.5626069e-001  3.4963734e-003
  1.0112000e+001  5.7851159e-001  5.5608797e-001 -5.3597059e-003
  1.0144000e+001  5.8088008e-001  5.5591531e-001 -8.2843021e-003
  1.0176000e+001  5.6631490e-001  5.5574270e-001 -3.6614616e-004
  1.0208000e+001  5.6736461e-001  5.5557014e-001 -1.6227752e-003
  1.0240000e+001  5.7755934e-001  5.5539764e-001 -5.5742676e-003
  1.0272000e+001  5.8897534e-001  5.5522519e-001  4.4031929e-004
  1.0304000e+001  5.6358001e-001  5.5505280e-001 -6.7454450e-003
  1.0336000e+001  5.7002131e-001  5.5488045e-001  2.8638391e-004
  1.0368000e+001  5.6271450e-001  5.5470817e-001 -5.2800019e-003
  1.0400000e+001  5.7553524e-001  5.5453593e-001 -4.9602486e-004
  1.0432000e+001  5.5335104e-001  5.5436375e-001  1.1700074e-003
  1.0464000e+001  5.4594457e-001  5.5419162e-001 -4.0323723e-003
  1.0496000e+001  5.7402469e-001  5.5401955e-001 -4.6488158e-003
  1.0528000e+001  5.7122370e-001  5.5384753e-001 -2.6430590e-003
  1.0560000e+001  5.5785121e-001  5.5367556e-001  9.4233099e-004
  1.0592000e+001  5.6672548e-001  5.5350364e-001 -1.8339160e-003
  1.0624000e+001  5.7151751e-001  5.5333178e-001 -1.7258143e-003
  1.0656000e+001  5.7916552e-001  5.5315998e-001  5.5218803e-004
  1.0688000e+001  5.5826883e-001  5.5298822e-001  2.1159340e-003
  1.0720000e+001  5.4523573e-001  5.5281652e-001  7.5962697e-003
  1.0752000e+001  5.5834467e-001  5.5264487e-001 -1.0766386e-003
  1.0784000e+001  5.3921479e-001  5.5247328e-001 -4.4447988e-004
  1.0816000e+001  5.6626251e-001  5.5230174e-001  2.0260597e-003
  1.0848000e+001  5.3980488e-001  5.5213025e-001 -2.0978181e-003
  1.0880000e+001  5.3709253e-001  5.5195882e-001  8.9440034e-004
  1.0912000e+001  5.4518779e-001  5.5178743e-001 -1.6503658e-004
  1.0944000e+001  5.5734789e-001  5.5161611e-001 -3.8349073e-003
  1.0976000e+001  5.7399993e-001  5.5144483e-001 -8.9959139e-003
  1.1008000e+001  5.6117532e-001  5.5127361e-001  6.2342932e-003
  1.1040000e+001  5.5158412e-001  5.5110244e-001 -1.7499615e-003
  1.1072000e+001  5.7479877e-001  5.5093133e-001 -2.1783560e-004
  1.1104000e+001  5.5795071e-001  5.5076026e-001  3.3097896e-003
  1.1136000e+001  5.4298252e-001  5.5058925e-001 -2.9935989e-003
  1.1168000e+001  5.4106778e-001  5.5041830e-001 -1.4645518e-003
  1.1200000e+001  5.4056342e-001  5.5024740e-001  2.1756753e-003
  1.1232000e+001  5.4271822e-001  5.5007655e-001  3.7396653e-003
  1.1264000e+001  5.3143059e-001  5.4990575e-001 -1.6270651e-003
  1.1296000e+001  5.4895552e-001  5.4973501e-001  1.5192242e-003
  1.1328000e+001  5.4283970e-001  5.4956431e-001 -9.7291337e-004
  1.1360000e+001  5.5031861e-001  5.4939368e-001 -1.7211396e-003
  1.1392000e+001  5.2523241e-001  5.4922309e-001 -1.9073492e-003
  1.1424000e+001  5.4690496e-001  5.4905256e-001 -7.0197344e-003
  1.1456000e+001  5.5233597e-001  5.4888208e-001 -3.4106098e-004
  1.1488000e+001  5.4730117e-001  5.4871166e-001  4.3588961e-003
  1.1520000e+001  5.3690308e-001  5.4854128e-001 -7.3182993e-003
  1.1552000e+001  5.4480694e-001  5.4837096e-001  2.0934958e-003
  1.1584000e+001  5.3983356e-001  5.4820070e-001 -3.2982643e-003
  1.1616000e+001  5.4923582e-001  5.4803048e-001  1.0875519e-003
  1.1648000e+001  5.4567957e-001  5.4786032e-001 -2.1615431e-003
  1.1680000e+001  5.2082148e-001  5.4769021e-001 -6.5867495e-004
  1.1712000e+001  5.5660162e-001  5.4752015e-001 -2.3388685e-003
  1.1744000e+001  5.4201296e-001  5.4735015e-001 -1.2573850e-003
  1.1776000e+001  5.3070527e-001  5.4718020e-001 -2.9120618e-003
  1.1808000e+001  5.2038397e-001  5.4701030e-001 -2.9429554e-003
  1.1840000e+001  5.3879778e-001  5.4684046e-001 -5.0422933e-003
  1.1872000e+001  5.1618551e-001  5.4667067e-001  4.0639557e-004
  1.1904000e+001  5.2645848e-001  5.4650093e-001  2.2021777e-003
  1.1936000e+001  5.5307246e-001  5.4633124e-001 -1.0537559e-003
  1.1968000e+001  5.2529274e-001  5.4616161e-001 -8.9395937e-004
  1.2000000e+001  5.2586436e-001  5.4599203e-001 -2.7470548e-003
  1.2032000e+001  5.2790360e-001  5.4582250e-001  4.5247988e-003
  1.2064000e+001  5.3350919e-001  5.4565302e-001 -2.5771194e-003
  1.2096000e+001  5.3434377e-001  5.4548360e-001  4.4832182e-003
  1.2128000e+001  5.1369379e-001  5.4531423e-001 -1.0418460e-003
  1.2160000e+001  5.2277832e-001  5.4514491e-001  1.5950274e-003
  1.2192000e+001  5.2377252e-001  5.4497564e-001 -1.2667362e-003
  1.2224000e+001  5.2635496e-001  5.4480643e-001 -4.8335315e-003
  1.2256000e+001  5.2616594e-001  5.4463727e-001 -4.4165896e-003
  1.2288000e+001  5.1625109e-001  5.4446816e-001  3.0428148e-003
  1.2320000e+001  5.3253054e-001  5.4429911e-001 -4.5573236e-003
  1.2352000e+001  5.3207268e-001  5.4413010e-001 -2.7544770e-003
  1.2384000e+001  5.2849176e-001  5.4396115e-001  4.5042248e-003
  1.2416000e+001  5.1712141e-001  5.4379226e-001  4.1883516e-003
  1.2448000e+001  5.1049631e-001  5.4362341e-001 -2.2590590e-004
  1.2480000e+001  5.2919906e-001  5.4345462e-001  6.3131106e-005
  1.2512000e+001  5.2651213e-001  5.4328588e-001  2.1263140e-003
  1.2544000e+001  5.1942409e-001  5.4311719e-001 -4.3467824e-003
  1.2576000e+001  5.1614925e-001  5.4294855e-001  3.1275289e-003
  1.2608000e+001  5.3013100e-001  5.4277997e-001 -1.1149004e-003
  1.2640000e+001  5.1698298e-001  5.4261144e-001  2.8296058e-003
  1.2672000e+001  5.4843894e-001  5.4244296e-001 -2.6471056e-004
  1.2704000e+001  5.0797038e-001  5.4227453e-001 -7.0114264e-004
  1.2736000e+001  5.3376084e-001  5.4210616e-001  3.3001673e-003
  1.2768000e+001  5.0492811e-001  5.4193784e-001  7.9487358e-003
  1.2800000e+001  5.0734178e-001  5.4176957e-001 -7.6874633e-003
  1.2832000e+001  5.2497131e-001  5.4160135e-001 -3.8110337e-003
  1.2864000e+001  5.1783435e-001  5.4143318e-001  1.3024622e-003
  1.2896000e+001  5.2685792e-001  5.4126507e-001 -3.8979312e-003
  1.2928000e+001  5.2361333e-001  5.4109701e-001  3.1186458e-003
  1.2960000e+001  5.2324045e-001  5.4092900e-001 -6.4849971e-004
  1.2992000e+001  5.0992206e-001  5.4076104e-001  5.8686153e-004
  1.3024000e+001  5.0073617e-001  5.4059314e-001  4.7599581e-003
  1.3056000e+001  5.1954473e-001  5.4042529e-001 -3.2064861e-003
  1.3088000e+001  5.3193453e-001  5.4025749e-001 -3.0432595e-003
  1.3120000e+001  5.0454177e-001  5.4008974e-001  5.4260344e-003
  1.3152000e+001  5.2991263e-001  5.3992204e-001  1.9786466e-003
  1.3184000e+001  5.1888820e-001  5.3975440e-001 -2.7145387e-003
  1.3216000e+001  5.2163019e-001  5.3958681e-001 -3.7020482e-003
  1.3248000e+001  5.1389157e-001  5.3941927e-001 -1.2335516e-003
  1.3280000e+001  4.9717626e-001  5.3925178e-001 -2.4759225e-003
  1.3312000e+001  5.0854926e-001  5.3908434e-001 -1.5847443e-003
  1.3344000e+001  5.1953489e-001  5.3891696e-001 -5.3018792e-003
  1.3376000e+001  5.1086835e-001  5.3874963e-001  1.2961236e-003
  1.3408000e+001  5.2010518e-001  5.3858235e-001 -1.8836686e-003
  1.3440000e+001  5.2071760e-001  5.3841512e-001 -2.7349346e-003
  1.3472000e+001  5.3970724e-001  5.3824794e-001  3.5701879e-005
  1.3504000e+001  5.2281253e-001  5.3808082e-001 -7.5522395e-003
  1.3536000e+001  4.9216124e-001  5.3791375e-001  2.1519518e-004
  1.3568000e+001  5.1473056e-001  5.3774673e-001  1.7889631e-003
  1.3600000e+001  5.1916840e-001  5.3757976e-001  6.1296072e-003
  1.3632000e+001  5.1593158e-001  5.3741284e-001  1.4015641e-003
  1.3664000e+001  5.2795993e-001  5.3724598e-001  3.0533969e-003
  1.3696000e+001  5.1965043e-001  5.3707917e-001 -1.6548983e-003
  1.3728000e+001  5.2588007e-001  5.3691240e-001  1.4859077e-003
  1.3760000e+001  5.2646716e-001  5.3674570e-001 -5.6846443e-004
  1.3792000e+001  5.2122960e-001  5.3657904e-001  2.8270379e-003
  1.3824000e+001  5.1109205e-001  5.3641243e-001 -3.6464495e-003
  1.3856000e+001  5.3255669e-001  5.3624588e-001  3.7450037e-003
  1.3888000e+001  5.1457076e-001  5.3607938e-001 -4.3728167e-003
  1.3920000e+001  4.9789925e-001  5.3591292e-001  4.1876949e-003
  1.3952000e+001  5.0522635e-001  5.3574653e-001 -2.4062326e-003
  1.3984000e+001  5.0636492e-001  5.3558018e-001 -3.3520080e-003
  1.4016000e+001  5.0036693e-001  5.3541388e-001 -2.2651415e-003
  1.4048000e+001  5.1468939e-001  5.3524764e-001  1.9463605e-003
  1.4080000e+001  5.1046572e-001  5.3508145e-001 -6.2201112e-004
  1.4112000e+001  5.1995694e-001  5.3491530e-001  3.5332618e-004
  1.4144000e+001  5.1640920e-001  5.3474922e-001 -6.3248243e-003
  1.4176000e+001  4.8899313e-001  5.3458318e-001  1.1406435e-003
  1.4208000e+001  4.8745062e-001  5.3441719e-001  3.1624777e-003
  1.4240000e+001  5.4060617e-001  5.3425126e-001 -2.9482995e-005
  1.4272000e+001  5.1704101e-001  5.3408537e-001 -1.3177987e-003
  1.4304000e+001  5.2381531e-001  5.3391954e-001 -2.5237922e-003
  1.4336000e+001  5.2402275e-001  5.3375376e-001  3.3470507e-003
  1.4368000e+001  5.3063463e-001  5.3358803e-001 -7.2187926e-005
  1.4400000e+001  5.2837405e-001  5.3342236e-001 -1.7998789e-003
  1.4432000e+001  4.9642567e-001  5.3325673e-001  9.6446032e-004
  1.4464000e+001  4.9720584e-001  5.3309116e-001 -2.1037722e-003
  1.4496000e+001  5.2674477e-001  5.3292563e-001 -1.8747800e-003
  1.4528000e+001  5.1484800e-001  5.3276016e-001  2.4822023e-003
  1.4560000e+001  5.1087023e-001  5.3259474e-001  1.8586558e-003
  1.4592000e+001  5.1379268e-001  5.3242937e-001 -1.4845235e-003
  1.4624000e+001  5.0688135e-001  5.3226406e-001 -2.0102374e-003
  1.4656000e+001  5.0665369e-001  5.3209879e-001 -9.6790420e-004
  1.4688000e+001  5.2586734e-001  5.3193357e-001 -1.6115768e-003
  1.4720000e+001  5.0736890e-001  5.3176841e-001  7.2639908e-003
  1.4752000e+001  5.1940939e-001  5.3160330e-001  2.6871864e-003
  1.4784000e+001  5.3369817e-001  5.3143824e-001 -1.6221270e-003
  1.4816000e+001  5.3342460e-001  5.3127323e-001  1.3713310e-003
  1.4848000e+001  5.4984783e-001  5.3110827e-001 -5.5872840e-003
  1.4880000e+001  5.2157001e-001  5.3094336e-001  7.7630374e-003
  1.4912000e+001  5.4359374e-001  5.3077851e-001 -1.6608043e-003
  1.4944000e+001  5.2785812e-001  5.3061370e-001  5.8907170e-003
  1.4976000e+001  5.2257872e-001  5.3044895e-001  2.2694446e-004
  1.5008000e+001  5.1816377e-001  5.3028425e-001 -1.4236374e-003
  1.5040000e+001  5.0063263e-001  5.3011959e-001  2.3112376e-003
  1.5072000e+001  5.2959830e-001  5.2995499e-001  4.4341705e-003
  1.5104000e+001  5.5369637e-001  5.2979044e-001 -2.0950254e-003
  1.5136000e+001  5.5097342e-001  5.2962595e-001  4.6982571e-003
  1.5168000e+001  5.3128308e-001  5.2946150e-001  3.7417298e-003
  1.5200000e+001  5.4133388e-001  5.2929710e-001  4.7848050e-004
  1.5232000e+001  5.1084832e-001  5.2913276e-001 -2.5469409e-003
  1.5264000e+001  5.2591153e-001  5.2896847e-001  3.4005901e-003
  1.5296000e+001  5.3129721e-001  5.2880422e-001 -1.1483166e-003
  1.5328000e+001  5.3546752e-001  5.2864003e-001  1.4524143e-003
  1.5360000e+001  5.6482468e-001  5.2847589e-001  5.8592633e-003
  1.5392000e+001  5.5172020e-001  5.2831180e-001  3.6334867e-003
  1.5424000e+001  5.3599043e-001  5.2814776e-001  1.1212761e-003
  1.5456000e+001  5.2180128e-001  5.2798377e-001  3.9830542e-003
  1.5488000e+001  5.2058097e-001  5.2781984e-001 -3.5309644e-003
  1.5520000e+001  5.2903112e-001  5.2765595e-001 -2.9641080e-003
  1.5552000e+001  5.2061502e-001  5.2749211e-001  4.7400732e-003
  1.5584000e+001  5.1114376e-001  5.2732833e-001  1.0730673e-003
  1.5616000e+001  5.1254028e-001  5.2716460e-001 -2.2234750e-003
  1.5648000e+001  5.0030319e-001  5.2700091e-001  3.7644958e-003
  1.5680000e+001  5.1803983e-001  5.2683728e-001  1.3115460e-003
  1.5712000e+001  5.1281524e-001  5.2667370e-001 -5.3579852e-003
  1.5744000e+001  5.2947121e-001  5.2651017e-001 -3.8029021e-003
  1.5776000e+001  5.1479690e-001  5.2634669e-001  1.8507806e-003
  1.5808000e+001  5.1866682e-001  5.2618326e-001 -7.9740447e-003
  1.5840000e+001  5.1694031e-001  5.2601988e-001 -1.2026698e-003
  1.5872000e+001  5.7801479e-001  5.2585656e-001 -2.4777476e-003
  1.5904000e+001  5.2998801e-001  5.2569328e-001  2.2425771e-003
  1.5936000e+001  5.2940943e-001  5.2553005e-001 -1.4711587e-003
  1.5968000e+001  5.2201402e-001  5.2536688e-001 -8.6671737e-004
  1.6000000e+001  5.2084524e-001  5.2520375e-001 -3.4694759e-003
  1.6032000e+001  5.1602710e-001  5.2504068e-001  5.5032066e-003
  1.6064000e+001  5.0678164e-001  5.2487766e-001 -4.6584979e-004
  1.6096000e+001  5.4167506e-001  5.2471468e-001  1.2438797e-004
  1.6128000e+001  5.3438545e-001  5.2455176e-001  6.2209786e-003
  1.6160000e+001  5.4331336e-001  5.2438889e-001 -4.0009122e-003
  1.6192000e+001  5.4543133e-001  5.2422607e-001 -3.8692576e-004
  1.6224000e+001  5.2838147e-001  5.2406330e-001  7.2804586e-004
  1.6256000e+001  5.3721955e-001  5.2390058e-001 -1.0731774e-002
  1.6288000e+001  5.5513728e-001  5.2373791e-001  3.1290219e-003
  1.6320000e+001  5.2974155e-001  5.2357529e-001 -1.4627257e-003
  1.6352000e+001  5.3516122e-001  5.2341272e-001 -5.4848101e-003
  1.6384000e+001  5.2380042e-001  5.2325021e-001 -3.9101656e-003
  1.6416000e+001  5.3025608e-001  5.2308774e-001  1.7879235e-004
  1.6448000e+001  5.3152391e-001  5.2292532e-001  2.7394388e-003
  1.6480000e+001  5.1346225e-001  5.2276296e-001  3.8773431e-003
  1.6512000e+001  5.5732242e-001  5.2260064e-001  2.9686779e-003
  1.6544000e+001  5.4043000e-001  5.2243837e-001 -1.7047307e-003
  1.6576000e+001  5.0061761e-001  5.2227616e-001 -1.7305170e-003
  1.6608000e+001  5.3391687e-001  5.2211399e-001  2.5574967e-003
  1.6640000e+001  5.3386268e-001  5.2195188e-001  4.8641775e-003
  1.6672000e+001  5.2346985e-001  5.2178982e-001 -3.8957775e-003
  1.6704000e+001  5.3692713e-001  5.2162780e-001  2.5626327e-003
  1.6736000e+001  5.3752085e-001  5.2146584e-001  3.5380674e-003
  1.6768000e+001  5.2131417e-001  5.2130392e-001  1.0261691e-003
  1.6800000e+001  5.4087526e-001  5.2114206e-001  5.3166202e-003
  1.6832000e+001  5.4292005e-001  5.2098025e-001 -1.8601519e-003
  1.6864000e+001  5.4579612e-001  5.2081849e-001  6.2006946e-004
  1.6896000e+001  5.5853819e-001  5.2065677e-001  1.9585228e-003
  1.6928000e+001  5.1791477e-001  5.2049511e-001 -7.0695821e-003
  1.6960000e+001  5.3913726e-001  5.2033350e-001  3.4910395e-003
  1.6992000e+001  4.9741225e-001  5.2017194e-001  2.6280422e-003
  1.7024000e+001  5.0647676e-001  5.2001043e-001  5.9269426e-004
  1.7056000e+001  5.4499444e-001  5.1984897e-001  4.7617312e-003
  1.7088000e+001  4.9444718e-001  5.1968755e-001 -2.5801936e-005
  1.7120000e+001  5.4888441e-001  5.1952619e-001  1.0127132e-003
  1.7152000e+001  5.2012326e-001  5.1936488e-001  5.6725176e-003
  1.7184000e+001  5.1942367e-001  5.1920362e-001  2.0622078e-003
  1.7216000e+001  5.6792573e-001  5.1904241e-001 -8.1877139e-004
  1.7248000e+001  5.3382282e-001  5.1888125e-001 -7.7264393e-004
  1.7280000e+001  5.0170197e-001  5.1872014e-001  3.5083631e-003
  1.7312000e+001  5.1841520e-001  5.1855908e-001  5.5880833e-003
  1.7344000e+001  5.2808295e-001  5.1839807e-001 -2.4370064e-003
  1.7376000e+001  5.1483021e-001  5.1823711e-001  1.1862096e-003
  1.7408000e+001  5.5910960e-001  5.1807620e-001  3.8512702e-003
  1.7440000e+001  5.8418276e-001  5.1791533e-001  3.1313102e-003
  1.7472000e+001  5.6090765e-001  5.1775452e-001 -1.6728052e-004
  1.7504000e+001  4.9875608e-001  5.1759376e-001 -1.8909798e-003
  1.7536000e+001  5.6640506e-001  5.1743305e-001 -2.5117368e-003
  1.7568000e+001  5.3161631e-001  5.1727239e-001  7.0689151e-004
  1.7600000e+001  5.4934861e-001  5.1711178e-001  2.2521946e-003
  1.7632000e+001  5.2464612e-001  5.1695122e-001  5.5469182e-004
  1.7664000e+001  5.1783968e-001  5.1679071e-001 -1.0045931e-003
  1.7696000e+001  5.3014691e-001  5.1663025e-001  2.4056991e-003
  1.7728000e+001  5.5448124e-001  5.1646983e-001  1.5587052e-003
  1.7760000e+001  5.4215088e-001  5.1630947e-001  2.7527868e-003
  1.7792000e+001  5.2129946e-001  5.1614916e-001  7.7857329e-003
  1.7824000e+001  5.1345807e-001  5.1598890e-001 -5.5028672e-004
  1.7856000e+001  5.5249085e-001  5.1582868e-001  3.8841862e-003
  1.7888000e+001  5.1416074e-001  5.1566852e-001 -1.4301693e-003
  1.7920000e+001  5.2344630e-001  5.1550841e-001 -1.9147186e-003
  1.7952000e+001  5.0316060e-001  5.1534834e-001  2.3449521e-003
  1.7984000e+001  5.1870772e-001  5.1518833e-001 -2.0040016e-003
  1.8016000e+001  5.2860513e-001  5.1502837e-001 -3.5087594e-003
  1.8048000e+001  5.4122888e-001  5.1486845e-001 -4.7656768e-003
  1.8080000e+001  5.0812031e-001  5.1470859e-001  4.4522848e-003
  1.8112000e+001  5.4871324e-001  5.1454877e-001  8.4981328e-004
  1.8144000e+001  5.2766647e-001  5.1438901e-001 -2.7992985e-003
  1.8176000e+001  4.8480825e-001  5.1422929e-001 -2.9345713e-003
  1.8208000e+001  5.6519840e-001  5.1406962e-001 -1.8058244e-004
  1.8240000e+001  5.0962174e-001  5.1391001e-001 -1.6501137e-003
  1.8272000e+001  5.5917872e-001  5.1375044e-001 -1.8238363e-003
  1.8304000e+001  5.6717292e-001  5.1359092e-001 -1.9224535e-003
  1.8336000e+001  5.2069268e-001  5.1343145e-001  9.6903535e-004
  1.8368000e+001  5.5297504e-001  5.1327204e-001  1.6805469e-003
  1.8400000e+001  5.3096732e-001  5.1311267e-001  3.3740991e-003
  1.8432000e+001  5.5058446e-001  5.1295335e-001  5.8457025e-003
  1.8464000e+001  5.4278085e-001  5.1279408e-001 -3.6469727e-003
  1.8496000e+001  5.5818009e-001  5.1263486e-001  2.6286764e-003
  1.8528000e+001  5.0436039e-001  5.1247568e-001  6.5235594e-004
  1.8560000e+001  5.3595061e-001  5.1231656e-001 -3.9856760e-003
  1.8592000e+001  4.8702083e-001  5.1215749e-001  4.7639145e-003
  1.8624000e+001  5.0910262e-001  5.1199847e-001  3.5344652e-003
  1.8656000e+001  5.4501084e-001  5.1183949e-001  3.8347376e-003
  1.8688000e+001  5.5198194e-001  5.1168057e-001 -1.8812635e-003
  1.8720000e+001  5.7422436e-001  5.1152169e-001  1.4125772e-003
  1.8752000e+001  5.1120650e-001  5.1136287e-001  2.7458573e-003
  1.8784000e+001  5.3192087e-001  5.1120409e-001 -1.4639381e-003
  1.8816000e+001  5.2835541e-001  5.1104536e-001  2.9341984e-003
  1.8848000e+001  5.3856736e-001  5.1088669e-001  6.7899084e-004
  1.8880000e+001  5.0918918e-001  5.1072806e-001 -3.9488569e-004
  1.8912000e+001  5.4788280e-001  5.1056948e-001  1.9923235e-003
  1.8944000e+001  4.7241862e-001  5.1041095e-001  3.2058837e-003
  1.8976000e+001  4.7456176e-001  5.1025247e-001  6.3384070e-004
  1.9008000e+001  5.0822029e-001  5.1009404e-001 -4.3468069e-003
  1.9040000e+001  5.4371276e-001  5.0993565e-001 -3.5678764e-003
  1.9072000e+001  5.4815126e-001  5.0977732e-001 -3.4854074e-004
  1.9104000e+001  5.1044638e-001  5.0961904e-001 -1.0649261e-003
  1.9136000e+001  5.4358335e-001  5.0946080e-001  1.8413958e-003
  1.9168000e+001  5.2719553e-001  5.0930262e-001 -8.4145332e-004
  1.9200000e+001  5.1165270e-001  5.0914448e-001  1.4531012e-003
  1.9232000e+001  5.3012586e-001  5.0898639e-001 -6.4976448e-004
  1.9264000e+001  5.3058707e-001  5.0882835e-001  3.4906431e-003
  1.9296000e+001  5.2420236e-001  5.0867036e-001  4.7123336e-003
  1.9328000e+001  5.1975730e-001  5.0851242e-001 -2.4542224e-003
  1.9360000e+001  4.5473180e-001  5.0835453e-001 -1.0126959e-003
  1.9392000e+001  5.2070917e-001  5.0819669e-001 -4.0393759e-004
  1.9424000e+001  5.0458375e-001  5.0803890e-001  3.3712966e-003
  1.9456000e+001  5.1114440e-001  5.0788115e-001  6.5029569e-004
  1.9488000e+001  5.5409965e-001  5.0772346e-001  1.1883728e-003
  1.9520000e+001  4.9034934e-001  5.0756581e-001  5.8225417e-003
  1.9552000e+001  5.3890257e-001  5.0740821e-001 -3.0679461e-003
  1.9584000e+001  5.1573780e-001  5.0725067e-001  4.1785290e-004
  1.9616000e+001  5.1603873e-001  5.0709317e-001 -1.8895956e-003
  1.9648000e+001  4.4279142e-001  5.0693572e-001 -2.0213884e-003
  1.9680000e+001  4.4532487e-001  5.0677831e-001 -4.6416284e-004
  1.9712000e+001  5.3122259e-001  5.0662096e-001  3.5706675e-003
  1.9744000e+001  4.9344307e-001  5.0646366e-001  8.9218533e-004
  1.9776000e+001  4.5074577e-001  5.0630640e-001 -3.8307078e-003
  1.9808000e+001  4.6544868e-001  5.0614920e-001 -4.6593787e-003
  1.9840000e+001  4.7279137e-001  5.0599204e-001  1.0659518e-002
  1.9872000e+001  4.8988619e-001  5.0583493e-001 -8.2147467e-003
  1.9904000e+001  4.7306003e-001  5.0567787e-001  1.7388642e-003
  1.9936000e+001  4.7638957e-001  5.0552086e-001  6.0470460e-003
  1.9968000e+001  4.3632537e-001  5.0536390e-001 -5.0103589e-003
  2.0000000e+001  5.0521823e-001  5.0520698e-001  1.1977381e-006
  2.0032000e+001  4.9567344e-001  5.0505012e-001 -7.2500138e-005
  2.0064000e+001  4.8643346e-001  5.0489330e-001  2.4021213e-003
  2.0096000e+001  5.4121919e-001  5.0473653e-001  3.2837337e-003
  2.0128000e+001  5.1150015e-001  5.0457981e-001  2.6050196e-003
  2.0160000e+001  4.8608821e-001  5.0442314e-001  5.6451776e-003
  2.0192000e+001  5.5563544e-001  5.0426652e-001 -1.7001808e-003
  2.0224000e+001  4.6251190e-001  5.0410995e-001 -4.8010341e-004
  2.0256000e+001  5.2624103e-001  5.0395343e-001 -1.1909132e-003
  2.0288000e+001  5.4206385e-001  5.0379695e-001 -5.9254629e-004
  2.0320000e+001  4.8716079e-001  5.0364052e-001  3.0113738e-003
  2.0352000e+001  5.1373004e-001  5.0348414e-001 -1.9378274e-003
  2.0384000e+001  5.4341037e-001  5.0332781e-001 -8.4942559e-004
  2.0416000e+001  5.2641770e-001  5.0317153e-001  6.2559076e-004
  2.0448000e+001  4.6842262e-001  5.0301530e-001  5.6935172e-004
  2.0480000e+001  5.1782919e-001  5.0285912e-001 -6.3786455e-005
  2.0512000e+001  4.5039627e-001  5.0270298e-001  4.7745795e-003
  2.0544000e+001  4.1031571e-001  5.0254689e-001 -3.1643589e-003
  2.0576000e+001  5.2959785e-001  5.0239085e-001  4.4744740e-003
  2.0608000e+001  4.7953232e-001  5.0223486e-001 -7.1661214e-004
  2.0640000e+001  4.6421353e-001  5.0207892e-001 -2.2716819e-003
  2.0672000e+001  4.7642247e-001  5.0192303e-001  2.2589633e-003
  2.0704000e+001  5.1735347e-001  5.0176718e-001  2.1162428e-003
  2.0736000e+001  4.6621475e-001  5.0161138e-001  2.1523168e-003
  2.0768000e+001  4.6655619e-001  5.0145564e-001 -3.4270073e-003
  2.0800000e+001  5.1412596e-001  5.0129994e-001  4.5830202e-003
  2.0832000e+001  4.8995051e-001  5.0114428e-001  2.7586202e-003
  2.0864000e+001  4.5929327e-001  5.0098868e-001  4.2098601e-004
  2.0896000e+001  5.3616141e-001  5.0083312e-001  2.8292120e-003
  2.0928000e+001  5.1640819e-001  5.0067762e-001  9.6033218e-004
  2.0960000e+001  4.2831217e-001  5.0052216e-001  3.8376107e-003
  2.0992000e+001  4.8189776e-001  5.0036675e-001  2.5587365e-003
  2.1024000e+001  5.2498727e-001  5.0021139e-001 -2.7040268e-003
  2.1056000e+001  4.3719308e-001  5.0005607e-001  3.0601754e-003
  2.1088000e+001  5.2702141e-001  4.9990081e-001  4.0177957e-003
  2.1120000e+001  4.9517269e-001  4.9974559e-001 -3.3818325e-003
  2.1152000e+001  5.0132067e-001  4.9959042e-001 -1.8077679e-005
  2.1184000e+001  5.2905017e-001  4.9943530e-001 -7.0107293e-004
  2.1216000e+001  4.8448618e-001  4.9928023e-001 -1.4537494e-003
  2.1248000e+001  4.3619334e-001  4.9912520e-001  3.7934622e-003
  2.1280000e+001  5.5530451e-001  4.9897023e-001 -1.5909210e-004
  2.1312000e+001  4.1819019e-001  4.9881530e-001 -8.4669542e-004
  2.1344000e+001  4.6738716e-001  4.9866042e-001  1.2465038e-003
  2.1376000e+001  5.1629953e-001  4.9850558e-001  3.5344254e-004
  2.1408000e+001  4.8285667e-001  4.9835080e-001  1.9116187e-003
  2.1440000e+001  5.0671165e-001  4.9819606e-001  4.3399035e-004
  2.1472000e+001  5.3782945e-001  4.9804138e-001  3.0360304e-003
  2.1504000e+001  5.2920287e-001  4.9788674e-001  1.2678974e-003
  2.1536000e+001  4.5687378e-001  4.9773214e-001 -1.8167610e-003
  2.1568000e+001  4.9373081e-001  4.9757760e-001 -1.1161404e-003
  2.1600000e+001  4.5931758e-001  4.9742310e-001  8.1059556e-003
  2.1632000e+001  5.3601356e-001  4.9726866e-001  3.0187155e-003
  2.1664000e+001  4.2137581e-001  4.9711426e-001 -6.2070231e-003
  2.1696000e+001  4.6947962e-001  4.9695990e-001  7.9219838e-004
  2.1728000e+001  5.1501710e-001  4.9680560e-001 -5.5921065e-004
  2.1760000e+001  5.1454456e-001  4.9665134e-001  7.0679896e-005
  2.1792000e+001  4.9437785e-001  4.9649713e-001  1.9116657e-003
  2.1824000e+001  5.1034143e-001  4.9634297e-001 -2.9338171e-004
  2.1856000e+001  4.8330131e-001  4.9618886e-001 -2.6338530e-003
  2.1888000e+001  5.5133898e-001  4.9603480e-001 -8.9214858e-004
  2.1920000e+001  4.8712329e-001  4.9588078e-001  1.4771401e-003
  2.1952000e+001  5.0177231e-001  4.9572681e-001  6.8620810e-004
  2.1984000e+001  4.4524607e-001  4.9557289e-001  8.6521416e-003
  2.2016000e+001  4.9439496e-001  4.9541901e-001  1.3520819e-003
  2.2048000e+001  4.7505194e-001  4.9526519e-001  3.4025523e-003
  2.2080000e+001  4.8864740e-001  4.9511141e-001 -1.5734793e-003
  2.2112000e+001  4.6275394e-001  4.9495768e-001  2.6786878e-003
  2.2144000e+001  5.1200739e-001  4.9480400e-001  5.8722175e-003
  2.2176000e+001  4.5642010e-001  4.9465036e-001  1.2096032e-003
  2.2208000e+001  5.0116155e-001  4.9449678e-001 -4.3286402e-003
  2.2240000e+001  4.8621182e-001  4.9434324e-001  5.1713320e-004
  2.2272000e+001  4.9096859e-001  4.9418974e-001  3.7574415e-003
  2.2304000e+001  4.6729270e-001  4.9403630e-001  1.7352336e-003
  2.2336000e+001  4.6045690e-001  4.9388290e-001 -6.0932161e-004
  2.2368000e+001  5.1512083e-001  4.9372955e-001  2.2452790e-003
  2.2400000e+001  4.4521315e-001  4.9357625e-001  1.9251035e-003
  2.2432000e+001  4.7998244e-001  4.9342300e-001 -3.7423255e-003
  2.2464000e+001  4.5347524e-001  4.9326979e-001  1.9478494e-003
  2.2496000e+001  4.8277382e-001  4.9311664e-001  4.6203013e-003
  2.2528000e+001  5.3722394e-001  4.9296352e-001  2.2145425e-003
  2.2560000e+001  5.3873005e-001  4.9281046e-001 -3.2209283e-004
  2.2592000e+001  4.1332282e-001  4.9265745e-001 -9.1430410e-004
  2.2624000e+001  5.4128792e-001  4.9250448e-001  2.2405417e-003
  2.2656000e+001  5.2856368e-001  4.9235156e-001 -2.5146273e-003
  2.2688000e+001  5.0640969e-001  4.9219868e-001  2.1385420e-003
  2.2720000e+001  5.0395865e-001  4.9204586e-001  1.0184410e-003
  2.2752000e+001  4.7108915e-001  4.9189308e-001 -2.4285188e-003
  2.2784000e+001  5.0405413e-001  4.9174035e-001  1.0534951e-003
  2.2816000e+001  4.6383095e-001  4.9158766e-001  3.9826453e-003
  2.2848000e+001  5.1608361e-001  4.9143503e-001  1.7246253e-003
  2.2880000e+001  5.8070464e-001  4.9128244e-001  3.2047994e-003
  2.2912000e+001  5.3984879e-001  4.9112990e-001  3.1463903e-003
  2.2944000e+001  4.8804975e-001  4.9097740e-001  3.6809376e-003
  2.2976000e+001  4.6315083e-001  4.9082496e-001  1.5715170e-004
  2.3008000e+001  5.0260903e-001  4.9067256e-001 -1.6174597e-003
  2.3040000e+001  4.6615748e-001  4.9052020e-001  5.4740958e-003
  2.3072000e+001  4.8949625e-001  4.9036790e-001  5.0931650e-003
  2.3104000e+001  4.8289016e-001  4.9021564e-001  3.4357982e-003
  2.3136000e+001  5.3989122e-001  4.9006343e-001  4.6927765e-004
  2.3168000e+001  4.9374364e-001  4.8991127e-001  8.7784309e-005
  2.3200000e+001  4.7324504e-001  4.8975915e-001  3.3368757e-003
  2.3232000e+001  5.0097856e-001  4.8960709e-001  5.3949188e-003
  2.3264000e+001  4.7862689e-001  4.8945506e-001 -1.5921164e-003
  2.3296000e+001  4.2160287e-001  4.8930309e-001  1.2323356e-003
  2.3328000e+001  5.1620225e-001  4.8915116e-001  2.6111326e-003
  2.3360000e+001  5.0184682e-001  4.8899928e-001 -2.8514203e-004
  2.3392000e+001  4.7854841e-001  4.8884745e-001 -1.3192738e-003
  2.3424000e+001  4.5045289e-001  4.8869567e-001  2.1420816e-003
  2.3456000e+001  4.9810081e-001  4.8854393e-001  1.8463442e-003
  2.3488000e+001  5.0424549e-001  4.8839224e-001 -3.9267491e-003
  2.3520000e+001  5.1365628e-001  4.8824059e-001 -2.2911000e-003
  2.3552000e+001  5.2708406e-001  4.8808899e-001  6.1330793e-003
  2.3584000e+001  4.9537640e-001  4.8793745e-001 -2.5068982e-004
  2.3616000e+001  5.6725653e-001  4.8778594e-001 -1.0710908e-003
  2.3648000e+001  5.7479343e-001  4.8763449e-001 -1.9842485e-003
  2.3680000e+001  3.9971077e-001  4.8748308e-001  3.6593198e-003
  2.3712000e+001  4.9738097e-001  4.8733172e-001 -1.0917201e-004
  2.3744000e+001  5.5550289e-001  4.8718040e-001 -1.2897353e-003
  2.3776000e+001  5.0294481e-001  4.8702913e-001  1.6323674e-003
  2.3808000e+001  4.7579887e-001  4.8687791e-001  1.7064386e-003
  2.3840000e+001  5.3299187e-001  4.8672674e-001 -3.7986393e-003
  2.3872000e+001  4.1263168e-001  4.8657561e-001 -4.9301858e-003
  2.3904000e+001  4.4650051e-001  4.8642453e-001 -7.0067743e-004
  2.3936000e+001  4.6499777e-001  4.8627350e-001  8.4147599e-003
  2.3968000e+001  5.0855728e-001  4.8612251e-001 -4.6397182e-003
  2.4000000e+001  4.3305274e-001  4.8597157e-001 -5.8839426e-004
  2.4032000e+001  5.1507892e-001  4.8582068e-001  1.0045982e-003
  2.4064000e+001  4.2684810e-001  4.8566984e-001  2.5751064e-003
  2.4096000e+001  5.3468441e-001  4.8551904e-001 -3.0437234e-003
  2.4128000e+001  5.0425134e-001  4.8536828e-001 -3.7878919e-003
  2.4160000e+001  5.0874426e-001  4.8521758e-001  1.1317251e-003
  2.4192000e+001  4.8179209e-001  4.8506692e-001  1.9781138e-003
  2.4224000e+001  4.7366010e-001  4.8491631e-001  1.2312041e-003
  2.4256000e+001  4.2524609e-001  4.8476574e-001 -1.5587231e-004
  2.4288000e+001  5.5293343e-001  4.8461523e-001 -5.8784055e-003
  2.4320000e+001  4.7598067e-001  4.8446476e-001  4.9260210e-003
  2.4352000e+001  4.7368856e-001  4.8431433e-001  2.6027460e-003
  2.4384000e+001  4.8712861e-001  4.8416395e-001 -3.0867387e-003
  2.4416000e+001  5.3452916e-001  4.8401362e-001  6.3330104e-004
  2.4448000e+001  4.9509781e-001  4.8386334e-001 -1.3401390e-003
  2.4480000e+001  5.4925414e-001  4.8371310e-001 -3.1214193e-003
  2.4512000e+001  5.3303646e-001  4.8356291e-001 -1.5312347e-003
  2.4544000e+001  4.1307388e-001  4.8341276e-001 -3.1677407e-003
  2.4576000e+001  4.4121919e-001  4.8326267e-001 -5.4366543e-004
  2.4608000e+001  4.4873236e-001  4.8311261e-001  2.0088993e-003
  2.4640000e+001  4.9979511e-001  4.8296261e-001  5.5836244e-003
  2.4672000e+001  5.0663938e-001  4.8281265e-001 -9.2720606e-004
  2.4704000e+001  5.3399142e-001  4.8266274e-001 -5.1771400e-003
  2.4736000e+001  3.9583078e-001  4.8251287e-001 -9.0742583e-004
  2.4768000e+001  5.5987702e-001  4.8236306e-001  4.4071654e-003
  2.4800000e+001  4.8856384e-001  4.8221328e-001  1.8241537e-003
  2.4832000e+001  5.0308685e-001  4.8206356e-001  7.6284072e-003
  2.4864000e+001  6.3150152e-001  4.8191388e-001 -5.5801019e-003
  2.4896000e+001  4.6996933e-001  4.8176425e-001 -1.2360186e-003
  2.4928000e+001  5.1018545e-001  4.8161466e-001  7.9637227e-004
  2.4960000e+001  3.7835106e-001  4.8146512e-001 -3.5418172e-003
  2.4992000e+001  5.3978185e-001  4.8131563e-001 -1.7561612e-003
  2.5024000e+001  5.0905935e-001  4.8116618e-001  1.7643967e-003
  2.5056000e+001  5.4635280e-001  4.8101678e-001  1.5958993e-003
  2.5088000e+001  5.3166536e-001  4.8086743e-001  7.3545580e-004
  2.5120000e+001  5.1873410e-001  4.8071812e-001  4.2340031e-003
  2.5152000e+001  4.9195119e-001  4.8056886e-001 -3.0038715e-003
  2.5184000e+001  4.8787646e-001  4.8041964e-001  2.4602478e-003
  2.5216000e+001  5.2975042e-001  4.8027047e-001  4.6352555e-004
  2.5248000e+001  3.9306537e-001  4.8012135e-001 -1.9507562e-003
  2.5280000e+001  5.7203506e-001  4.7997228e-001 -9.7633359e-004
  2.5312000e+001  5.2844264e-001  4.7982325e-001  2.4708479e-003
  2.5344000e+001  4.3605851e-001  4.7967426e-001 -6.4914289e-004
  2.5376000e+001  4.9798471e-001  4.7952533e-001  1.8203434e-003
  2.5408000e+001  6.1077505e-001  4.7937644e-001  2.5100092e-003
  2.5440000e+001  4.9924743e-001  4.7922759e-001  3.1673491e-004
  2.5472000e+001  3.8870001e-001  4.7907879e-001  4.0261975e-003
  2.5504000e+001  4.3692540e-001  4.7893004e-001  3.6767796e-003
  2.5536000e+001  4.7760586e-001  4.7878133e-001 -5.7955210e-003
  2.5568000e+001  4.3945580e-001  4.7863267e-001 -4.8010008e-003
  2.5600000e+001  5.7159749e-001  4.7848406e-001  7.9596107e-003
  2.5632000e+001  5.1583098e-001  4.7833549e-001 -1.7094828e-003
  2.5664000e+001  4.5938794e-001  4.7818697e-001 -5.8142406e-003
  2.5696000e+001  5.1593201e-001  4.7803850e-001 -1.1648478e-003
  2.5728000e+001  3.9311914e-001  4.7789007e-001  5.1852232e-004
  2.5760000e+001  5.3855918e-001  4.7774168e-001  1.8240687e-003
  2.5792000e+001  4.5842322e-001  4.7759335e-001  6.4852298e-004
  2.5824000e+001  5.0846205e-001  4.7744506e-001  1.4003591e-003
  2.5856000e+001  5.3551890e-001  4.7729681e-001  1.7721191e-003
  2.5888000e+001  3.4089100e-001  4.7714861e-001  7.5126790e-003
  2.5920000e+001  4.0171618e-001  4.7700046e-001  1.8421379e-003
  2.5952000e+001  4.1521313e-001  4.7685235e-001 -3.1131633e-004
  2.5984000e+001  6.8042680e-001  4.7670429e-001 -6.5997886e-004
  2.6016000e+001  3.9323982e-001  4.7655628e-001  1.9276701e-003
  2.6048000e+001  6.2722313e-001  4.7640831e-001 -1.6763354e-003
  2.6080000e+001  6.8349064e-001  4.7626038e-001  2.9827629e-003
  2.6112000e+001  5.9846418e-001  4.7611251e-001  3.2908227e-003
  2.6144000e+001  5.3464976e-001  4.7596468e-001  5.1822021e-003
  2.6176000e+001  3.9648495e-001  4.7581689e-001  2.2202636e-003
  2.6208000e+001  5.2692003e-001  4.7566915e-001  3.9670740e-003
  2.6240000e+001  4.7585176e-001  4.7552146e-001  5.0971729e-003
  2.6272000e+001  5.4853731e-001  4.7537381e-001  2.8264713e-004
  2.6304000e+001  4.3934440e-001  4.7522621e-001 -6.3349089e-004
  2.6336000e+001  5.2150126e-001  4.7507865e-001  9.4689267e-004
  2.6368000e+001  4.5049285e-001  4.7493114e-001 -1.8045673e-003
  2.6400000e+001  3.8873486e-001  4.7478368e-001 -5.1438375e-003
  2.6432000e+001  3.7081994e-001  4.7463626e-001  6.3941283e-003
  2.6464000e+001  4.4505040e-001  4.7448889e-001 -5.2658763e-004
  2.6496000e+001  5.3354280e-001  4.7434156e-001  1.7438594e-003
  2.6528000e+001  5.2063758e-001  4.7419428e-001 -1.3930873e-003
  2.6560000e+001  4.9046749e-001  4.7404704e-001 -5.6812042e-004
  2.6592000e+001  4.6733708e-001  4.7389985e-001  3.5274014e-003
  2.6624000e+001  5.2800935e-001  4.7375271e-001  2.9754913e-003
  2.6656000e+001  4.5050949e-001  4.7360561e-001  7.3636038e-003
  2.6688000e+001  5.8735761e-001  4.7345856e-001 -1.0534204e-003
  2.6720000e+001  5.7004433e-001  4.7331155e-001  1.1437553e-003
  2.6752000e+001  5.2786509e-001  4.7316459e-001  2.6128544e-003
  2.6784000e+001  5.7526292e-001  4.7301767e-001  2.9176034e-003
  2.6816000e+001  5.2524736e-001  4.7287080e-001 -4.6916557e-003
  2.6848000e+001  4.4783698e-001  4.7272398e-001 -2.4600912e-004
  2.6880000e+001  4.6049303e-001  4.7257720e-001 -5.1750346e-003
  2.6912000e+001  4.9737128e-001  4.7243046e-001  4.9961667e-003
  2.6944000e+001  4.4037595e-001  4.7228378e-001 -9.0263640e-004
  2.6976000e+001  3.9999110e-001  4.7213713e-001 -2.0681495e-003
  2.7008000e+001  5.5131612e-001  4.7199054e-001  1.6364847e-003
  2.7040000e+001  3.7846917e-001  4.7184398e-001 -4.4934226e-003
  2.7072000e+001  3.8805235e-001  4.7169748e-001  1.1660396e-003
  2.7104000e+001  4.8527256e-001  4.7155102e-001 -6.6989740e-005
  2.7136000e+001  4.4427414e-001  4.7140460e-001  3.0124869e-003
  2.7168000e+001  4.7570367e-001  4.7125823e-001  7.5124458e-005
  2.7200000e+001  3.6477902e-001  4.7111191e-001  1.8169700e-003
  2.7232000e+001  5.7205461e-001  4.7096563e-001  4.6893890e-003
  2.7264000e+001  4.9447059e-001  4.7081940e-001  2.6571738e-003
  2.7296000e+001  5.3080238e-001  4.7067321e-001 -1.6088623e-003
  2.7328000e+001  4.7318186e-001  4.7052707e-001  5.8089526e-003
  2.7360000e+001  4.9382718e-001  4.7038097e-001 -1.4570683e-004
  2.7392000e+001  6.0145302e-001  4.7023492e-001 -3.2834100e-003
  2.7424000e+001  5.1327248e-001  4.7008891e-001 -2.4341300e-003
  2.7456000e+001  6.6582257e-001  4.6994295e-001  1.3549993e-003
  2.7488000e+001  4.7589553e-001  4.6979704e-001  1.5714898e-003
  2.7520000e+001  2.7602302e-001  4.6965117e-001  6.0874864e-004
  2.7552000e+001  3.2061408e-001  4.6950534e-001  5.4176642e-003
  2.7584000e+001  5.6962978e-001  4.6935956e-001  1.0457910e-003
  2.7616000e+001  5.0767069e-001  4.6921383e-001 -2.8436951e-003
  2.7648000e+001  5.2389774e-001  4.6906814e-001  1.9944218e-003
  2.7680000e+001  4.1271392e-001  4.6892249e-001  6.0780802e-003
  2.7712000e+001  5.0485567e-001  4.6877690e-001  7.3208423e-004
  2.7744000e+001  4.4337573e-001  4.6863134e-001  8.6480862e-004
  2.7776000e+001  5.3998753e-001  4.6848583e-001  4.2709064e-005
  2.7808000e+001  4.8397898e-001  4.6834037e-001 -1.6679663e-004
  2.7840000e+001  6.1678901e-001  4.6819495e-001  3.1386515e-003
  2.7872000e+001  2.5459740e-001  4.6804958e-001  3.3009816e-003
  2.7904000e+001  5.0039382e-001  4.6790425e-001  4.8640574e-003
  2.7936000e+001  4.8777926e-001  4.6775897e-001  2.1610087e-004
  2.7968000e+001  3.4467340e-001  4.6761373e-001  1.4413754e-003
  2.8000000e+001  6.6345758e-001  4.6746854e-001 -2.4155284e-003
  2.8032000e+001  4.3334934e-001  4.6732339e-001  3.9953944e-003
  2.8064000e+001  5.5669998e-001  4.6717829e-001  5.5337762e-004
  2.8096000e+001  5.3291729e-001  4.6703323e-001 -3.5799998e-003
  2.8128000e+001  4.1874681e-001  4.6688822e-001  1.0325315e-003
  2.8160000e+001  3.8656961e-001  4.6674325e-001  5.3407993e-003
  2.8192000e+001  6.2084398e-001  4.6659833e-001 -2.6187879e-003
  2.8224000e+001  5.7365375e-001  4.6645345e-001 -3.1791940e-003
  2.8256000e+001  4.8496530e-001  4.6630862e-001  6.7253631e-003
  2.8288000e+001  4.9111144e-001  4.6616383e-001 -4.8109366e-003
  2.8320000e+001  4.3324002e-001  4.6601909e-001  6.3607618e-003
  2.8352000e+001  5.5656603e-001  4.6587440e-001  2.4823875e-003
  2.8384000e+001  3.6811930e-001  4.6572974e-001 -1.3677537e-003
  2.8416000e+001  5.2686060e-001  4.6558514e-001  4.1309187e-003
  2.8448000e+001  6.4979430e-001  4.6544057e-001  5.4416958e-003
  2.8480000e+001  4.9195494e-001  4.6529606e-001 -9.7972709e-004
  2.8512000e+001  3.6625389e-001  4.6515158e-001  2.9975294e-003
  2.8544000e+001  4.2371081e-001  4.6500715e-001 -3.3963887e-003
  2.8576000e+001  4.7755769e-001  4.6486277e-001  7.8837977e-004
  2.8608000e+001  3.8631758e-001  4.6471843e-001  6.9341327e-004
  2.8640000e+001  4.8814531e-001  4.6457414e-001  3.0857176e-003
  2.8672000e+001  4.9004450e-001  4.6442989e-001  1.1213501e-003
  2.8704000e+001  5.4610222e-001  4.6428569e-001  3.8733072e-004
  2.8736000e+001  5.5957893e-001  4.6414153e-001  2.6244534e-003
  2.8768000e+001  3.3984508e-001  4.6399741e-001  1.2929936e-003
  2.8800000e+001  5.6659221e-001  4.6385334e-001 -2.4529222e-003
  2.8832000e+001  5.2152108e-001  4.6370932e-001  1.3229287e-003
  2.8864000e+001  4.7045579e-001  4.6356534e-001  1.3725774e-003
  2.8896000e+001  4.3353775e-001  4.6342140e-001 -2.7517261e-003
  2.8928000e+001  5.3531210e-001  4.6327751e-001 -7.1603271e-004
  2.8960000e+001  3.9825247e-001  4.6313367e-001  3.9145760e-003
  2.8992000e+001  3.1210571e-001  4.6298987e-001  2.9952050e-003
  2.9024000e+001  5.7651206e-001  4.6284611e-001 -3.9639691e-003
  2.9056000e+001  3.9678018e-001  4.6270240e-001  1.4250561e-003
  2.9088000e+001  6.2955098e-001  4.6255873e-001 -5.0129224e-003
  2.9120000e+001  4.2483611e-001  4.6241511e-001 -2.1724409e-003
  2.9152000e+001  5.0008276e-001  4.6227153e-001  5.0324408e-003
  2.9184000e+001  4.8207112e-001  4.6212800e-001  3.2144245e-003
  2.9216000e+001  4.0704080e-001  4.6198451e-001  9.3131653e-004
  2.9248000e+001  5.8896699e-001  4.6184106e-001  4.6442114e-004
  2.9280000e+001  6.9791699e-001  4.6169766e-001  6.7631374e-004
  2.9312000e+001  5.6540692e-001  4.6155431e-001  7.8007854e-003
  2.9344000e+001  3.5296373e-001  4.6141100e-001  2.8570432e-003
  2.9376000e+001  3.6037608e-001  4.6126773e-001 -5.1749871e-004
  2.9408000e+001  5.7976725e-001  4.6112451e-001  4.1606724e-003
  2.9440000e+001  3.4850664e-001  4.6098133e-001  1.7548064e-003
  2.9472000e+001  3.9472319e-001  4.6083820e-001  6.0107904e-004
  2.9504000e+001  3.8710876e-001  4.6069511e-001 -3.6989787e-003
  2.9536000e+001  4.7132125e-001  4.6055206e-001  2.7291080e-003
  2.9568000e+001  4.2006865e-001  4.6040906e-001 -3.7418239e-003
  2.9600000e+001  4.7837831e-001  4.6026611e-001  5.3944745e-003
  2.9632000e+001  4.7661392e-001  4.6012320e-001 -8.1297545e-004
  2.9664000e+001  3.1123963e-001  4.5998033e-001 -2.2819759e-003
  2.9696000e+001  3.0758468e-001  4.5983751e-001  6.0688195e-004
  2.9728000e+001  3.7247282e-001  4.5969473e-001  2.1574266e-003
  2.9760000e+001  4.6125691e-001  4.5955200e-001  2.7558961e-003
  2.9792000e+001  4.1365255e-001  4.5940931e-001  3.6223456e-003
  2.9824000e+001  6.0204652e-001  4.5926666e-001  1.0843202e-002
  2.9856000e+001  5.0251356e-001  4.5912406e-001 -5.3354966e-003
  2.9888000e+001  3.7230704e-001  4.5898151e-001  2.8670581e-003
  2.9920000e+001  4.3028264e-001  4.5883899e-001 -2.3907784e-003
  2.9952000e+001  4.6559896e-001  4.5869653e-001 -3.2780817e-003
  2.9984000e+001  5.2971286e-001  4.5855410e-001  4.1617151e-003
  3.0016000e+001  6.7753429e-001  4.5841172e-001  4.5981245e-004
  3.0048000e+001  7.5390010e-001  4.5826939e-001 -1.5964072e-003
  3.0080000e+001  4.7208158e-001  4.5812710e-001  4.2662439e-003
  3.0112000e+001  4.4155330e-001  4.5798485e-001  1.7302027e-003
  3.0144000e+001  4.9443107e-001  4.5784265e-001  2.3503810e-003
  3.0176000e+001  4.5020341e-001  4.5770049e-001  5.6994368e-003
  3.0208000e+001  6.6799560e-001  4.5755837e-001 -3.9216760e-003
  3.0240000e+001  2.7584153e-001  4.5741630e-001  1.0372748e-002
  3.0272000e+001  3.8513247e-001  4.5727428e-001 -6.3236459e-003
  3.0304000e+001  5.0270167e-001  4.5713230e-001  2.6842125e-004
  3.0336000e+001  4.2394113e-001  4.5699036e-001 -1.8262915e-003
  3.0368000e+001  2.9878739e-001  4.5684846e-001  4.8173311e-003
  3.0400000e+001  4.6884017e-001  4.5670661e-001  1.4872958e-003
  3.0432000e+001  4.2134484e-001  4.5656481e-001 -1.4135464e-003
  3.0464000e+001  3.0515996e-001  4.5642305e-001 -2.3138457e-003
  3.0496000e+001  4.6303107e-001  4.5628133e-001  4.5019428e-003
  3.0528000e+001  5.0637007e-001  4.5613966e-001  1.4484816e-003
  3.0560000e+001  5.1411635e-001  4.5599803e-001 -2.1331680e-003
  3.0592000e+001  4.4337247e-001  4.5585644e-001 -2.0683886e-003
  3.0624000e+001  5.0882464e-001  4.5571490e-001  2.8737225e-003
  3.0656000e+001  4.0968740e-001  4.5557340e-001  1.2849768e-003
  3.0688000e+001  2.8065978e-001  4.5543195e-001  3.1837454e-003
  3.0720000e+001  4.4436091e-001  4.5529054e-001 -1.7979362e-003
  3.0752000e+001  3.8296398e-001  4.5514917e-001 -2.7281155e-003
  3.0784000e+001  5.6369914e-001  4.5500785e-001  6.0760521e-003
  3.0816000e+001  6.2123900e-001  4.5486657e-001 -6.8943660e-003
  3.0848000e+001  5.5582395e-001  4.5472534e-001 -2.8981534e-003
  3.0880000e+001  4.8589172e-001  4.5458414e-001 -3.9188993e-004
  3.0912000e+001  3.2454087e-001  4.5444300e-001  1.4576119e-003
  3.0944000e+001  3.6833023e-001  4.5430189e-001 -1.0923490e-004
  3.0976000e+001  3.8829510e-001  4.5416084e-001  1.4915445e-003
  3.1008000e+001  3.8028867e-001  4.5401982e-001  4.8722045e-004
  3.1040000e+001  6.0809787e-001  4.5387885e-001  5.2334190e-003
  3.1072000e+001  5.6844985e-001  4.5373792e-001  1.2210479e-003
  3.1104000e+001  3.6975664e-001  4.5359704e-001  1.5282143e-003
  3.1136000e+001  5.3274472e-001  4.5345620e-001  2.4060929e-003
  3.1168000e+001  2.8114183e-001  4.5331540e-001 -5.0418396e-003
  3.1200000e+001  8.9666958e-001  4.5317465e-001  2.3755380e-003
  3.1232000e+001  4.1377608e-001  4.5303394e-001  8.4550897e-003
  3.1264000e+001  3.0946149e-001  4.5289327e-001 -5.4814287e-003
  3.1296000e+001  4.4090043e-001  4.5275265e-001 -2.6241071e-003
  3.1328000e+001  5.5338119e-001  4.5261207e-001  1.1981787e-003
  3.1360000e+001  3.0117243e-001  4.5247154e-001 -2.0237570e-003
  3.1392000e+001  4.8420071e-001  4.5233105e-001  4.5896941e-004
  3.1424000e+001  4.6449717e-001  4.5219060e-001 -4.0912729e-003
  3.1456000e+001  7.3107706e-001  4.5205020e-001  1.0072507e-004
  3.1488000e+001  2.0566815e-001  4.5190984e-001 -3.2734394e-003
  3.1520000e+001  6.9449982e-001  4.5176952e-001  4.0427404e-003
  3.1552000e+001  3.7570132e-001  4.5162925e-001 -3.6266684e-003
  3.1584000e+001  5.6872803e-001  4.5148902e-001  4.8245541e-003
  3.1616000e+001  5.7728476e-001  4.5134883e-001  2.8148358e-003
  3.1648000e+001  6.0879102e-001  4.5120869e-001 -4.7178831e-003
  3.1680000e+001  5.2908796e-001  4.5106859e-001  8.1146387e-004
  3.1712000e+001  5.8767900e-001  4.5092854e-001  2.2293839e-003
  3.1744000e+001  7.3109540e-001  4.5078853e-001 -1.1582797e-004
  3.1776000e+001  5.0628012e-001  4.5064856e-001 -2.2034345e-003
  3.1808000e+001  2.6392354e-001  4.5050863e-001  4.8093750e-003
  3.1840000e+001  3.7784466e-001  4.5036875e-001 -2.7501013e-003
  3.1872000e+001  3.6489480e-001  4.5022891e-001 -3.1017039e-003
  3.1904000e+001  5.4534971e-001  4.5008912e-001  1.4127523e-003
  3.1936000e+001  2.9261956e-001  4.4994937e-001  2.6203725e-003
  3.1968000e+001  3.1919930e-001  4.4980966e-001  4.6794730e-003
  3.2000000e+001  1.2485381e-001  4.4967000e-001  2.0668602e-003
  3.2032000e+001  6.4329067e-001  4.4953037e-001  1.0280557e-003
  3.2064000e+001  5.3442321e-001  4.4939080e-001  1.1750051e-003
  3.2096000e+001  3.6192122e-001  4.4925126e-001 -2.3058129e-003
  3.2128000e+001  6.5627349e-001  4.4911177e-001  7.3497639e-004
  3.2160000e+001  2.5147188e-001  4.4897232e-001 -2.0256412e-003
  3.2192000e+001  5.5151499e-001  4.4883292e-001  1.0108453e-002
  3.2224000e+001  2.7808081e-001  4.4869356e-001  1.1383800e-003
  3.2256000e+001  6.3250322e-001  4.4855424e-001  7.6632227e-003
  3.2288000e+001  3.5749739e-001  4.4841497e-001 -6.7812305e-004
  3.2320000e+001  3.4478692e-001  4.4827574e-001  4.7073265e-003
  3.2352000e+001  4.6940519e-001  4.4813655e-001 -1.5350367e-004
  3.2384000e+001  7.9619407e-001  4.4799740e-001 -1.0828193e-003
  3.2416000e+001  4.4882882e-001  4.4785830e-001  6.1348600e-003
  3.2448000e+001  1.7115431e-001  4.4771924e-001  1.9849496e-003
  3.2480000e+001  5.4796724e-001  4.4758023e-001 -4.3504465e-004
  3.2512000e+001  4.3346424e-001  4.4744126e-001 -2.4435442e-003
  3.2544000e+001  4.5822684e-001  4.4730233e-001 -5.4695877e-004
  3.2576000e+001  1.9590510e-001  4.4716344e-001  1.9683619e-003
  3.2608000e+001  3.1943491e-001  4.4702460e-001  2.8552252e-003
  3.2640000e+001  5.3792939e-001  4.4688580e-001 -6.3363271e-004
  3.2672000e+001  4.3056949e-001  4.4674704e-001 -3.1871941e-003
  3.2704000e+001  8.0788820e-001  4.4660833e-001  1.7994259e-003
  3.2736000e+001  3.8880378e-001  4.4646966e-001  1.9542822e-003
