  0.0000000e+000  9.8757627e-001  1.0000000e+000
  3.2000000e-002  1.0000000e+000  1.0004123e+000
  6.4000000e-002  9.6398410e-001  9.9866200e-001
  9.6000000e-002  9.7212048e-001  9.9016499e-001
  1.2800000e-001  9.5276766e-001  9.7537419e-001
  1.6000000e-001  9.4708235e-001  9.5920699e-001
  1.9200000e-001  9.3414297e-001  9.4497866e-001
  2.2400000e-001  9.1761653e-001  9.3204858e-001
  2.5600000e-001  9.0280663e-001  9.1951195e-001
  2.8800000e-001  9.0802796e-001  9.0920012e-001
  3.2000000e-001  8.8546053e-001  9.0363649e-001
  3.5200000e-001  8.8290426e-001  9.0273761e-001
  3.8400000e-001  8.8916885e-001  9.0389688e-001
  4.1600000e-001  9.0026422e-001  9.0431429e-001
  4.4800000e-001  8.8720844e-001  9.0222491e-001
  4.8000000e-001  8.8064556e-001  8.9687411e-001
  5.1200000e-001  8.7651958e-001  8.8874978e-001
  5.4400000e-001  8.6727941e-001  8.7964459e-001
  5.7600000e-001  8.5944232e-001  8.7149324e-001
  6.0800000e-001  8.5455435e-001  8.6503139e-001
  6.4000000e-001  8.5028262e-001  8.5989658e-001
  6.7200000e-001  8.4828184e-001  8.5560088e-001
  7.0400000e-001  8.2963631e-001  8.5180309e-001
  7.3600000e-001  8.4611652e-001  8.4800171e-001
  7.6800000e-001  8.2919624e-001  8.4376319e-001
  8.0000000e-001  8.2591228e-001  8.3926036e-001
  8.3200000e-001  8.2847236e-001  8.3506353e-001
  8.6400000e-001  8.1914278e-001  8.3139084e-001
  8.9600000e-001  8.2495101e-001  8.2793059e-001
  9.2800000e-001  8.1516237e-001  8.2430770e-001
  9.6000000e-001  8.1688789e-001  8.2034333e-001
  9.9200000e-001  7.9794366e-001  8.1597378e-001
  1.0240000e+000  8.0434787e-001  8.1136410e-001
  1.0560000e+000  8.0164878e-001  8.0708052e-001
  1.0880000e+000  7.9434776e-001  8.0372190e-001
  1.1200000e+000  7.9420428e-001  8.0127879e-001
  1.1520000e+000  7.9745240e-001  7.9909862e-001
  1.1840000e+000  7.8593967e-001  7.9647733e-001
  1.2160000e+000  7.8957414e-001  7.9306049e-001
  1.2480000e+000  7.8194472e-001  7.8878565e-001
  1.2800000e+000  7.7062160e-001  7.8384051e-001
  1.3120000e+000  7.7404479e-001  7.7873987e-001
  1.3440000e+000  7.7139806e-001  7.7409720e-001
  1.3760000e+000  7.5612174e-001  7.7013599e-001
  1.4080000e+000  7.6600749e-001  7.6654624e-001
  1.4400000e+000  7.5657219e-001  7.6283184e-001
  1.4720000e+000  7.5528436e-001  7.5863587e-001
  1.5040000e+000  7.4413004e-001  7.5378849e-001
  1.5360000e+000  7.4126758e-001  7.4834667e-001
  1.5680000e+000  7.3738156e-001  7.4269037e-001
  1.6000000e+000  7.3340198e-001  7.3737103e-001
  1.6320000e+000  7.2826891e-001  7.3273309e-001
  1.6640000e+000  7.2701076e-001  7.2875407e-001
  1.6960000e+000  7.1648844e-001  7.2523240e-001
  1.7280000e+000  7.1641767e-001  7.2196901e-001
  1.7600000e+000  7.1121670e-001  7.1878043e-001
  1.7920000e+000  7.1511015e-001  7.1555725e-001
  1.8240000e+000  7.0471617e-001  7.1238276e-001
  1.8560000e+000  7.1189044e-001  7.0943526e-001
  1.8880000e+000  7.0698130e-001  7.0670374e-001
  1.9200000e+000  7.0291838e-001  7.0391456e-001
  1.9520000e+000  6.9122911e-001  7.0076554e-001
  1.9840000e+000  7.0260687e-001  6.9712052e-001
  2.0160000e+000  6.8634480e-001  6.9300269e-001
  2.0480000e+000  6.9609070e-001  6.8859405e-001
  2.0800000e+000  6.7319494e-001  6.8428008e-001
  2.1120000e+000  6.7144051e-001  6.8049570e-001
  2.1440000e+000  6.8012728e-001  6.7740306e-001
  2.1760000e+000  6.7532124e-001  6.7478718e-001
  2.2080000e+000  6.6413284e-001  6.7227782e-001
  2.2400000e+000  6.6864220e-001  6.6956307e-001
  2.2720000e+000  6.7390745e-001  6.6642293e-001
  2.3040000e+000  6.6427556e-001  6.6278475e-001
  2.3360000e+000  6.5815751e-001  6.5884362e-001
  2.3680000e+000  6.4398137e-001  6.5497538e-001
  2.4000000e+000  6.5173506e-001  6.5142168e-001
  2.4320000e+000  6.4454123e-001  6.4813379e-001
  2.4640000e+000  6.4531434e-001  6.4493963e-001
  2.4960000e+000  6.4979844e-001  6.4172214e-001
  2.5280000e+000  6.3900142e-001  6.3840824e-001
  2.5600000e+000  6.3246312e-001  6.3497598e-001
  2.5920000e+000  6.2593690e-001  6.3157893e-001
  2.6240000e+000  6.3433063e-001  6.2851966e-001
  2.6560000e+000  6.2455945e-001  6.2597610e-001
  2.6880000e+000  6.2197115e-001  6.2383157e-001
  2.7200000e+000  6.2418177e-001  6.2182886e-001
  2.7520000e+000  6.1847008e-001  6.1977550e-001
  2.7840000e+000  6.1840413e-001  6.1755128e-001
  2.8160000e+000  6.1562805e-001  6.1508957e-001
  2.8480000e+000  6.1678673e-001  6.1248236e-001
  2.8800000e+000  6.1672073e-001  6.0998444e-001
  2.9120000e+000  6.0624963e-001  6.0777704e-001
  2.9440000e+000  6.0413855e-001  6.0578820e-001
  2.9760000e+000  6.0658265e-001  6.0381505e-001
  3.0080000e+000  5.9548316e-001  6.0171687e-001
  3.0400000e+000  6.0639538e-001  5.9941796e-001
  3.0720000e+000  6.0464919e-001  5.9687603e-001
  3.1040000e+000  5.9484941e-001  5.9419202e-001
  3.1360000e+000  5.9634600e-001  5.9164231e-001
  3.1680000e+000  5.9283915e-001  5.8944732e-001
  3.2000000e+000  5.8436751e-001  5.8756623e-001
  3.2320000e+000  5.8611165e-001  5.8582033e-001
  3.2640000e+000  5.9187735e-001  5.8412026e-001
  3.2960000e+000  5.7438038e-001  5.8245640e-001
  3.3280000e+000  5.7970242e-001  5.8079260e-001
  3.3600000e+000  5.8537970e-001  5.7914853e-001
  3.3920000e+000  5.8441329e-001  5.7770328e-001
  3.4240000e+000  5.7686738e-001  5.7662090e-001
  3.4560000e+000  5.8385760e-001  5.7580035e-001
  3.4880000e+000  5.7750468e-001  5.7495453e-001
  3.5200000e+000  5.7042415e-001  5.7390258e-001
  3.5520000e+000  5.7298391e-001  5.7264018e-001
  3.5840000e+000  5.7505336e-001  5.7118924e-001
  3.6160000e+000  5.7907466e-001  5.6958681e-001
  3.6480000e+000  5.7499208e-001  5.6801007e-001
  3.6800000e+000  5.7052299e-001  5.6669261e-001
  3.7120000e+000  5.6538456e-001  5.6565465e-001
  3.7440000e+000  5.6554138e-001  5.6466819e-001
  3.7760000e+000  5.6112379e-001  5.6353754e-001
  3.8080000e+000  5.7098916e-001  5.6228248e-001
  3.8400000e+000  5.6710178e-001  5.6102143e-001
  3.8720000e+000  5.6473620e-001  5.5984384e-001
  3.9040000e+000  5.7326084e-001  5.5886820e-001
  3.9360000e+000  5.4767433e-001  5.5826399e-001
  3.9680000e+000  5.5441101e-001  5.5808198e-001
  4.0000000e+000  5.5971032e-001  5.5813601e-001
  4.0320000e+000  5.6458506e-001  5.5815120e-001
  4.0640000e+000  5.6493560e-001  5.5799346e-001
  4.0960000e+000  5.5957605e-001  5.5771522e-001
  4.1280000e+000  5.5853180e-001  5.5745346e-001
  4.1600000e+000  5.6302265e-001  5.5734220e-001
  4.1920000e+000  5.5209093e-001  5.5744916e-001
  4.2240000e+000  5.7226555e-001  5.5771143e-001
  4.2560000e+000  5.6779733e-001  5.5795356e-001
  4.2880000e+000  5.5669586e-001  5.5801182e-001
  4.3200000e+000  5.6203500e-001  5.5782662e-001
  4.3520000e+000  5.6165179e-001  5.5742958e-001
  4.3840000e+000  5.6398205e-001  5.5692538e-001
  4.4160000e+000  5.6084080e-001  5.5650574e-001
  4.4480000e+000  5.5761165e-001  5.5637238e-001
  4.4800000e+000  5.4987715e-001  5.5655990e-001
  4.5120000e+000  5.6526107e-001  5.5687356e-001
  4.5440000e+000  5.6133387e-001  5.5705261e-001
  4.5760000e+000  5.5358607e-001  5.5696889e-001
  4.6080000e+000  5.6860366e-001  5.5666313e-001
  4.6400000e+000  5.6650310e-001  5.5627708e-001
  4.6720000e+000  5.5361011e-001  5.5600046e-001
  4.7040000e+000  5.6459524e-001  5.5599619e-001
  4.7360000e+000  5.6132775e-001  5.5627452e-001
  4.7680000e+000  5.5670635e-001  5.5665343e-001
  4.8000000e+000  5.5640024e-001  5.5689831e-001
  4.8320000e+000  5.7216506e-001  5.5689794e-001
  4.8640000e+000  5.5803730e-001  5.5670413e-001
  4.8960000e+000  5.5280270e-001  5.5646951e-001
  4.9280000e+000  5.5498869e-001  5.5639009e-001
  4.9600000e+000  5.6504366e-001  5.5663467e-001
  4.9920000e+000  5.6226549e-001  5.5723380e-001
  5.0240000e+000  5.6420818e-001  5.5803399e-001
  5.0560000e+000  5.5848395e-001  5.5879930e-001
  5.0880000e+000  5.5795976e-001  5.5935719e-001
  5.1200000e+000  5.5949919e-001  5.5965875e-001
  5.1520000e+000  5.5709041e-001  5.5977751e-001
  5.1840000e+000  5.7090503e-001  5.5989961e-001
  5.2160000e+000  5.6454636e-001  5.6024604e-001
  5.2480000e+000  5.7007938e-001  5.6090729e-001
  5.2800000e+000  5.7359207e-001  5.6174505e-001
  5.3120000e+000  5.6351657e-001  5.6249171e-001
  5.3440000e+000  5.7897404e-001  5.6294540e-001
  5.3760000e+000  5.6123609e-001  5.6307927e-001
  5.4080000e+000  5.6744649e-001  5.6303671e-001
  5.4400000e+000  5.6296751e-001  5.6306940e-001
  5.4720000e+000  5.5820930e-001  5.6341569e-001
  5.5040000e+000  5.6078273e-001  5.6414639e-001
  5.5360000e+000  5.6742885e-001  5.6512083e-001
  5.5680000e+000  5.7280331e-001  5.6612059e-001
  5.6000000e+000  5.7239255e-001  5.6700976e-001
  5.6320000e+000  5.6496205e-001  5.6776575e-001
  5.6640000e+000  5.8180214e-001  5.6843988e-001
  5.6960000e+000  5.7443365e-001  5.6915760e-001
  5.7280000e+000  5.7156334e-001  5.7009792e-001
  5.7600000e+000  5.7030967e-001  5.7136765e-001
  5.7920000e+000  5.7502501e-001  5.7288282e-001
  5.8240000e+000  5.8264979e-001  5.7441465e-001
  5.8560000e+000  5.7039769e-001  5.7574520e-001
  5.8880000e+000  5.7713425e-001  5.7677073e-001
  5.9200000e+000  5.8158109e-001  5.7753040e-001
  5.9520000e+000  5.7097511e-001  5.7821175e-001
  5.9840000e+000  5.9586004e-001  5.7907657e-001
  6.0160000e+000  5.9074254e-001  5.8026716e-001
  6.0480000e+000  5.9472355e-001  5.8166074e-001
  6.0800000e+000  5.7235670e-001  5.8296023e-001
  6.1120000e+000  5.9108435e-001  5.8393041e-001
  6.1440000e+000  5.9821751e-001  5.8453522e-001
  6.1760000e+000  5.9344633e-001  5.8491924e-001
  6.2080000e+000  5.8167887e-001  5.8534394e-001
  6.2400000e+000  5.8643830e-001  5.8609483e-001
  6.2720000e+000  5.7602079e-001  5.8731456e-001
  6.3040000e+000  5.9091123e-001  5.8887724e-001
  6.3360000e+000  5.9479107e-001  5.9047600e-001
  6.3680000e+000  5.7935482e-001  5.9185389e-001
  6.4000000e+000  5.9859713e-001  5.9293969e-001
  6.4320000e+000  5.8893832e-001  5.9382664e-001
  6.4640000e+000  6.0498013e-001  5.9472022e-001
  6.4960000e+000  5.8958768e-001  5.9588072e-001
  6.5280000e+000  5.9372790e-001  5.9747688e-001
  6.5600000e+000  6.1306810e-001  5.9942579e-001
  6.5920000e+000  6.0675660e-001  6.0141997e-001
  6.6240000e+000  6.1498784e-001  6.0313832e-001
  6.6560000e+000  5.9593626e-001  6.0441419e-001
  6.6880000e+000  6.0482954e-001  6.0525754e-001
  6.7200000e+000  6.1402527e-001  6.0583640e-001
  6.7520000e+000  6.1456459e-001  6.0644797e-001
  6.7840000e+000  6.1343515e-001  6.0737289e-001
  6.8160000e+000  6.0718898e-001  6.0865912e-001
  6.8480000e+000  6.3421913e-001  6.1007370e-001
  6.8800000e+000  6.0565426e-001  6.1129278e-001
  6.9120000e+000  6.2189508e-001  6.1210840e-001
  6.9440000e+000  6.0896738e-001  6.1248631e-001
  6.9760000e+000  6.0553244e-001  6.1256009e-001
  7.0080000e+000  6.0685408e-001  6.1262975e-001
  7.0400000e+000  6.0893703e-001  6.1305091e-001
  7.0720000e+000  6.1131340e-001  6.1399109e-001
  7.1040000e+000  6.1727558e-001  6.1528845e-001
  7.1360000e+000  6.0259077e-001  6.1658441e-001
  7.1680000e+000  6.2141460e-001  6.1757126e-001
  7.2000000e+000  6.1657177e-001  6.1811985e-001
  7.2320000e+000  6.2335048e-001  6.1829375e-001
  7.2640000e+000  6.3525267e-001  6.1834876e-001
  7.2960000e+000  6.2352809e-001  6.1865693e-001
  7.3280000e+000  6.3868474e-001  6.1948381e-001
  7.3600000e+000  6.2234772e-001  6.2078234e-001
  7.3920000e+000  6.2245337e-001  6.2222670e-001
  7.4240000e+000  6.2042404e-001  6.2344404e-001
  7.4560000e+000  6.1966410e-001  6.2421438e-001
  7.4880000e+000  6.1659411e-001  6.2453913e-001
  7.5200000e+000  6.2835601e-001  6.2463460e-001
  7.5520000e+000  6.1445202e-001  6.2485688e-001
  7.5840000e+000  6.2478154e-001  6.2552009e-001
  7.6160000e+000  6.2619226e-001  6.2669863e-001
  7.6480000e+000  6.3193061e-001  6.2818469e-001
  7.6800000e+000  6.2668196e-001  6.2962975e-001
  7.7120000e+000  6.3406923e-001  6.3073563e-001
  7.7440000e+000  6.2854891e-001  6.3138362e-001
  7.7760000e+000  6.2962510e-001  6.3167902e-001
  7.8080000e+000  6.3653052e-001  6.3189661e-001
  7.8400000e+000  6.2571630e-001  6.3232866e-001
  7.8720000e+000  6.4546060e-001  6.3312482e-001
  7.9040000e+000  6.3805259e-001  6.3423462e-001
  7.9360000e+000  6.4711495e-001  6.3545775e-001
  7.9680000e+000  6.3643630e-001  6.3653703e-001
  8.0000000e+000  6.4226486e-001  6.3726785e-001
  8.0320000e+000  6.3495096e-001  6.3760425e-001
  8.0640000e+000  6.4929189e-001  6.3767977e-001
  8.0960000e+000  6.4332472e-001  6.3769746e-001
  8.1280000e+000  6.2071927e-001  6.3779308e-001
  8.1600000e+000  6.4135561e-001  6.3800229e-001
  8.1920000e+000  6.2706107e-001  6.3830845e-001
  8.2240000e+000  6.4612593e-001  6.3866471e-001
  8.2560000e+000  6.5906147e-001  6.3899114e-001
  8.2880000e+000  6.3691998e-001  6.3921695e-001
  8.3200000e+000  6.4451198e-001  6.3933733e-001
  8.3520000e+000  6.2670283e-001  6.3939001e-001
  8.3840000e+000  6.3662904e-001  6.3937480e-001
  8.4160000e+000  6.3749062e-001  6.3923694e-001
  8.4480000e+000  6.5570843e-001  6.3893832e-001
  8.4800000e+000  6.4251637e-001  6.3851791e-001
  8.5120000e+000  6.3590335e-001  6.3808433e-001
  8.5440000e+000  6.4072059e-001  6.3777636e-001
  8.5760000e+000  6.4365195e-001  6.3771400e-001
  8.6080000e+000  6.4436933e-001  6.3792989e-001
  8.6400000e+000  6.3678698e-001  6.3832169e-001
  8.6720000e+000  6.2581395e-001  6.3869041e-001
  8.7040000e+000  6.3911485e-001  6.3884149e-001
  8.7360000e+000  6.2586062e-001  6.3866375e-001
  8.7680000e+000  6.4794250e-001  6.3816462e-001
  8.8000000e+000  6.3509144e-001  6.3748822e-001
  8.8320000e+000  6.2976737e-001  6.3688292e-001
  8.8640000e+000  6.3516645e-001  6.3657452e-001
  8.8960000e+000  6.3810767e-001  6.3662353e-001
  8.9280000e+000  6.4826532e-001  6.3690440e-001
  8.9600000e+000  6.4661246e-001  6.3720938e-001
  8.9920000e+000  6.4579965e-001  6.3735534e-001
  9.0240000e+000  6.2867961e-001  6.3723518e-001
  9.0560000e+000  6.5753218e-001  6.3685153e-001
  9.0880000e+000  6.3908721e-001  6.3632627e-001
  9.1200000e+000  6.4474420e-001  6.3582872e-001
  9.1520000e+000  6.3841090e-001  6.3545857e-001
  9.1840000e+000  6.2906699e-001  6.3520223e-001
  9.2160000e+000  6.2533027e-001  6.3498558e-001
  9.2480000e+000  6.1728515e-001  6.3473178e-001
  9.2800000e+000  6.4599727e-001  6.3438571e-001
  9.3120000e+000  6.3146490e-001  6.3395102e-001
  9.3440000e+000  6.4314648e-001  6.3352225e-001
  9.3760000e+000  6.1973657e-001  6.3322780e-001
  9.4080000e+000  6.5209454e-001  6.3310885e-001
  9.4400000e+000  6.4039602e-001  6.3307633e-001
  9.4720000e+000  6.2625713e-001  6.3299103e-001
  9.5040000e+000  6.3848059e-001  6.3275337e-001
  9.5360000e+000  6.4572080e-001  6.3232701e-001
  9.5680000e+000  6.2745896e-001  6.3174860e-001
  9.6000000e+000  6.1936483e-001  6.3114601e-001
  9.6320000e+000  6.1271618e-001  6.3069031e-001
  9.6640000e+000  6.2644422e-001  6.3047688e-001
  9.6960000e+000  6.2684978e-001  6.3046319e-001
  9.7280000e+000  6.5784691e-001  6.3052916e-001
  9.7600000e+000  6.3440082e-001  6.3056041e-001
  9.7920000e+000  6.2638024e-001  6.3046849e-001
  9.8240000e+000  6.3637536e-001  6.3020040e-001
  9.8560000e+000  6.3403235e-001  6.2977949e-001
  9.8880000e+000  6.3098649e-001  6.2930168e-001
  9.9200000e+000  6.3252502e-001  6.2884664e-001
  9.9520000e+000  6.2998962e-001  6.2841193e-001
  9.9840000e+000  6.3714489e-001  6.2795522e-001
  1.0016000e+001  6.3171913e-001  6.2746374e-001
  1.0048000e+001  6.3221776e-001  6.2695503e-001
  1.0080000e+001  6.0618605e-001  6.2645550e-001
  1.0112000e+001  6.3298613e-001  6.2601837e-001
  1.0144000e+001  6.3577504e-001  6.2571459e-001
  1.0176000e+001  6.2002593e-001  6.2554189e-001
  1.0208000e+001  6.2136813e-001  6.2536113e-001
  1.0240000e+001  6.3272968e-001  6.2497617e-001
  1.0272000e+001  6.4543658e-001  6.2427582e-001
  1.0304000e+001  6.1779859e-001  6.2328199e-001
  1.0336000e+001  6.2505365e-001  6.2210714e-001
  1.0368000e+001  6.1723305e-001  6.2091980e-001
  1.0400000e+001  6.3149200e-001  6.1991264e-001
  1.0432000e+001  6.0733951e-001  6.1921189e-001
  1.0464000e+001  5.9939653e-001  6.1879094e-001
  1.0496000e+001  6.3042164e-001  6.1850250e-001
  1.0528000e+001  6.2754030e-001  6.1819138e-001
  1.0560000e+001  6.1303977e-001  6.1775168e-001
  1.0592000e+001  6.2298541e-001  6.1711705e-001
  1.0624000e+001  6.2844830e-001  6.1627845e-001
  1.0656000e+001  6.3705595e-001  6.1532092e-001
  1.0688000e+001  6.1426126e-001  6.1437706e-001
  1.0720000e+001  6.0010732e-001  6.1351540e-001
  1.0752000e+001  6.1472639e-001  6.1270776e-001
  1.0784000e+001  5.9384916e-001  6.1191378e-001
  1.0816000e+001  6.2383111e-001  6.1115522e-001
  1.0848000e+001  5.9486838e-001  6.1049495e-001
  1.0880000e+001  5.9206320e-001  6.0998237e-001
  1.0912000e+001  6.0117365e-001  6.0962824e-001
  1.0944000e+001  6.1477337e-001  6.0938284e-001
  1.0976000e+001  6.3333778e-001  6.0911095e-001
  1.1008000e+001  6.1937973e-001  6.0863040e-001
  1.1040000e+001  6.0898282e-001  6.0782698e-001
  1.1072000e+001  6.3481034e-001  6.0674340e-001
  1.1104000e+001  6.1639465e-001  6.0555909e-001
  1.1136000e+001  6.0004489e-001  6.0449981e-001
  1.1168000e+001  5.9811464e-001  6.0375129e-001
  1.1200000e+001  5.9774270e-001  6.0339317e-001
  1.1232000e+001  6.0031183e-001  6.0335606e-001
  1.1264000e+001  5.8800892e-001  6.0343728e-001
  1.1296000e+001  6.0758828e-001  6.0338644e-001
  1.1328000e+001  6.0100586e-001  6.0301017e-001
  1.1360000e+001  6.0947538e-001  6.0224324e-001
  1.1392000e+001  5.8187320e-001  6.0117108e-001
  1.1424000e+001  6.0607109e-001  5.9999221e-001
  1.1456000e+001  6.1227975e-001  5.9891612e-001
  1.1488000e+001  6.0688698e-001  5.9805522e-001
  1.1520000e+001  5.9554174e-001  5.9739902e-001
  1.1552000e+001  6.0449653e-001  5.9687551e-001
  1.1584000e+001  5.9916429e-001  5.9641882e-001
  1.1616000e+001  6.0978925e-001  5.9599471e-001
  1.1648000e+001  6.0602910e-001  5.9560442e-001
  1.1680000e+001  5.7860148e-001  5.9527076e-001
  1.1712000e+001  6.1854313e-001  5.9498231e-001
  1.1744000e+001  6.0251804e-001  5.9463518e-001
  1.1776000e+001  5.9013130e-001  5.9406299e-001
  1.1808000e+001  5.7883400e-001  5.9315516e-001
  1.1840000e+001  5.9950220e-001  5.9194713e-001
  1.1872000e+001  5.7452067e-001  5.9060713e-001
  1.1904000e+001  5.8613661e-001  5.8936644e-001
  1.1936000e+001  6.1595874e-001  5.8845149e-001
  1.1968000e+001  5.8520208e-001  5.8800646e-001
  1.2000000e+001  5.8602085e-001  5.8801089e-001
  1.2032000e+001  5.8847609e-001  5.8826666e-001
  1.2064000e+001  5.9490959e-001  5.8849370e-001
  1.2096000e+001  5.9602528e-001  5.8846225e-001
  1.2128000e+001  5.7316956e-001  5.8807146e-001
  1.2160000e+001  5.8348707e-001  5.8736368e-001
  1.2192000e+001  5.8477829e-001  5.8649511e-001
  1.2224000e+001  5.8784404e-001  5.8565921e-001
  1.2256000e+001  5.8781545e-001  5.8498552e-001
  1.2288000e+001  5.7691803e-001  5.8448972e-001
  1.2320000e+001  5.9529540e-001  5.8411240e-001
  1.2352000e+001  5.9496830e-001  5.8379222e-001
  1.2384000e+001  5.9114764e-001  5.8351246e-001
  1.2416000e+001  5.7860892e-001  5.8331857e-001
  1.2448000e+001  5.7137348e-001  5.8330323e-001
  1.2480000e+001  5.9249052e-001  5.8353081e-001
  1.2512000e+001  5.8966532e-001  5.8393639e-001
  1.2544000e+001  5.8190778e-001  5.8431153e-001
  1.2576000e+001  5.7841860e-001  5.8441676e-001
  1.2608000e+001  5.9427165e-001  5.8411622e-001
  1.2640000e+001  5.7971285e-001  5.8342920e-001
  1.2672000e+001  6.1517664e-001  5.8251322e-001
  1.2704000e+001  5.6996057e-001  5.8162387e-001
  1.2736000e+001  5.9908438e-001  5.8102796e-001
  1.2768000e+001  5.6689901e-001  5.8086777e-001
  1.2800000e+001  5.6978584e-001  5.8108107e-001
  1.2832000e+001  5.8976835e-001  5.8146439e-001
  1.2864000e+001  5.8193116e-001  5.8181341e-001
  1.2896000e+001  5.9225555e-001  5.8201398e-001
  1.2928000e+001  5.8879104e-001  5.8205781e-001
  1.2960000e+001  5.8855449e-001  5.8202438e-001
  1.2992000e+001  5.7375176e-001  5.8202596e-001
  1.3024000e+001  5.6359102e-001  5.8211123e-001
  1.3056000e+001  5.8494214e-001  5.8220744e-001
  1.3088000e+001  5.9907751e-001  5.8217656e-001
  1.3120000e+001  5.6840361e-001  5.8192876e-001
  1.3152000e+001  5.9717118e-001  5.8148113e-001
  1.3184000e+001  5.8492911e-001  5.8094930e-001
  1.3216000e+001  5.8820271e-001  5.8052256e-001
  1.3248000e+001  5.7965644e-001  5.8040807e-001
  1.3280000e+001  5.6097618e-001  5.8071448e-001
  1.3312000e+001  5.7398683e-001  5.8135543e-001
  1.3344000e+001  5.8656817e-001  5.8208896e-001
  1.3376000e+001  5.7696257e-001  5.8266365e-001
  1.3408000e+001  5.8757687e-001  5.8293276e-001
  1.3440000e+001  5.8845145e-001  5.8288063e-001
  1.3472000e+001  6.1010065e-001  5.8261158e-001
  1.3504000e+001  5.9118594e-001  5.8231241e-001
  1.3536000e+001  5.5669893e-001  5.8215158e-001
  1.3568000e+001  5.8240863e-001  5.8216409e-001
  1.3600000e+001  5.8761242e-001  5.8224014e-001
  1.3632000e+001  5.8413025e-001  5.8223134e-001
  1.3664000e+001  5.9793423e-001  5.8206041e-001
  1.3696000e+001  5.8870620e-001  5.8176096e-001
  1.3728000e+001  5.9594873e-001  5.8147411e-001
  1.3760000e+001  5.9679935e-001  5.8140898e-001
  1.3792000e+001  5.9104561e-001  5.8172915e-001
  1.3824000e+001  5.7973019e-001  5.8241366e-001
  1.3856000e+001  6.0426508e-001  5.8323166e-001
  1.3888000e+001  5.8403870e-001  5.8387354e-001
  1.3920000e+001  5.6529204e-001  5.8411561e-001
  1.3952000e+001  5.7378905e-001  5.8390166e-001
  1.3984000e+001  5.7526074e-001  5.8335089e-001
  1.4016000e+001  5.6862323e-001  5.8272414e-001
  1.4048000e+001  5.8508111e-001  5.8231981e-001
  1.4080000e+001  5.8046003e-001  5.8231488e-001
  1.4112000e+001  5.9143630e-001  5.8267334e-001
  1.4144000e+001  5.8758330e-001  5.8320874e-001
  1.4176000e+001  5.5656142e-001  5.8372857e-001
  1.4208000e+001  5.5497808e-001  5.8413703e-001
  1.4240000e+001  6.1568854e-001  5.8446567e-001
  1.4272000e+001  5.8903341e-001  5.8485607e-001
  1.4304000e+001  5.9693631e-001  5.8548325e-001
  1.4336000e+001  5.9735819e-001  5.8642623e-001
  1.4368000e+001  6.0508325e-001  5.8757999e-001
  1.4400000e+001  6.0269265e-001  5.8869962e-001
  1.4432000e+001  5.6642643e-001  5.8953992e-001
  1.4464000e+001  5.6749281e-001  5.8997794e-001
  1.4496000e+001  6.0139422e-001  5.9006206e-001
  1.4528000e+001  5.8799402e-001  5.8999638e-001
  1.4560000e+001  5.8363233e-001  5.9006366e-001
  1.4592000e+001  5.8715334e-001  5.9049719e-001
  1.4624000e+001  5.7943510e-001  5.9136916e-001
  1.4656000e+001  5.7935474e-001  5.9257322e-001
  1.4688000e+001  6.0151217e-001  5.9390117e-001
  1.4720000e+001  5.8053303e-001  5.9514891e-001
  1.4752000e+001  5.9449438e-001  5.9619946e-001
  1.4784000e+001  6.1103845e-001  5.9705878e-001
  1.4816000e+001  6.1091493e-001  5.9782677e-001
  1.4848000e+001  6.2991954e-001  5.9861477e-001
  1.4880000e+001  5.9770934e-001  5.9946747e-001
  1.4912000e+001  6.2314159e-001  6.0034053e-001
  1.4944000e+001  6.0529121e-001  6.0113017e-001
  1.4976000e+001  5.9942348e-001  6.0172779e-001
  1.5008000e+001  5.9454393e-001  6.0208642e-001
  1.5040000e+001  5.7460701e-001  6.0226908e-001
  1.5072000e+001  6.0804149e-001  6.0242649e-001
  1.5104000e+001  6.3590638e-001  6.0270462e-001
  1.5136000e+001  6.3297567e-001  6.0316410e-001
  1.5168000e+001  6.1054436e-001  6.0377495e-001
  1.5200000e+001  6.2228784e-001  6.0445495e-001
  1.5232000e+001  5.8742570e-001  6.0509794e-001
  1.5264000e+001  6.0493476e-001  6.0560234e-001
  1.5296000e+001  6.1131950e-001  6.0592000e-001
  1.5328000e+001  6.1630929e-001  6.0608305e-001
  1.5360000e+001  6.5030054e-001  6.0616604e-001
  1.5392000e+001  6.3541023e-001  6.0622595e-001
  1.5424000e+001  6.1748615e-001  6.0628789e-001
  1.5456000e+001  6.0132628e-001  6.0636617e-001
  1.5488000e+001  6.0010633e-001  6.0647010e-001
  1.5520000e+001  6.1003677e-001  6.0659936e-001
  1.5552000e+001  6.0051844e-001  6.0676189e-001
  1.5584000e+001  5.8977667e-001  6.0699060e-001
  1.5616000e+001  5.9157171e-001  6.0731394e-001
  1.5648000e+001  5.7762706e-001  6.0770805e-001
  1.5680000e+001  5.9829073e-001  6.0809876e-001
  1.5712000e+001  5.9244074e-001  6.0841444e-001
  1.5744000e+001  6.1187289e-001  6.0862868e-001
  1.5776000e+001  5.9509959e-001  6.0876523e-001
  1.5808000e+001  5.9975940e-001  6.0888388e-001
  1.5840000e+001  5.9794861e-001  6.0905153e-001
  1.5872000e+001  6.6880157e-001  6.0929593e-001
  1.5904000e+001  6.1342186e-001  6.0958083e-001
  1.5936000e+001  6.1294250e-001  6.0984094e-001
  1.5968000e+001  6.0456793e-001  6.1004213e-001
  1.6000000e+001  6.0340166e-001  6.1020357e-001
  1.6032000e+001  5.9800551e-001  6.1038395e-001
  1.6064000e+001  5.8747368e-001  6.1067112e-001
  1.6096000e+001  6.2811801e-001  6.1116105e-001
  1.6128000e+001  6.1985756e-001  6.1189373e-001
  1.6160000e+001  6.3040918e-001  6.1279138e-001
  1.6192000e+001  6.3306324e-001  6.1368025e-001
  1.6224000e+001  6.1346452e-001  6.1438361e-001
  1.6256000e+001  6.2391950e-001  6.1479651e-001
  1.6288000e+001  6.4492915e-001  6.1490981e-001
  1.6320000e+001  6.1561688e-001  6.1481775e-001
  1.6352000e+001  6.2210829e-001  6.1470101e-001
  1.6384000e+001  6.0909083e-001  6.1474040e-001
  1.6416000e+001  6.1678918e-001  6.1500107e-001
  1.6448000e+001  6.1845593e-001  6.1540192e-001
  1.6480000e+001  5.9762581e-001  6.1579908e-001
  1.6512000e+001  6.4887674e-001  6.1608514e-001
  1.6544000e+001  6.2940473e-001  6.1622772e-001
  1.6576000e+001  5.8321885e-001  6.1627117e-001
  1.6608000e+001  6.2220562e-001  6.1632809e-001
  1.6640000e+001  6.2233571e-001  6.1653107e-001
  1.6672000e+001  6.1041009e-001  6.1694834e-001
  1.6704000e+001  6.2629688e-001  6.1753954e-001
  1.6736000e+001  6.2718416e-001  6.1819130e-001
  1.6768000e+001  6.0846298e-001  6.1877750e-001
  1.6800000e+001  6.3149020e-001  6.1919429e-001
  1.6832000e+001  6.3407444e-001  6.1939093e-001
  1.6864000e+001  6.3763137e-001  6.1940420e-001
  1.6896000e+001  6.5272009e-001  6.1934304e-001
  1.6928000e+001  6.0543464e-001  6.1930988e-001
  1.6960000e+001  6.3043916e-001  6.1934121e-001
  1.6992000e+001  5.8182876e-001  6.1942686e-001
  1.7024000e+001  5.9261562e-001  6.1955574e-001
  1.7056000e+001  6.3788224e-001  6.1972304e-001
  1.7088000e+001  5.7889955e-001  6.1992308e-001
  1.7120000e+001  6.4283435e-001  6.2016609e-001
  1.7152000e+001  6.0933949e-001  6.2048098e-001
  1.7184000e+001  6.0870890e-001  6.2086872e-001
  1.7216000e+001  6.6575483e-001  6.2126638e-001
  1.7248000e+001  6.2597183e-001  6.2158995e-001
  1.7280000e+001  5.8848897e-001  6.2181020e-001
  1.7312000e+001  6.0828220e-001  6.2196972e-001
  1.7344000e+001  6.1981831e-001  6.2213997e-001
  1.7376000e+001  6.0445106e-001  6.2238274e-001
  1.7408000e+001  6.5664242e-001  6.2272941e-001
  1.7440000e+001  6.8630252e-001  6.2315243e-001
  1.7472000e+001  6.5916341e-001  6.2355392e-001
  1.7504000e+001  5.8630662e-001  6.2381609e-001
  1.7536000e+001  6.6603735e-001  6.2388162e-001
  1.7568000e+001  6.2532331e-001  6.2378556e-001
  1.7600000e+001  6.4638195e-001  6.2362722e-001
  1.7632000e+001  6.1750792e-001  6.2353184e-001
  1.7664000e+001  6.0968605e-001  6.2361491e-001
  1.7696000e+001  6.2437001e-001  6.2392606e-001
  1.7728000e+001  6.5323211e-001  6.2440119e-001
  1.7760000e+001  6.3890414e-001  6.2488860e-001
  1.7792000e+001  6.1452234e-001  6.2524376e-001
  1.7824000e+001  6.0546669e-001  6.2540804e-001
  1.7856000e+001  6.5169625e-001  6.2541860e-001
  1.7888000e+001  6.0667195e-001  6.2537413e-001
  1.7920000e+001  6.1782006e-001  6.2538889e-001
  1.7952000e+001  5.9406145e-001  6.2553720e-001
  1.7984000e+001  6.1260751e-001  6.2580720e-001
  1.8016000e+001  6.2449052e-001  6.2610677e-001
  1.8048000e+001  6.3960273e-001  6.2632681e-001
  1.8080000e+001  6.0066284e-001  6.2640967e-001
  1.8112000e+001  6.4885031e-001  6.2637557e-001
  1.8144000e+001  6.2415643e-001  6.2630350e-001
  1.8176000e+001  5.7363920e-001  6.2628234e-001
  1.8208000e+001  6.6896687e-001  6.2635254e-001
  1.8240000e+001  6.0337387e-001  6.2647641e-001
  1.8272000e+001  6.6225318e-001  6.2656713e-001
  1.8304000e+001  6.7192960e-001  6.2655390e-001
  1.8336000e+001  6.1705606e-001  6.2642807e-001
  1.8368000e+001  6.5551639e-001  6.2624615e-001
  1.8400000e+001  6.2962314e-001  6.2610249e-001
  1.8432000e+001  6.5308801e-001  6.2608045e-001
  1.8464000e+001  6.4403155e-001  6.2619208e-001
  1.8496000e+001  6.6250908e-001  6.2634867e-001
  1.8528000e+001  5.9881592e-001  6.2640014e-001
  1.8560000e+001  6.3651991e-001  6.2621694e-001
  1.8592000e+001  5.7858829e-001  6.2575074e-001
  1.8624000e+001  6.0500964e-001  6.2505105e-001
  1.8656000e+001  6.4788358e-001  6.2425257e-001
  1.8688000e+001  6.5637430e-001  6.2352753e-001
  1.8720000e+001  6.8303535e-001  6.2299626e-001
  1.8752000e+001  6.0826497e-001  6.2265073e-001
  1.8784000e+001  6.3310878e-001  6.2236668e-001
  1.8816000e+001  6.2906038e-001  6.2199481e-001
  1.8848000e+001  6.4141790e-001  6.2144420e-001
  1.8880000e+001  6.0661769e-001  6.2071016e-001
  1.8912000e+001  6.5291770e-001  6.1986886e-001
  1.8944000e+001  5.6316110e-001  6.1904974e-001
  1.8976000e+001  5.6589161e-001  6.1836636e-001
  1.9008000e+001  6.0621598e-001  6.1783287e-001
  1.9040000e+001  6.4875359e-001  6.1734591e-001
  1.9072000e+001  6.5425272e-001  6.1675742e-001
  1.9104000e+001  6.0943882e-001  6.1596811e-001
  1.9136000e+001  6.4920372e-001  6.1497189e-001
  1.9168000e+001  6.2982724e-001  6.1385012e-001
  1.9200000e+001  6.1144846e-001  6.1273423e-001
  1.9232000e+001  6.3372150e-001  6.1173625e-001
  1.9264000e+001  6.3446985e-001  6.1087455e-001
  1.9296000e+001  6.2702977e-001  6.1005996e-001
  1.9328000e+001  6.2190586e-001  6.0916363e-001
  1.9360000e+001  5.4426982e-001  6.0810645e-001
  1.9392000e+001  6.2343189e-001  6.0690666e-001
  1.9424000e+001  6.0431298e-001  6.0567832e-001
  1.9456000e+001  6.1236045e-001  6.0458947e-001
  1.9488000e+001  6.6402782e-001  6.0377888e-001
  1.9520000e+001  5.8781256e-001  6.0326850e-001
  1.9552000e+001  6.4621702e-001  6.0294684e-001
  1.9584000e+001  6.1863141e-001  6.0264223e-001
  1.9616000e+001  6.1918462e-001  6.0221496e-001
  1.9648000e+001  5.3146165e-001  6.0160484e-001
  1.9680000e+001  5.3466844e-001  6.0084267e-001
  1.9712000e+001  6.3799754e-001  6.0003992e-001
  1.9744000e+001  5.9280846e-001  5.9933160e-001
  1.9776000e+001  5.4168133e-001  5.9878292e-001
  1.9808000e+001  5.5952420e-001  5.9834409e-001
  1.9840000e+001  5.6852751e-001  5.9790396e-001
  1.9872000e+001  5.8926684e-001  5.9738021e-001
  1.9904000e+001  5.6920399e-001  5.9676258e-001
  1.9936000e+001  5.7338825e-001  5.9611058e-001
  1.9968000e+001  5.2532961e-001  5.9553893e-001
  2.0000000e+001  6.0846457e-001  5.9517257e-001
  2.0032000e+001  5.9715462e-001  5.9505943e-001
  2.0064000e+001  5.8620492e-001  5.9511320e-001
  2.0096000e+001  6.5243023e-001  5.9516216e-001
  2.0128000e+001  6.1679595e-001  5.9506419e-001
  2.0160000e+001  5.8633485e-001  5.9478332e-001
  2.0192000e+001  6.7043307e-001  5.9439393e-001
  2.0224000e+001  5.5824298e-001  5.9404823e-001
  2.0256000e+001  6.3536008e-001  5.9391668e-001
  2.0288000e+001  6.5466714e-001  5.9409377e-001
  2.0320000e+001  5.8854177e-001  5.9452074e-001
  2.0352000e+001  6.2083299e-001  5.9500288e-001
  2.0384000e+001  6.5690507e-001  5.9531405e-001
  2.0416000e+001  6.3656103e-001  5.9530480e-001
  2.0448000e+001  5.6660746e-001  5.9496101e-001
  2.0480000e+001  6.2656456e-001  5.9441311e-001
  2.0512000e+001  5.4514114e-001  5.9388632e-001
  2.0544000e+001  4.9678352e-001  5.9358534e-001
  2.0576000e+001  6.4140172e-001  5.9357949e-001
  2.0608000e+001  5.8094719e-001  5.9378554e-001
  2.0640000e+001  5.6256335e-001  5.9405304e-001
  2.0672000e+001  5.7753823e-001  5.9426110e-001
  2.0704000e+001  6.2735121e-001  5.9436448e-001
  2.0736000e+001  5.6551516e-001  5.9440063e-001
  2.0768000e+001  5.6610510e-001  5.9446655e-001
  2.0800000e+001  6.2401856e-001  5.9464908e-001
  2.0832000e+001  5.9486040e-001  5.9494163e-001
  2.0864000e+001  5.5781192e-001  5.9523071e-001
  2.0896000e+001  6.5137057e-001  5.9537554e-001
  2.0928000e+001  6.2756768e-001  5.9530386e-001
  2.0960000e+001  5.2067021e-001  5.9505120e-001
  2.0992000e+001  5.8599255e-001  5.9474732e-001
  2.1024000e+001  6.3858811e-001  5.9457297e-001
  2.1056000e+001  5.3196150e-001  5.9468118e-001
  2.1088000e+001  6.4146068e-001  5.9510142e-001
  2.1120000e+001  6.0288342e-001  5.9570033e-001
  2.1152000e+001  6.1055830e-001  5.9624722e-001
  2.1184000e+001  6.4453016e-001  5.9653920e-001
  2.1216000e+001  5.9042217e-001  5.9650131e-001
  2.1248000e+001  5.3173489e-001  5.9621917e-001
  2.1280000e+001  6.7714581e-001  5.9590173e-001
  2.1312000e+001  5.1010515e-001  5.9578375e-001
  2.1344000e+001  5.7029230e-001  5.9600750e-001
  2.1376000e+001  6.3016943e-001  5.9655528e-001
  2.1408000e+001  5.8953379e-001  5.9727342e-001
  2.1440000e+001  6.1885118e-001  5.9795551e-001
  2.1472000e+001  6.5705962e-001  5.9842742e-001
  2.1504000e+001  6.4672144e-001  5.9860724e-001
  2.1536000e+001  5.5850385e-001  5.9852996e-001
  2.1568000e+001  6.0374706e-001  5.9832064e-001
  2.1600000e+001  5.6184011e-001  5.9812148e-001
  2.1632000e+001  6.5585875e-001  5.9802030e-001
  2.1664000e+001  5.1574972e-001  5.9802610e-001
  2.1696000e+001  5.7480564e-001  5.9809359e-001
  2.1728000e+001  6.3075513e-001  5.9817157e-001
  2.1760000e+001  6.3037213e-001  5.9825099e-001
  2.1792000e+001  6.0585386e-001  5.9838453e-001
  2.1824000e+001  6.2561128e-001  5.9865463e-001
  2.1856000e+001  5.9264768e-001  5.9910877e-001
  2.1888000e+001  6.7628877e-001  5.9971701e-001
  2.1920000e+001  5.9770549e-001  6.0038077e-001
  2.1952000e+001  6.1587122e-001  6.0097294e-001
  2.1984000e+001  5.4666111e-001  6.0138646e-001
  2.2016000e+001  6.0719333e-001  6.0158621e-001
  2.2048000e+001  5.8361832e-001  6.0163968e-001
  2.2080000e+001  6.0050728e-001  6.0168549e-001
  2.2112000e+001  5.6886300e-001  6.0185042e-001
  2.2144000e+001  6.2960570e-001  6.0218579e-001
  2.2176000e+001  5.6142539e-001  6.0266545e-001
  2.2208000e+001  6.1665167e-001  6.0321292e-001
  2.2240000e+001  5.9844266e-001  6.0372285e-001
  2.2272000e+001  6.0448511e-001  6.0409254e-001
  2.2304000e+001  5.7551383e-001  6.0427338e-001
  2.2336000e+001  5.6727105e-001  6.0429835e-001
  2.2368000e+001  6.3481271e-001  6.0425205e-001
  2.2400000e+001  5.4883190e-001  6.0422073e-001
  2.2432000e+001  5.9187717e-001  6.0427255e-001
  2.2464000e+001  5.5936423e-001  6.0445846e-001
  2.2496000e+001  5.9568914e-001  6.0480342e-001
  2.2528000e+001  6.6308041e-001  6.0530031e-001
  2.2560000e+001  6.6514588e-001  6.0592653e-001
  2.2592000e+001  5.1046969e-001  6.0665579e-001
  2.2624000e+001  6.6871917e-001  6.0743749e-001
  2.2656000e+001  6.5320219e-001  6.0817793e-001
  2.2688000e+001  6.2601853e-001  6.0877114e-001
  2.2720000e+001  6.2318207e-001  6.0915782e-001
  2.2752000e+001  5.8271744e-001  6.0935288e-001
  2.2784000e+001  6.2368738e-001  6.0943005e-001
  2.2816000e+001  5.7409580e-001  6.0949370e-001
  2.2848000e+001  6.3896871e-001  6.0964484e-001
  2.2880000e+001  7.1920000e-001  6.0993449e-001
  2.2912000e+001  6.6880788e-001  6.1033356e-001
  2.2944000e+001  6.0482289e-001  6.1075575e-001
  2.2976000e+001  5.7414480e-001  6.1111360e-001
  2.3008000e+001  6.2325266e-001  6.1135659e-001
  2.3040000e+001  5.7823101e-001  6.1148051e-001
  2.3072000e+001  6.0736948e-001  6.1152649e-001
  2.3104000e+001  5.9935870e-001  6.1156179e-001
  2.3136000e+001  6.7031601e-001  6.1163124e-001
  2.3168000e+001  6.1321069e-001  6.1171954e-001
  2.3200000e+001  5.8793476e-001  6.1177378e-001
  2.3232000e+001  6.2258274e-001  6.1176206e-001
  2.3264000e+001  5.9499031e-001  6.1170207e-001
  2.3296000e+001  5.2426544e-001  6.1164936e-001
  2.3328000e+001  6.4209964e-001  6.1168279e-001
  2.3360000e+001  6.2443694e-001  6.1188496e-001
  2.3392000e+001  5.9563218e-001  6.1228791e-001
  2.3424000e+001  5.6083682e-001  6.1281576e-001
  2.3456000e+001  6.2035353e-001  6.1330080e-001
  2.3488000e+001  6.2820140e-001  6.1357636e-001
  2.3520000e+001  6.4012434e-001  6.1356170e-001
  2.3552000e+001  6.5706222e-001  6.1328392e-001
  2.3584000e+001  6.1772730e-001  6.1286068e-001
  2.3616000e+001  7.0758049e-001  6.1246540e-001
  2.3648000e+001  7.1720451e-001  6.1225779e-001
  2.3680000e+001  4.9889820e-001  6.1229766e-001
  2.3712000e+001  6.2099788e-001  6.1251585e-001
  2.3744000e+001  6.9378059e-001  6.1277308e-001
  2.3776000e+001  6.2833466e-001  6.1294407e-001
  2.3808000e+001  5.9460555e-001  6.1296122e-001
  2.3840000e+001  6.6628649e-001  6.1282316e-001
  2.3872000e+001  5.1598593e-001  6.1259138e-001
  2.3904000e+001  5.5851150e-001  6.1236065e-001
  2.3936000e+001  5.8182971e-001  6.1220070e-001
  2.3968000e+001  6.3653131e-001  6.1211852e-001
  2.4000000e+001  5.4219506e-001  6.1207900e-001
  2.4032000e+001  6.4509460e-001  6.1205073e-001
  2.4064000e+001  5.3475869e-001  6.1202869e-001
  2.4096000e+001  6.7006492e-001  6.1203503e-001
  2.4128000e+001  6.3212257e-001  6.1211511e-001
  2.4160000e+001  6.3795290e-001  6.1231492e-001
  2.4192000e+001  6.0434319e-001  6.1263534e-001
  2.4224000e+001  5.9432724e-001  6.1300761e-001
  2.4256000e+001  5.3374526e-001  6.1332633e-001
  2.4288000e+001  6.9422687e-001  6.1350761e-001
  2.4320000e+001  5.9779565e-001  6.1351897e-001
  2.4352000e+001  5.9510172e-001  6.1337912e-001
  2.4384000e+001  6.1217672e-001  6.1315130e-001
  2.4416000e+001  6.7195385e-001  6.1292248e-001
  2.4448000e+001  6.2257821e-001  6.1275717e-001
  2.4480000e+001  6.9089352e-001  6.1266162e-001
  2.4512000e+001  6.7070194e-001  6.1260163e-001
  2.4544000e+001  5.1991847e-001  6.1255242e-001
  2.4576000e+001  5.5551626e-001  6.1252205e-001
  2.4608000e+001  5.6515118e-001  6.1253440e-001
  2.4640000e+001  6.2965712e-001  6.1260404e-001
  2.4672000e+001  6.3847798e-001  6.1272119e-001
  2.4704000e+001  6.7315664e-001  6.1284024e-001
  2.4736000e+001  4.9914449e-001  6.1288220e-001
  2.4768000e+001  7.0622686e-001  6.1277152e-001
  2.4800000e+001  6.1646408e-001  6.1249163e-001
  2.4832000e+001  6.3498620e-001  6.1211324e-001
  2.4864000e+001  7.9731621e-001  6.1177133e-001
  2.4896000e+001  5.9355447e-001  6.1160619e-001
  2.4928000e+001  6.4454611e-001  6.1169609e-001
  2.4960000e+001  4.7814074e-001  6.1201024e-001
  2.4992000e+001  6.8236060e-001  6.1241284e-001
