  0.0000000e+000  9.8757627e-001  1.0000000e+000
  3.2000000e-002  1.0000000e+000  9.9640635e-001
  6.4000000e-002  9.6398410e-001  9.8695036e-001
  9.6000000e-002  9.7212048e-001  9.7457370e-001
  1.2800000e-001  9.5276766e-001  9.6185393e-001
  1.6000000e-001  9.4708235e-001  9.5000286e-001
  1.9200000e-001  9.3414297e-001  9.3929925e-001
  2.2400000e-001  9.1761653e-001  9.2983016e-001
  2.5600000e-001  9.0280663e-001  9.2162662e-001
  2.8800000e-001  9.0802796e-001  9.1446515e-001
  3.2000000e-001  8.8546053e-001  9.0793865e-001
  3.5200000e-001  8.8290426e-001  9.0175531e-001
  3.8400000e-001  8.8916885e-001  8.9585307e-001
  4.1600000e-001  9.0026422e-001  8.9026989e-001
  4.4800000e-001  8.8720844e-001  8.8503277e-001
  4.8000000e-001  8.8064556e-001  8.8015982e-001
  5.1200000e-001  8.7651958e-001  8.7564831e-001
  5.4400000e-001  8.6727941e-001  8.7142053e-001
  5.7600000e-001  8.5944232e-001  8.6733813e-001
  6.0800000e-001  8.5455435e-001  8.6329456e-001
  6.4000000e-001  8.5028262e-001  8.5926508e-001
  6.7200000e-001  8.4828184e-001  8.5527090e-001
  7.0400000e-001  8.2963631e-001  8.5133653e-001
  7.3600000e-001  8.4611652e-001  8.4748340e-001
  7.6800000e-001  8.2919624e-001  8.4371808e-001
  8.0000000e-001  8.2591228e-001  8.4000619e-001
  8.3200000e-001  8.2847236e-001  8.3628130e-001
  8.6400000e-001  8.1914278e-001  8.3249348e-001
  8.9600000e-001  8.2495101e-001  8.2863698e-001
  9.2800000e-001  8.1516237e-001  8.2473261e-001
  9.6000000e-001  8.1688789e-001  8.2080462e-001
  9.9200000e-001  7.9794366e-001  8.1687513e-001
  1.0240000e+000  8.0434787e-001  8.1295479e-001
  1.0560000e+000  8.0164878e-001  8.0902675e-001
  1.0880000e+000  7.9434776e-001  8.0505370e-001
  1.1200000e+000  7.9420428e-001  8.0100937e-001
  1.1520000e+000  7.9745240e-001  7.9689634e-001
  1.1840000e+000  7.8593967e-001  7.9273463e-001
  1.2160000e+000  7.8957414e-001  7.8854662e-001
  1.2480000e+000  7.8194472e-001  7.8435284e-001
  1.2800000e+000  7.7062160e-001  7.8016450e-001
  1.3120000e+000  7.7404479e-001  7.7597217e-001
  1.3440000e+000  7.7139806e-001  7.7175175e-001
  1.3760000e+000  7.5612174e-001  7.6748773e-001
  1.4080000e+000  7.6600749e-001  7.6318566e-001
  1.4400000e+000  7.5657219e-001  7.5886339e-001
  1.4720000e+000  7.5528436e-001  7.5454017e-001
  1.5040000e+000  7.4413004e-001  7.5023364e-001
  1.5360000e+000  7.4126758e-001  7.4595361e-001
  1.5680000e+000  7.3738156e-001  7.4169331e-001
  1.6000000e+000  7.3340198e-001  7.3743470e-001
  1.6320000e+000  7.2826891e-001  7.3316711e-001
  1.6640000e+000  7.2701076e-001  7.2889649e-001
  1.6960000e+000  7.1648844e-001  7.2463792e-001
  1.7280000e+000  7.1641767e-001  7.2040719e-001
  1.7600000e+000  7.1121670e-001  7.1621869e-001
  1.7920000e+000  7.1511015e-001  7.1208023e-001
  1.8240000e+000  7.0471617e-001  7.0798558e-001
  1.8560000e+000  7.1189044e-001  7.0391942e-001
  1.8880000e+000  7.0698130e-001  6.9987323e-001
  1.9200000e+000  7.0291838e-001  6.9585247e-001
  1.9520000e+000  6.9122911e-001  6.9186957e-001
  1.9840000e+000  7.0260687e-001  6.8793703e-001
  2.0160000e+000  6.8634480e-001  6.8406634e-001
  2.0480000e+000  6.9609070e-001  6.8026341e-001
  2.0800000e+000  6.7319494e-001  6.7652177e-001
  2.1120000e+000  6.7144051e-001  6.7282724e-001
  2.1440000e+000  6.8012728e-001  6.6917227e-001
  2.1760000e+000  6.7532124e-001  6.6556174e-001
  2.2080000e+000  6.6413284e-001  6.6200587e-001
  2.2400000e+000  6.6864220e-001  6.5851429e-001
  2.2720000e+000  6.7390745e-001  6.5509607e-001
  2.3040000e+000  6.6427556e-001  6.5175568e-001
  2.3360000e+000  6.5815751e-001  6.4848626e-001
  2.3680000e+000  6.4398137e-001  6.4527388e-001
  2.4000000e+000  6.5173506e-001  6.4211148e-001
  2.4320000e+000  6.4454123e-001  6.3900369e-001
  2.4640000e+000  6.4531434e-001  6.3595905e-001
  2.4960000e+000  6.4979844e-001  6.3298466e-001
  2.5280000e+000  6.3900142e-001  6.3008764e-001
  2.5600000e+000  6.3246312e-001  6.2727171e-001
  2.5920000e+000  6.2593690e-001  6.2452969e-001
  2.6240000e+000  6.3433063e-001  6.2184735e-001
  2.6560000e+000  6.2455945e-001  6.1921780e-001
  2.6880000e+000  6.2197115e-001  6.1664603e-001
  2.7200000e+000  6.2418177e-001  6.1413961e-001
  2.7520000e+000  6.1847008e-001  6.1170318e-001
  2.7840000e+000  6.1840413e-001  6.0934211e-001
  2.8160000e+000  6.1562805e-001  6.0706028e-001
  2.8480000e+000  6.1678673e-001  6.0485071e-001
  2.8800000e+000  6.1672073e-001  6.0269819e-001
  2.9120000e+000  6.0624963e-001  6.0059541e-001
  2.9440000e+000  6.0413855e-001  5.9854861e-001
  2.9760000e+000  6.0658265e-001  5.9656561e-001
  3.0080000e+000  5.9548316e-001  5.9464839e-001
  3.0400000e+000  6.0639538e-001  5.9279996e-001
  3.0720000e+000  6.0464919e-001  5.9102529e-001
  3.1040000e+000  5.9484941e-001  5.8931917e-001
  3.1360000e+000  5.9634600e-001  5.8766480e-001
  3.1680000e+000  5.9283915e-001  5.8605264e-001
  3.2000000e+000  5.8436751e-001  5.8449077e-001
  3.2320000e+000  5.8611165e-001  5.8298994e-001
  3.2640000e+000  5.9187735e-001  5.8154997e-001
  3.2960000e+000  5.7438038e-001  5.8016891e-001
  3.3280000e+000  5.7970242e-001  5.7885237e-001
  3.3600000e+000  5.8537970e-001  5.7760034e-001
  3.3920000e+000  5.8441329e-001  5.7639618e-001
  3.4240000e+000  5.7686738e-001  5.7522439e-001
  3.4560000e+000  5.8385760e-001  5.7409195e-001
  3.4880000e+000  5.7750468e-001  5.7301660e-001
  3.5200000e+000  5.7042415e-001  5.7200109e-001
  3.5520000e+000  5.7298391e-001  5.7103565e-001
  3.5840000e+000  5.7505336e-001  5.7011984e-001
  3.6160000e+000  5.7907466e-001  5.6926066e-001
  3.6480000e+000  5.7499208e-001  5.6845029e-001
  3.6800000e+000  5.7052299e-001  5.6766804e-001
  3.7120000e+000  5.6538456e-001  5.6690965e-001
  3.7440000e+000  5.6554138e-001  5.6619569e-001
  3.7760000e+000  5.6112379e-001  5.6554266e-001
  3.8080000e+000  5.7098916e-001  5.6494220e-001
  3.8400000e+000  5.6710178e-001  5.6437876e-001
  3.8720000e+000  5.6473620e-001  5.6385220e-001
  3.9040000e+000  5.7326084e-001  5.6336870e-001
  3.9360000e+000  5.4767433e-001  5.6292071e-001
  3.9680000e+000  5.5441101e-001  5.6249425e-001
  4.0000000e+000  5.5971032e-001  5.6209229e-001
  4.0320000e+000  5.6458506e-001  5.6173500e-001
  4.0640000e+000  5.6493560e-001  5.6143437e-001
  4.0960000e+000  5.5957605e-001  5.6117971e-001
  4.1280000e+000  5.5853180e-001  5.6095159e-001
  4.1600000e+000  5.6302265e-001  5.6074220e-001
  4.1920000e+000  5.5209093e-001  5.6055740e-001
  4.2240000e+000  5.7226555e-001  5.6040420e-001
  4.2560000e+000  5.6779733e-001  5.6028280e-001
  4.2880000e+000  5.5669586e-001  5.6019121e-001
  4.3200000e+000  5.6203500e-001  5.6013292e-001
  4.3520000e+000  5.6165179e-001  5.6011477e-001
  4.3840000e+000  5.6398205e-001  5.6013538e-001
  4.4160000e+000  5.6084080e-001  5.6017966e-001
  4.4480000e+000  5.5761165e-001  5.6023124e-001
  4.4800000e+000  5.4987715e-001  5.6029104e-001
  4.5120000e+000  5.6526107e-001  5.6037780e-001
  4.5440000e+000  5.6133387e-001  5.6050781e-001
  4.5760000e+000  5.5358607e-001  5.6067852e-001
  4.6080000e+000  5.6860366e-001  5.6087482e-001
  4.6400000e+000  5.6650310e-001  5.6108628e-001
  4.6720000e+000  5.5361011e-001  5.6131299e-001
  4.7040000e+000  5.6459524e-001  5.6155783e-001
  4.7360000e+000  5.6132775e-001  5.6182036e-001
  4.7680000e+000  5.5670635e-001  5.6209966e-001
  4.8000000e+000  5.5640024e-001  5.6239967e-001
  4.8320000e+000  5.7216506e-001  5.6272863e-001
  4.8640000e+000  5.5803730e-001  5.6309172e-001
  4.8960000e+000  5.5280270e-001  5.6348301e-001
  4.9280000e+000  5.5498869e-001  5.6388579e-001
  4.9600000e+000  5.6504366e-001  5.6428513e-001
  4.9920000e+000  5.6226549e-001  5.6468276e-001
  5.0240000e+000  5.6420818e-001  5.6509716e-001
  5.0560000e+000  5.5848395e-001  5.6554641e-001
  5.0880000e+000  5.5795976e-001  5.6603216e-001
  5.1200000e+000  5.5949919e-001  5.6654073e-001
  5.1520000e+000  5.5709041e-001  5.6705644e-001
  5.1840000e+000  5.7090503e-001  5.6757198e-001
  5.2160000e+000  5.6454636e-001  5.6808933e-001
  5.2480000e+000  5.7007938e-001  5.6861559e-001
  5.2800000e+000  5.7359207e-001  5.6915783e-001
  5.3120000e+000  5.6351657e-001  5.6971958e-001
  5.3440000e+000  5.7897404e-001  5.7030126e-001
  5.3760000e+000  5.6123609e-001  5.7090253e-001
  5.4080000e+000  5.6744649e-001  5.7152092e-001
  5.4400000e+000  5.6296751e-001  5.7214748e-001
  5.4720000e+000  5.5820930e-001  5.7276920e-001
  5.5040000e+000  5.6078273e-001  5.7338035e-001
  5.5360000e+000  5.6742885e-001  5.7399066e-001
  5.5680000e+000  5.7280331e-001  5.7461921e-001
  5.6000000e+000  5.7239255e-001  5.7527966e-001
  5.6320000e+000  5.6496205e-001  5.7597027e-001
  5.6640000e+000  5.8180214e-001  5.7667444e-001
  5.6960000e+000  5.7443365e-001  5.7736980e-001
  5.7280000e+000  5.7156334e-001  5.7804235e-001
  5.7600000e+000  5.7030967e-001  5.7869766e-001
  5.7920000e+000  5.7502501e-001  5.7935804e-001
  5.8240000e+000  5.8264979e-001  5.8004525e-001
  5.8560000e+000  5.7039769e-001  5.8076470e-001
  5.8880000e+000  5.7713425e-001  5.8150466e-001
  5.9200000e+000  5.8158109e-001  5.8224651e-001
  5.9520000e+000  5.7097511e-001  5.8297420e-001
  5.9840000e+000  5.9586004e-001  5.8368054e-001
  6.0160000e+000  5.9074254e-001  5.8437132e-001
  6.0480000e+000  5.9472355e-001  5.8506286e-001
  6.0800000e+000  5.7235670e-001  5.8577110e-001
  6.1120000e+000  5.9108435e-001  5.8650206e-001
  6.1440000e+000  5.9821751e-001  5.8725167e-001
  6.1760000e+000  5.9344633e-001  5.8801003e-001
  6.2080000e+000  5.8167887e-001  5.8876239e-001
  6.2400000e+000  5.8643830e-001  5.8949235e-001
  6.2720000e+000  5.7602079e-001  5.9019274e-001
  6.3040000e+000  5.9091123e-001  5.9087437e-001
  6.3360000e+000  5.9479107e-001  5.9156023e-001
  6.3680000e+000  5.7935482e-001  5.9227028e-001
  6.4000000e+000  5.9859713e-001  5.9301134e-001
  6.4320000e+000  5.8893832e-001  5.9377468e-001
  6.4640000e+000  6.0498013e-001  5.9453649e-001
  6.4960000e+000  5.8958768e-001  5.9526595e-001
  6.5280000e+000  5.9372790e-001  5.9594509e-001
  6.5600000e+000  6.1306810e-001  5.9658570e-001
  6.5920000e+000  6.0675660e-001  5.9722293e-001
  6.6240000e+000  6.1498784e-001  5.9789057e-001
  6.6560000e+000  5.9593626e-001  5.9860175e-001
  6.6880000e+000  6.0482954e-001  5.9934547e-001
  6.7200000e+000  6.1402527e-001  6.0009116e-001
  6.7520000e+000  6.1456459e-001  6.0079927e-001
  6.7840000e+000  6.1343515e-001  6.0144323e-001
  6.8160000e+000  6.0718898e-001  6.0203113e-001
  6.8480000e+000  6.3421913e-001  6.0260305e-001
  6.8800000e+000  6.0565426e-001  6.0320265e-001
  6.9120000e+000  6.2189508e-001  6.0385079e-001
  6.9440000e+000  6.0896738e-001  6.0454026e-001
  6.9760000e+000  6.0553244e-001  6.0524273e-001
  7.0080000e+000  6.0685408e-001  6.0591738e-001
  7.0400000e+000  6.0893703e-001  6.0652783e-001
  7.0720000e+000  6.1131340e-001  6.0706672e-001
  7.1040000e+000  6.1727558e-001  6.0756502e-001
  7.1360000e+000  6.0259077e-001  6.0807105e-001
  7.1680000e+000  6.2141460e-001  6.0861912e-001
  7.2000000e+000  6.1657177e-001  6.0921582e-001
  7.2320000e+000  6.2335048e-001  6.0984414e-001
  7.2640000e+000  6.3525267e-001  6.1046975e-001
  7.2960000e+000  6.2352809e-001  6.1104992e-001
  7.3280000e+000  6.3868474e-001  6.1155487e-001
  7.3600000e+000  6.2234772e-001  6.1198997e-001
  7.3920000e+000  6.2245337e-001  6.1239451e-001
  7.4240000e+000  6.2042404e-001  6.1281548e-001
  7.4560000e+000  6.1966410e-001  6.1328200e-001
  7.4880000e+000  6.1659411e-001  6.1379732e-001
  7.5200000e+000  6.2835601e-001  6.1434152e-001
  7.5520000e+000  6.1445202e-001  6.1487637e-001
  7.5840000e+000  6.2478154e-001  6.1535792e-001
  7.6160000e+000  6.2619226e-001  6.1575950e-001
  7.6480000e+000  6.3193061e-001  6.1608982e-001
  7.6800000e+000  6.2668196e-001  6.1638882e-001
  7.7120000e+000  6.3406923e-001  6.1670415e-001
  7.7440000e+000  6.2854891e-001  6.1706708e-001
  7.7760000e+000  6.2962510e-001  6.1748159e-001
  7.8080000e+000  6.3653052e-001  6.1792594e-001
  7.8400000e+000  6.2571630e-001  6.1836126e-001
  7.8720000e+000  6.4546060e-001  6.1874554e-001
  7.9040000e+000  6.3805259e-001  6.1905177e-001
  7.9360000e+000  6.4711495e-001  6.1928348e-001
  7.9680000e+000  6.3643630e-001  6.1947549e-001
  8.0000000e+000  6.4226486e-001  6.1967555e-001
  8.0320000e+000  6.3495096e-001  6.1991852e-001
  8.0640000e+000  6.4929189e-001  6.2021165e-001
  8.0960000e+000  6.4332472e-001  6.2053746e-001
  8.1280000e+000  6.2071927e-001  6.2086444e-001
  8.1600000e+000  6.4135561e-001  6.2115652e-001
  8.1920000e+000  6.2706107e-001  6.2138389e-001
  8.2240000e+000  6.4612593e-001  6.2153771e-001
  8.2560000e+000  6.5906147e-001  6.2163821e-001
  8.2880000e+000  6.3691998e-001  6.2172490e-001
  8.3200000e+000  6.4451198e-001  6.2183445e-001
  8.3520000e+000  6.2670283e-001  6.2198463e-001
  8.3840000e+000  6.3662904e-001  6.2217275e-001
  8.4160000e+000  6.3749062e-001  6.2238124e-001
  8.4480000e+000  6.5570843e-001  6.2258282e-001
  8.4800000e+000  6.4251637e-001  6.2274695e-001
  8.5120000e+000  6.3590335e-001  6.2285071e-001
  8.5440000e+000  6.4072059e-001  6.2288989e-001
  8.5760000e+000  6.4365195e-001  6.2288253e-001
  8.6080000e+000  6.4436933e-001  6.2286151e-001
  8.6400000e+000  6.3678698e-001  6.2285978e-001
  8.6720000e+000  6.2581395e-001  6.2289660e-001
  8.7040000e+000  6.3911485e-001  6.2297242e-001
  8.7360000e+000  6.2586062e-001  6.2307219e-001
  8.7680000e+000  6.4794250e-001  6.2317091e-001
  8.8000000e+000  6.3509144e-001  6.2323824e-001
  8.8320000e+000  6.2976737e-001  6.2324701e-001
  8.8640000e+000  6.3516645e-001  6.2318718e-001
  8.8960000e+000  6.3810767e-001  6.2307485e-001
  8.9280000e+000  6.4826532e-001  6.2294542e-001
  8.9600000e+000  6.4661246e-001  6.2283500e-001
  8.9920000e+000  6.4579965e-001  6.2276538e-001
  9.0240000e+000  6.2867961e-001  6.2273980e-001
  9.0560000e+000  6.5753218e-001  6.2274485e-001
  9.0880000e+000  6.3908721e-001  6.2275421e-001
  9.1200000e+000  6.4474420e-001  6.2273610e-001
  9.1520000e+000  6.3841090e-001  6.2266476e-001
  9.1840000e+000  6.2906699e-001  6.2253068e-001
  9.2160000e+000  6.2533027e-001  6.2234470e-001
  9.2480000e+000  6.1728515e-001  6.2213444e-001
  9.2800000e+000  6.4599727e-001  6.2193324e-001
  9.3120000e+000  6.3146490e-001  6.2176533e-001
  9.3440000e+000  6.4314648e-001  6.2163679e-001
  9.3760000e+000  6.1973657e-001  6.2153842e-001
  9.4080000e+000  6.5209454e-001  6.2145434e-001
  9.4400000e+000  6.4039602e-001  6.2136567e-001
  9.4720000e+000  6.2625713e-001  6.2125047e-001
  9.5040000e+000  6.3848059e-001  6.2108909e-001
  9.5360000e+000  6.4572080e-001  6.2087480e-001
  9.5680000e+000  6.2745896e-001  6.2061843e-001
  9.6000000e+000  6.1936483e-001  6.2034237e-001
  9.6320000e+000  6.1271618e-001  6.2007148e-001
  9.6640000e+000  6.2644422e-001  6.1982737e-001
  9.6960000e+000  6.2684978e-001  6.1962355e-001
  9.7280000e+000  6.5784691e-001  6.1946033e-001
  9.7600000e+000  6.3440082e-001  6.1932383e-001
  9.7920000e+000  6.2638024e-001  6.1919044e-001
  9.8240000e+000  6.3637536e-001  6.1903219e-001
  9.8560000e+000  6.3403235e-001  6.1882280e-001
  9.8880000e+000  6.3098649e-001  6.1854871e-001
  9.9200000e+000  6.3252502e-001  6.1822056e-001
  9.9520000e+000  6.2998962e-001  6.1787145e-001
  9.9840000e+000  6.3714489e-001  6.1753968e-001
  1.0016000e+001  6.3171913e-001  6.1725147e-001
  1.0048000e+001  6.3221776e-001  6.1701601e-001
  1.0080000e+001  6.0618605e-001  6.1682750e-001
  1.0112000e+001  6.3298613e-001  6.1666564e-001
  1.0144000e+001  6.3577504e-001  6.1649890e-001
  1.0176000e+001  6.2002593e-001  6.1629643e-001
  1.0208000e+001  6.2136813e-001  6.1604085e-001
  1.0240000e+001  6.3272968e-001  6.1573191e-001
  1.0272000e+001  6.4543658e-001  6.1538330e-001
  1.0304000e+001  6.1779859e-001  6.1501968e-001
  1.0336000e+001  6.2505365e-001  6.1467094e-001
  1.0368000e+001  6.1723305e-001  6.1435975e-001
  1.0400000e+001  6.3149200e-001  6.1409161e-001
  1.0432000e+001  6.0733951e-001  6.1385854e-001
  1.0464000e+001  5.9939653e-001  6.1364946e-001
  1.0496000e+001  6.3042164e-001  6.1345224e-001
  1.0528000e+001  6.2754030e-001  6.1324827e-001
  1.0560000e+001  6.1303977e-001  6.1301442e-001
  1.0592000e+001  6.2298541e-001  6.1273501e-001
  1.0624000e+001  6.2844830e-001  6.1241009e-001
  1.0656000e+001  6.3705595e-001  6.1205298e-001
  1.0688000e+001  6.1426126e-001  6.1168487e-001
  1.0720000e+001  6.0010732e-001  6.1133181e-001
  1.0752000e+001  6.1472639e-001  6.1101850e-001
  1.0784000e+001  5.9384916e-001  6.1075702e-001
  1.0816000e+001  6.2383111e-001  6.1054089e-001
  1.0848000e+001  5.9486838e-001  6.1035109e-001
  1.0880000e+001  5.9206320e-001  6.1016545e-001
  1.0912000e+001  6.0117365e-001  6.0996210e-001
  1.0944000e+001  6.1477337e-001  6.0972123e-001
  1.0976000e+001  6.3333778e-001  6.0943265e-001
  1.1008000e+001  6.1937973e-001  6.0910387e-001
  1.1040000e+001  6.0898282e-001  6.0875748e-001
  1.1072000e+001  6.3481034e-001  6.0841857e-001
  1.1104000e+001  6.1639465e-001  6.0810425e-001
  1.1136000e+001  6.0004489e-001  6.0782243e-001
  1.1168000e+001  5.9811464e-001  6.0757496e-001
  1.1200000e+001  5.9774270e-001  6.0735914e-001
  1.1232000e+001  6.0031183e-001  6.0716751e-001
  1.1264000e+001  5.8800892e-001  6.0698876e-001
  1.1296000e+001  6.0758828e-001  6.0680939e-001
  1.1328000e+001  6.0100586e-001  6.0661444e-001
  1.1360000e+001  6.0947538e-001  6.0638874e-001
  1.1392000e+001  5.8187320e-001  6.0612183e-001
  1.1424000e+001  6.0607109e-001  6.0581572e-001
  1.1456000e+001  6.1227975e-001  6.0548883e-001
  1.1488000e+001  6.0688698e-001  6.0516997e-001
  1.1520000e+001  5.9554174e-001  6.0488560e-001
  1.1552000e+001  6.0449653e-001  6.0465041e-001
  1.1584000e+001  5.9916429e-001  6.0446629e-001
  1.1616000e+001  6.0978925e-001  6.0432482e-001
  1.1648000e+001  6.0602910e-001  6.0420748e-001
  1.1680000e+001  5.7860148e-001  6.0408757e-001
  1.1712000e+001  6.1854313e-001  6.0393905e-001
  1.1744000e+001  6.0251804e-001  6.0374816e-001
  1.1776000e+001  5.9013130e-001  6.0351705e-001
  1.1808000e+001  5.7883400e-001  6.0325808e-001
  1.1840000e+001  5.9950220e-001  6.0298732e-001
  1.1872000e+001  5.7452067e-001  6.0272230e-001
  1.1904000e+001  5.8613661e-001  6.0247975e-001
  1.1936000e+001  6.1595874e-001  6.0227068e-001
  1.1968000e+001  5.8520208e-001  6.0209795e-001
  1.2000000e+001  5.8602085e-001  6.0195979e-001
  1.2032000e+001  5.8847609e-001  6.0185357e-001
  1.2064000e+001  5.9490959e-001  6.0177329e-001
  1.2096000e+001  5.9602528e-001  6.0170378e-001
  1.2128000e+001  5.7316956e-001  6.0162059e-001
  1.2160000e+001  5.8348707e-001  6.0149856e-001
  1.2192000e+001  5.8477829e-001  6.0132385e-001
  1.2224000e+001  5.8784404e-001  6.0110161e-001
  1.2256000e+001  5.8781545e-001  6.0085482e-001
  1.2288000e+001  5.7691803e-001  6.0061534e-001
  1.2320000e+001  5.9529540e-001  6.0041244e-001
  1.2352000e+001  5.9496830e-001  6.0026437e-001
  1.2384000e+001  5.9114764e-001  6.0017413e-001
  1.2416000e+001  5.7860892e-001  6.0012888e-001
  1.2448000e+001  5.7137348e-001  6.0010441e-001
  1.2480000e+001  5.9249052e-001  6.0007586e-001
  1.2512000e+001  5.8966532e-001  6.0002824e-001
  1.2544000e+001  5.8190778e-001  5.9995779e-001
  1.2576000e+001  5.7841860e-001  5.9986509e-001
  1.2608000e+001  5.9427165e-001  5.9975031e-001
  1.2640000e+001  5.7971285e-001  5.9961555e-001
  1.2672000e+001  6.1517664e-001  5.9946782e-001
  1.2704000e+001  5.6996057e-001  5.9931709e-001
  1.2736000e+001  5.9908438e-001  5.9917351e-001
  1.2768000e+001  5.6689901e-001  5.9904911e-001
  1.2800000e+001  5.6978584e-001  5.9895915e-001
  1.2832000e+001  5.8976835e-001  5.9891704e-001
  1.2864000e+001  5.8193116e-001  5.9892522e-001
  1.2896000e+001  5.9225555e-001  5.9897015e-001
  1.2928000e+001  5.8879104e-001  5.9902511e-001
  1.2960000e+001  5.8855449e-001  5.9905860e-001
  1.2992000e+001  5.7375176e-001  5.9904600e-001
  1.3024000e+001  5.6359102e-001  5.9897999e-001
  1.3056000e+001  5.8494214e-001  5.9887306e-001
  1.3088000e+001  5.9907751e-001  5.9875024e-001
  1.3120000e+001  5.6840361e-001  5.9863809e-001
  1.3152000e+001  5.9717118e-001  5.9855672e-001
  1.3184000e+001  5.8492911e-001  5.9851443e-001
  1.3216000e+001  5.8820271e-001  5.9850503e-001
  1.3248000e+001  5.7965644e-001  5.9851303e-001
  1.3280000e+001  5.6097618e-001  5.9852721e-001
  1.3312000e+001  5.7398683e-001  5.9855025e-001
  1.3344000e+001  5.8656817e-001  5.9859306e-001
  1.3376000e+001  5.7696257e-001  5.9865990e-001
  1.3408000e+001  5.8757687e-001  5.9874031e-001
  1.3440000e+001  5.8845145e-001  5.9881304e-001
  1.3472000e+001  6.1010065e-001  5.9885447e-001
  1.3504000e+001  5.9118594e-001  5.9884677e-001
  1.3536000e+001  5.5669893e-001  5.9878710e-001
  1.3568000e+001  5.8240863e-001  5.9869395e-001
  1.3600000e+001  5.8761242e-001  5.9860260e-001
  1.3632000e+001  5.8413025e-001  5.9854984e-001
  1.3664000e+001  5.9793423e-001  5.9855898e-001
  1.3696000e+001  5.8870620e-001  5.9863270e-001
  1.3728000e+001  5.9594873e-001  5.9875335e-001
  1.3760000e+001  5.9679935e-001  5.9888985e-001
  1.3792000e+001  5.9104561e-001  5.9901214e-001
  1.3824000e+001  5.7973019e-001  5.9910614e-001
  1.3856000e+001  6.0426508e-001  5.9917631e-001
  1.3888000e+001  5.8403870e-001  5.9923431e-001
  1.3920000e+001  5.6529204e-001  5.9928713e-001
  1.3952000e+001  5.7378905e-001  5.9933486e-001
  1.3984000e+001  5.7526074e-001  5.9937347e-001
  1.4016000e+001  5.6862323e-001  5.9939590e-001
  1.4048000e+001  5.8508111e-001  5.9939554e-001
  1.4080000e+001  5.8046003e-001  5.9937585e-001
  1.4112000e+001  5.9143630e-001  5.9935787e-001
  1.4144000e+001  5.8758330e-001  5.9937414e-001
  1.4176000e+001  5.5656142e-001  5.9945185e-001
  1.4208000e+001  5.5497808e-001  5.9959872e-001
  1.4240000e+001  6.1568854e-001  5.9979911e-001
  1.4272000e+001  5.8903341e-001  6.0001862e-001
  1.4304000e+001  5.9693631e-001  6.0021513e-001
  1.4336000e+001  5.9735819e-001  6.0035494e-001
  1.4368000e+001  6.0508325e-001  6.0042701e-001
  1.4400000e+001  6.0269265e-001  6.0044556e-001
  1.4432000e+001  5.6642643e-001  6.0043988e-001
  1.4464000e+001  5.6749281e-001  6.0044043e-001
  1.4496000e+001  6.0139422e-001  6.0046869e-001
  1.4528000e+001  5.8799402e-001  6.0053179e-001
  1.4560000e+001  5.8363233e-001  6.0062160e-001
  1.4592000e+001  5.8715334e-001  6.0072133e-001
  1.4624000e+001  5.7943510e-001  6.0081880e-001
  1.4656000e+001  5.7935474e-001  6.0091728e-001
  1.4688000e+001  6.0151217e-001  6.0103389e-001
  1.4720000e+001  5.8053303e-001  6.0118597e-001
  1.4752000e+001  5.9449438e-001  6.0137625e-001
  1.4784000e+001  6.1103845e-001  6.0158778e-001
  1.4816000e+001  6.1091493e-001  6.0179034e-001
  1.4848000e+001  6.2991954e-001  6.0195228e-001
  1.4880000e+001  5.9770934e-001  6.0205215e-001
  1.4912000e+001  6.2314159e-001  6.0208707e-001
  1.4944000e+001  6.0529121e-001  6.0207618e-001
  1.4976000e+001  5.9942348e-001  6.0205550e-001
  1.5008000e+001  5.9454393e-001  6.0206394e-001
  1.5040000e+001  5.7460701e-001  6.0212760e-001
  1.5072000e+001  6.0804149e-001  6.0225181e-001
  1.5104000e+001  6.3590638e-001  6.0242341e-001
  1.5136000e+001  6.3297567e-001  6.0261857e-001
  1.5168000e+001  6.1054436e-001  6.0281222e-001
  1.5200000e+001  6.2228784e-001  6.0298774e-001
  1.5232000e+001  5.8742570e-001  6.0314291e-001
  1.5264000e+001  6.0493476e-001  6.0328651e-001
  1.5296000e+001  6.1131950e-001  6.0342703e-001
  1.5328000e+001  6.1630929e-001  6.0356442e-001
  1.5360000e+001  6.5030054e-001  6.0369179e-001
  1.5392000e+001  6.3541023e-001  6.0380166e-001
  1.5424000e+001  6.1748615e-001  6.0388886e-001
  1.5456000e+001  6.0132628e-001  6.0395076e-001
  1.5488000e+001  6.0010633e-001  6.0399041e-001
  1.5520000e+001  6.1003677e-001  6.0402094e-001
  1.5552000e+001  6.0051844e-001  6.0406438e-001
  1.5584000e+001  5.8977667e-001  6.0414329e-001
  1.5616000e+001  5.9157171e-001  6.0427160e-001
  1.5648000e+001  5.7762706e-001  6.0445003e-001
  1.5680000e+001  5.9829073e-001  6.0466621e-001
  1.5712000e+001  5.9244074e-001  6.0489776e-001
  1.5744000e+001  6.1187289e-001  6.0511824e-001
  1.5776000e+001  5.9509959e-001  6.0530459e-001
  1.5808000e+001  5.9975940e-001  6.0544348e-001
  1.5840000e+001  5.9794861e-001  6.0553463e-001
  1.5872000e+001  6.6880157e-001  6.0559027e-001
  1.5904000e+001  6.1342186e-001  6.0563037e-001
  1.5936000e+001  6.1294250e-001  6.0567504e-001
  1.5968000e+001  6.0456793e-001  6.0573783e-001
  1.6000000e+001  6.0340166e-001  6.0582263e-001
  1.6032000e+001  5.9800551e-001  6.0592375e-001
  1.6064000e+001  5.8747368e-001  6.0602922e-001
  1.6096000e+001  6.2811801e-001  6.0612883e-001
  1.6128000e+001  6.1985756e-001  6.0622369e-001
  1.6160000e+001  6.3040918e-001  6.0632859e-001
  1.6192000e+001  6.3306324e-001  6.0646212e-001
  1.6224000e+001  6.1346452e-001  6.0663320e-001
  1.6256000e+001  6.2391950e-001  6.0683532e-001
  1.6288000e+001  6.4492915e-001  6.0704973e-001
  1.6320000e+001  6.1561688e-001  6.0725049e-001
  1.6352000e+001  6.2210829e-001  6.0740970e-001
  1.6384000e+001  6.0909083e-001  6.0750668e-001
  1.6416000e+001  6.1678918e-001  6.0753889e-001
  1.6448000e+001  6.1845593e-001  6.0752529e-001
  1.6480000e+001  5.9762581e-001  6.0749835e-001
  1.6512000e+001  6.4887674e-001  6.0749137e-001
  1.6544000e+001  6.2940473e-001  6.0752824e-001
  1.6576000e+001  5.8321885e-001  6.0761731e-001
  1.6608000e+001  6.2220562e-001  6.0774985e-001
  1.6640000e+001  6.2233571e-001  6.0790558e-001
  1.6672000e+001  6.1041009e-001  6.0806365e-001
  1.6704000e+001  6.2629688e-001  6.0821153e-001
  1.6736000e+001  6.2718416e-001  6.0834696e-001
  1.6768000e+001  6.0846298e-001  6.0847488e-001
  1.6800000e+001  6.3149020e-001  6.0860230e-001
  1.6832000e+001  6.3407444e-001  6.0873206e-001
  1.6864000e+001  6.3763137e-001  6.0885849e-001
  1.6896000e+001  6.5272009e-001  6.0896973e-001
  1.6928000e+001  6.0543464e-001  6.0905510e-001
  1.6960000e+001  6.3043916e-001  6.0910941e-001
  1.6992000e+001  5.8182876e-001  6.0913180e-001
  1.7024000e+001  5.9261562e-001  6.0912569e-001
  1.7056000e+001  6.3788224e-001  6.0910318e-001
  1.7088000e+001  5.7889955e-001  6.0908635e-001
  1.7120000e+001  6.4283435e-001  6.0909935e-001
  1.7152000e+001  6.0933949e-001  6.0915789e-001
  1.7184000e+001  6.0870890e-001  6.0926598e-001
  1.7216000e+001  6.6575483e-001  6.0941845e-001
  1.7248000e+001  6.2597183e-001  6.0960177e-001
  1.7280000e+001  5.8848897e-001  6.0979377e-001
  1.7312000e+001  6.0828220e-001  6.0996809e-001
  1.7344000e+001  6.1981831e-001  6.1010318e-001
  1.7376000e+001  6.0445106e-001  6.1018871e-001
  1.7408000e+001  6.5664242e-001  6.1022622e-001
  1.7440000e+001  6.8630252e-001  6.1022773e-001
  1.7472000e+001  6.5916341e-001  6.1021297e-001
  1.7504000e+001  5.8630662e-001  6.1020290e-001
  1.7536000e+001  6.6603735e-001  6.1021085e-001
  1.7568000e+001  6.2532331e-001  6.1023805e-001
  1.7600000e+001  6.4638195e-001  6.1027637e-001
  1.7632000e+001  6.1750792e-001  6.1031454e-001
  1.7664000e+001  6.0968605e-001  6.1034440e-001
  1.7696000e+001  6.2437001e-001  6.1036682e-001
  1.7728000e+001  6.5323211e-001  6.1039463e-001
  1.7760000e+001  6.3890414e-001  6.1044753e-001
  1.7792000e+001  6.1452234e-001  6.1053972e-001
  1.7824000e+001  6.0546669e-001  6.1067020e-001
  1.7856000e+001  6.5169625e-001  6.1082318e-001
  1.7888000e+001  6.0667195e-001  6.1097541e-001
  1.7920000e+001  6.1782006e-001  6.1110294e-001
  1.7952000e+001  5.9406145e-001  6.1118552e-001
  1.7984000e+001  6.1260751e-001  6.1121161e-001
  1.8016000e+001  6.2449052e-001  6.1118366e-001
  1.8048000e+001  6.3960273e-001  6.1111860e-001
  1.8080000e+001  6.0066284e-001  6.1104124e-001
  1.8112000e+001  6.4885031e-001  6.1097496e-001
  1.8144000e+001  6.2415643e-001  6.1093561e-001
  1.8176000e+001  5.7363920e-001  6.1093055e-001
  1.8208000e+001  6.6896687e-001  6.1095982e-001
  1.8240000e+001  6.0337387e-001  6.1101730e-001
  1.8272000e+001  6.6225318e-001  6.1109231e-001
  1.8304000e+001  6.7192960e-001  6.1117299e-001
  1.8336000e+001  6.1705606e-001  6.1125008e-001
  1.8368000e+001  6.5551639e-001  6.1131844e-001
  1.8400000e+001  6.2962314e-001  6.1137631e-001
  1.8432000e+001  6.5308801e-001  6.1142459e-001
  1.8464000e+001  6.4403155e-001  6.1146688e-001
  1.8496000e+001  6.6250908e-001  6.1150772e-001
  1.8528000e+001  5.9881592e-001  6.1154859e-001
  1.8560000e+001  6.3651991e-001  6.1158496e-001
  1.8592000e+001  5.7858829e-001  6.1160703e-001
  1.8624000e+001  6.0500964e-001  6.1160274e-001
  1.8656000e+001  6.4788358e-001  6.1156187e-001
  1.8688000e+001  6.5637430e-001  6.1148228e-001
  1.8720000e+001  6.8303535e-001  6.1137664e-001
  1.8752000e+001  6.0826497e-001  6.1127262e-001
  1.8784000e+001  6.3310878e-001  6.1120210e-001
  1.8816000e+001  6.2906038e-001  6.1118643e-001
  1.8848000e+001  6.4141790e-001  6.1122895e-001
  1.8880000e+001  6.0661769e-001  6.1131756e-001
  1.8912000e+001  6.5291770e-001  6.1143055e-001
  1.8944000e+001  5.6316110e-001  6.1154188e-001
  1.8976000e+001  5.6589161e-001  6.1162797e-001
  1.9008000e+001  6.0621598e-001  6.1167601e-001
  1.9040000e+001  6.4875359e-001  6.1168746e-001
  1.9072000e+001  6.5425272e-001  6.1167322e-001
  1.9104000e+001  6.0943882e-001  6.1164508e-001
  1.9136000e+001  6.4920372e-001  6.1161041e-001
  1.9168000e+001  6.2982724e-001  6.1157157e-001
  1.9200000e+001  6.1144846e-001  6.1152765e-001
  1.9232000e+001  6.3372150e-001  6.1147715e-001
  1.9264000e+001  6.3446985e-001  6.1142050e-001
  1.9296000e+001  6.2702977e-001  6.1136093e-001
  1.9328000e+001  6.2190586e-001  6.1130307e-001
  1.9360000e+001  5.4426982e-001  6.1125123e-001
  1.9392000e+001  6.2343189e-001  6.1120885e-001
  1.9424000e+001  6.0431298e-001  6.1117870e-001
  1.9456000e+001  6.1236045e-001  6.1116339e-001
  1.9488000e+001  6.6402782e-001  6.1116656e-001
  1.9520000e+001  5.8781256e-001  6.1119299e-001
  1.9552000e+001  6.4621702e-001  6.1124600e-001
  1.9584000e+001  6.1863141e-001  6.1132272e-001
  1.9616000e+001  6.1918462e-001  6.1141133e-001
  1.9648000e+001  5.3146165e-001  6.1149153e-001
  1.9680000e+001  5.3466844e-001  6.1153771e-001
  1.9712000e+001  6.3799754e-001  6.1152581e-001
  1.9744000e+001  5.9280846e-001  6.1144469e-001
  1.9776000e+001  5.4168133e-001  6.1130583e-001
  1.9808000e+001  5.5952420e-001  6.1114118e-001
  1.9840000e+001  5.6852751e-001  6.1098850e-001
  1.9872000e+001  5.8926684e-001  6.1087541e-001
  1.9904000e+001  5.6920399e-001  6.1081255e-001
  1.9936000e+001  5.7338825e-001  6.1079447e-001
  1.9968000e+001  5.2532961e-001  6.1080327e-001
  2.0000000e+001  6.0846457e-001  6.1081573e-001
  2.0032000e+001  5.9715462e-001  6.1081481e-001
  2.0064000e+001  5.8620492e-001  6.1079880e-001
  2.0096000e+001  6.5243023e-001  6.1077974e-001
  2.0128000e+001  6.1679595e-001  6.1077290e-001
  2.0160000e+001  5.8633485e-001  6.1078678e-001
  2.0192000e+001  6.7043307e-001  6.1081892e-001
  2.0224000e+001  5.5824298e-001  6.1085698e-001
  2.0256000e+001  6.3536008e-001  6.1088358e-001
  2.0288000e+001  6.5466714e-001  6.1088432e-001
  2.0320000e+001  5.8854177e-001  6.1085416e-001
  2.0352000e+001  6.2083299e-001  6.1079691e-001
  2.0384000e+001  6.5690507e-001  6.1071920e-001
  2.0416000e+001  6.3656103e-001  6.1062564e-001
  2.0448000e+001  5.6660746e-001  6.1051814e-001
  2.0480000e+001  6.2656456e-001  6.1039789e-001
  2.0512000e+001  5.4514114e-001  6.1026841e-001
  2.0544000e+001  4.9678352e-001  6.1013982e-001
  2.0576000e+001  6.4140172e-001  6.1003047e-001
  2.0608000e+001  5.8094719e-001  6.0996162e-001
  2.0640000e+001  5.6256335e-001  6.0994758e-001
  2.0672000e+001  5.7753823e-001  6.0998891e-001
  2.0704000e+001  6.2735121e-001  6.1007155e-001
  2.0736000e+001  5.6551516e-001  6.1016901e-001
  2.0768000e+001  5.6610510e-001  6.1024754e-001
  2.0800000e+001  6.2401856e-001  6.1027743e-001
  2.0832000e+001  5.9486040e-001  6.1024727e-001
  2.0864000e+001  5.5781192e-001  6.1016968e-001
  2.0896000e+001  6.5137057e-001  6.1007216e-001
  2.0928000e+001  6.2756768e-001  6.0998104e-001
  2.0960000e+001  5.2067021e-001  6.0991047e-001
  2.0992000e+001  5.8599255e-001  6.0985999e-001
  2.1024000e+001  6.3858811e-001  6.0981706e-001
  2.1056000e+001  5.3196150e-001  6.0976313e-001
  2.1088000e+001  6.4146068e-001  6.0968332e-001
  2.1120000e+001  6.0288342e-001  6.0957576e-001
  2.1152000e+001  6.1055830e-001  6.0945374e-001
  2.1184000e+001  6.4453016e-001  6.0933890e-001
  2.1216000e+001  5.9042217e-001  6.0925093e-001
  2.1248000e+001  5.3173489e-001  6.0919985e-001
  2.1280000e+001  6.7714581e-001  6.0918356e-001
  2.1312000e+001  5.1010515e-001  6.0919080e-001
  2.1344000e+001  5.7029230e-001  6.0920832e-001
  2.1376000e+001  6.3016943e-001  6.0922814e-001
  2.1408000e+001  5.8953379e-001  6.0925005e-001
  2.1440000e+001  6.1885118e-001  6.0927738e-001
  2.1472000e+001  6.5705962e-001  6.0930972e-001
  2.1504000e+001  6.4672144e-001  6.0933756e-001
  2.1536000e+001  5.5850385e-001  6.0934277e-001
  2.1568000e+001  6.0374706e-001  6.0930510e-001
  2.1600000e+001  5.6184011e-001  6.0921212e-001
  2.1632000e+001  6.5585875e-001  6.0906766e-001
  2.1664000e+001  5.1574972e-001  6.0889351e-001
  2.1696000e+001  5.7480564e-001  6.0872231e-001
  2.1728000e+001  6.3075513e-001  6.0858480e-001
  2.1760000e+001  6.3037213e-001  6.0849833e-001
  2.1792000e+001  6.0585386e-001  6.0846243e-001
  2.1824000e+001  6.2561128e-001  6.0846183e-001
  2.1856000e+001  5.9264768e-001  6.0847333e-001
  2.1888000e+001  6.7628877e-001  6.0847374e-001
  2.1920000e+001  5.9770549e-001  6.0844855e-001
  2.1952000e+001  6.1587122e-001  6.0839907e-001
  2.1984000e+001  5.4666111e-001  6.0834210e-001
  2.2016000e+001  6.0719333e-001  6.0829978e-001
  2.2048000e+001  5.8361832e-001  6.0828652e-001
  2.2080000e+001  6.0050728e-001  6.0830284e-001
  2.2112000e+001  5.6886300e-001  6.0833816e-001
  2.2144000e+001  6.2960570e-001  6.0837607e-001
  2.2176000e+001  5.6142539e-001  6.0839829e-001
  2.2208000e+001  6.1665167e-001  6.0838909e-001
  2.2240000e+001  5.9844266e-001  6.0834078e-001
  2.2272000e+001  6.0448511e-001  6.0825592e-001
  2.2304000e+001  5.7551383e-001  6.0814382e-001
  2.2336000e+001  5.6727105e-001  6.0801555e-001
  2.2368000e+001  6.3481271e-001  6.0788201e-001
  2.2400000e+001  5.4883190e-001  6.0775356e-001
  2.2432000e+001  5.9187717e-001  6.0763859e-001
  2.2464000e+001  5.5936423e-001  6.0754247e-001
  2.2496000e+001  5.9568914e-001  6.0746912e-001
  2.2528000e+001  6.6308041e-001  6.0742310e-001
  2.2560000e+001  6.6514588e-001  6.0740862e-001
  2.2592000e+001  5.1046969e-001  6.0742634e-001
  2.2624000e+001  6.6871917e-001  6.0747136e-001
  2.2656000e+001  6.5320219e-001  6.0753298e-001
  2.2688000e+001  6.2601853e-001  6.0759508e-001
  2.2720000e+001  6.2318207e-001  6.0763851e-001
  2.2752000e+001  5.8271744e-001  6.0764718e-001
  2.2784000e+001  6.2368738e-001  6.0761525e-001
  2.2816000e+001  5.7409580e-001  6.0754961e-001
  2.2848000e+001  6.3896871e-001  6.0746617e-001
  2.2880000e+001  7.1920000e-001  6.0738292e-001
  2.2912000e+001  6.6880788e-001  6.0731372e-001
  2.2944000e+001  6.0482289e-001  6.0726388e-001
  2.2976000e+001  5.7414480e-001  6.0722848e-001
  2.3008000e+001  6.2325266e-001  6.0719410e-001
  2.3040000e+001  5.7823101e-001  6.0714351e-001
  2.3072000e+001  6.0736948e-001  6.0706279e-001
  2.3104000e+001  5.9935870e-001  6.0694931e-001
  2.3136000e+001  6.7031601e-001  6.0681661e-001
  2.3168000e+001  6.1321069e-001  6.0669094e-001
  2.3200000e+001  5.8793476e-001  6.0659958e-001
  2.3232000e+001  6.2258274e-001  6.0655908e-001
  2.3264000e+001  5.9499031e-001  6.0657130e-001
  2.3296000e+001  5.2426544e-001  6.0662590e-001
  2.3328000e+001  6.4209964e-001  6.0670409e-001
  2.3360000e+001  6.2443694e-001  6.0678342e-001
  2.3392000e+001  5.9563218e-001  6.0684533e-001
  2.3424000e+001  5.6083682e-001  6.0688177e-001
  2.3456000e+001  6.2035353e-001  6.0689449e-001
  2.3488000e+001  6.2820140e-001  6.0688761e-001
  2.3520000e+001  6.4012434e-001  6.0686206e-001
  2.3552000e+001  6.5706222e-001  6.0681572e-001
  2.3584000e+001  6.1772730e-001  6.0674582e-001
  2.3616000e+001  7.0758049e-001  6.0665052e-001
  2.3648000e+001  7.1720451e-001  6.0653186e-001
  2.3680000e+001  4.9889820e-001  6.0639980e-001
  2.3712000e+001  6.2099788e-001  6.0627239e-001
  2.3744000e+001  6.9378059e-001  6.0616933e-001
  2.3776000e+001  6.2833466e-001  6.0610398e-001
  2.3808000e+001  5.9460555e-001  6.0607952e-001
  2.3840000e+001  6.6628649e-001  6.0608874e-001
  2.3872000e+001  5.1598593e-001  6.0611551e-001
  2.3904000e+001  5.5851150e-001  6.0613944e-001
  2.3936000e+001  5.8182971e-001  6.0614462e-001
  2.3968000e+001  6.3653131e-001  6.0612743e-001
  2.4000000e+001  5.4219506e-001  6.0609753e-001
  2.4032000e+001  6.4509460e-001  6.0607164e-001
  2.4064000e+001  5.3475869e-001  6.0606560e-001
  2.4096000e+001  6.7006492e-001  6.0608792e-001
  2.4128000e+001  6.3212257e-001  6.0613638e-001
  2.4160000e+001  6.3795290e-001  6.0619878e-001
  2.4192000e+001  6.0434319e-001  6.0625734e-001
  2.4224000e+001  5.9432724e-001  6.0629366e-001
  2.4256000e+001  5.3374526e-001  6.0629188e-001
  2.4288000e+001  6.9422687e-001  6.0624186e-001
  2.4320000e+001  5.9779565e-001  6.0614385e-001
  2.4352000e+001  5.9510172e-001  6.0601089e-001
  2.4384000e+001  6.1217672e-001  6.0586453e-001
  2.4416000e+001  6.7195385e-001  6.0572674e-001
  2.4448000e+001  6.2257821e-001  6.0561449e-001
  2.4480000e+001  6.9089352e-001  6.0553858e-001
  2.4512000e+001  6.7070194e-001  6.0550287e-001
  2.4544000e+001  5.1991847e-001  6.0550267e-001
  2.4576000e+001  5.5551626e-001  6.0552622e-001
  2.4608000e+001  5.6515118e-001  6.0556076e-001
  2.4640000e+001  6.2965712e-001  6.0559850e-001
  2.4672000e+001  6.3847798e-001  6.0563758e-001
  2.4704000e+001  6.7315664e-001  6.0567888e-001
  2.4736000e+001  4.9914449e-001  6.0572260e-001
  2.4768000e+001  7.0622686e-001  6.0576656e-001
  2.4800000e+001  6.1646408e-001  6.0580517e-001
  2.4832000e+001  6.3498620e-001  6.0582957e-001
  2.4864000e+001  7.9731621e-001  6.0583033e-001
  2.4896000e+001  5.9355447e-001  6.0580263e-001
  2.4928000e+001  6.4454611e-001  6.0575033e-001
  2.4960000e+001  4.7814074e-001  6.0568568e-001
  2.4992000e+001  6.8236060e-001  6.0562437e-001
