  -6.2633833e+01  -3.0590442e-04  -2.5651037e-04
  -6.2566952e+01   9.9976235e-05  -4.3221967e-07
  -6.2500072e+01   5.7733620e-04   2.5651036e-04
  -6.2433191e+01   3.4962358e-04   1.2966687e-06
  -6.2366310e+01   7.6575887e-05  -2.5651032e-04
  -6.2299429e+01   5.4722885e-04  -2.1611470e-06
  -6.2232549e+01   1.3604896e-03   2.5651026e-04
  -6.2165668e+01   2.0505800e-03   3.0256740e-06
  -6.2098787e+01   2.8711766e-03  -2.5651018e-04
  -6.2031906e+01   3.4425741e-03  -3.8902692e-06
  -6.1965026e+01   2.5759299e-03   2.5651008e-04
  -6.1898145e+01   5.2844504e-04   4.7549520e-06
  -6.1831264e+01  -6.9005925e-04  -2.5650995e-04
  -6.1764384e+01  -3.6859712e-04  -5.6197420e-06
  -6.1697503e+01  -1.6174760e-04   2.5650980e-04
  -6.1630622e+01  -1.0125813e-03   6.4846588e-06
  -6.1563741e+01  -1.6096906e-03  -2.5650962e-04
  -6.1496861e+01  -1.2178722e-03  -7.3497217e-06
  -6.1429980e+01  -1.2411357e-03   2.5650943e-04
  -6.1363099e+01  -2.3126038e-03   8.2149504e-06
  -6.1296219e+01  -2.5905174e-03  -2.5650921e-04
  -6.1229338e+01  -8.6442285e-04  -9.0803644e-06
  -6.1162457e+01   1.1877680e-03   2.5650896e-04
  -6.1095576e+01   1.7664580e-03   9.9459831e-06
  -6.1028696e+01   1.5847567e-03  -2.5650869e-04
  -6.0961815e+01   1.9178719e-03  -1.0811826e-05
  -6.0894934e+01   2.2533279e-03   2.5650840e-04
  -6.0828053e+01   1.4051045e-03   1.1677914e-05
  -6.0761173e+01  -1.1555501e-03  -2.5650809e-04
  -6.0694292e+01  -5.7117297e-03  -1.2544265e-05
  -6.0627411e+01  -1.0985807e-02   2.5650775e-04
  -6.0560531e+01  -1.2169609e-02   1.3410899e-05
  -6.0493650e+01  -5.0456007e-03  -2.5650739e-04
  -6.0426769e+01   6.4455540e-03  -1.4277837e-05
  -6.0359888e+01   1.2149074e-02   2.5650700e-04
  -6.0293008e+01   8.0572731e-03   1.5145097e-05
  -6.0226127e+01   1.5185823e-03  -2.5650659e-04
  -6.0159246e+01   4.0671888e-04  -1.6012699e-05
  -6.0092365e+01   2.4073220e-03   2.5650616e-04
  -6.0025485e+01   3.4401255e-04   1.6880664e-05
  -5.9958604e+01  -6.1644255e-03  -2.5650571e-04
  -5.9891723e+01  -1.0704537e-02  -1.7749011e-05
  -5.9824843e+01  -9.2658718e-03   2.5650523e-04
  -5.9757962e+01  -3.7256904e-03   1.8617759e-05
  -5.9691081e+01   2.1612459e-03  -2.5650472e-04
  -5.9624200e+01   5.1918014e-03  -1.9486929e-05
  -5.9557320e+01   2.7837565e-03   2.5650420e-04
  -5.9490439e+01  -4.3177221e-03   2.0356541e-05
  -5.9423558e+01  -1.0538114e-02  -2.5650365e-04
  -5.9356678e+01  -1.1203427e-02  -2.1226615e-05
  -5.9289797e+01  -8.5717351e-03   2.5650307e-04
  -5.9222916e+01  -8.0057194e-03   2.2097170e-05
  -5.9156035e+01  -1.0018066e-02  -2.5650247e-04
  -5.9089155e+01  -1.1001703e-02  -2.2968226e-05
  -5.9022274e+01  -1.0125780e-02   2.5650185e-04
  -5.8955393e+01  -9.8530312e-03   2.3839805e-05
  -5.8888512e+01  -1.0460858e-02  -2.5650121e-04
  -5.8821632e+01  -9.7036580e-03  -2.4711925e-05
  -5.8754751e+01  -7.6619981e-03   2.5650054e-04
  -5.8687870e+01  -6.4040782e-03   2.5584607e-05
  -5.8620990e+01  -4.7587053e-03  -2.5649984e-04
  -5.8554109e+01   8.0240896e-04  -2.6457871e-05
  -5.8487228e+01   9.1212074e-03   2.5649912e-04
  -5.8420347e+01   1.3738514e-02   2.7331737e-05
  -5.8353467e+01   1.1313532e-02  -2.5649838e-04
  -5.8286586e+01   6.2290157e-03  -2.8206227e-05
  -5.8219705e+01   4.7153353e-03   2.5649761e-04
  -5.8152825e+01   7.9905214e-03   2.9081360e-05
  -5.8085944e+01   1.2877986e-02  -2.5649682e-04
  -5.8019063e+01   1.5556864e-02  -2.9957156e-05
  -5.7952182e+01   1.2859946e-02   2.5649600e-04
  -5.7885302e+01   3.6555917e-03   3.0833636e-05
  -5.7818421e+01  -8.1047037e-03  -2.5649516e-04
  -5.7751540e+01  -1.4284430e-02  -3.1710822e-05
  -5.7684659e+01  -9.8717239e-03   2.5649430e-04
  -5.7617779e+01   9.8753941e-04   3.2588732e-05
  -5.7550898e+01   7.8481299e-03  -2.5649341e-04
  -5.7484017e+01   2.9662519e-03  -3.3467389e-05
  -5.7417137e+01  -1.2047839e-02   2.5649249e-04
  -5.7350256e+01  -2.7062457e-02   3.4346812e-05
  -5.7283375e+01  -3.1210996e-02  -2.5649155e-04
  -5.7216494e+01  -2.1939580e-02  -3.5227023e-05
  -5.7149614e+01  -6.7227978e-03   2.5649059e-04
  -5.7082733e+01   5.1915749e-03   3.6108043e-05
  -5.7015852e+01   1.1582936e-02  -2.5648960e-04
  -5.6948972e+01   1.5909221e-02  -3.6989893e-05
  -5.6882091e+01   1.9346808e-02   2.5648858e-04
  -5.6815210e+01   1.8861031e-02   3.7872593e-05
  -5.6748329e+01   1.3562243e-02  -2.5648754e-04
  -5.6681449e+01   8.4508887e-03  -3.8756165e-05
  -5.6614568e+01   9.0981610e-03   2.5648648e-04
  -5.6547687e+01   1.4287700e-02   3.9640630e-05
  -5.6480806e+01   1.5973079e-02  -2.5648539e-04
  -5.6413926e+01   7.0055032e-03  -4.0526009e-05
  -5.6347045e+01  -1.0242617e-02   2.5648427e-04
  -5.6280164e+01  -2.2852283e-02   4.1412325e-05
  -5.6213284e+01  -1.8206401e-02  -2.5648313e-04
  -5.6146403e+01   1.4085612e-03  -4.2299597e-05
  -5.6079522e+01   1.8264475e-02   2.5648196e-04
  -5.6012641e+01   1.7661266e-02   4.3187849e-05
  -5.5945761e+01   4.1495845e-03  -2.5648077e-04
  -5.5878880e+01  -6.1253197e-03  -4.4077100e-05
  -5.5811999e+01  -5.8212320e-03   2.5647955e-04
  -5.5745118e+01  -3.9751947e-04   4.4967375e-05
  -5.5678238e+01   6.5818829e-03  -2.5647830e-04
  -5.5611357e+01   1.9845974e-02  -4.5858693e-05
  -5.5544476e+01   3.9945810e-02   2.5647703e-04
  -5.5477596e+01   5.5098121e-02   4.6751077e-05
  -5.5410715e+01   5.3692936e-02  -2.5647573e-04
  -5.5343834e+01   3.8563231e-02  -4.7644550e-05
  -5.5276953e+01   2.1162571e-02   2.5647441e-04
  -5.5210073e+01   6.8404368e-03   4.8539133e-05
  -5.5143192e+01  -5.9418329e-03  -2.5647306e-04
  -5.5076311e+01  -1.6119656e-02  -4.9434848e-05
  -5.5009431e+01  -1.9378188e-02   2.5647168e-04
  -5.4942550e+01  -1.5650521e-02   5.0331719e-05
  -5.4875669e+01  -9.1346082e-03  -2.5647028e-04
  -5.4808788e+01  -1.4133498e-03  -5.1229767e-05
  -5.4741908e+01   8.3351720e-03   2.5646884e-04
  -5.4675027e+01   1.7358870e-02   5.2129015e-05
  -5.4608146e+01   2.1470755e-02  -2.5646738e-04
  -5.4541265e+01   2.2794521e-02  -5.3029485e-05
  -5.4474385e+01   2.6893801e-02   2.5646590e-04
  -5.4407504e+01   3.1379276e-02   5.3931202e-05
  -5.4340623e+01   2.6254991e-02  -2.5646439e-04
  -5.4273743e+01   8.2638399e-03  -5.4834186e-05
  -5.4206862e+01  -1.3040782e-02   2.5646284e-04
  -5.4139981e+01  -2.6797859e-02   5.5738463e-05
  -5.4073100e+01  -3.0933230e-02  -2.5646128e-04
  -5.4006220e+01  -2.7321971e-02  -5.6644054e-05
  -5.3939339e+01  -1.5408337e-02   2.5645968e-04
  -5.3872458e+01   3.0698165e-03   5.7550984e-05
  -5.3805578e+01   1.9706242e-02  -2.5645806e-04
  -5.3738697e+01   2.7376574e-02  -5.8459274e-05
  -5.3671816e+01   2.8512844e-02   2.5645640e-04
  -5.3604935e+01   2.8907376e-02   5.9368950e-05
  -5.3538055e+01   2.6973625e-02  -2.5645472e-04
  -5.3471174e+01   1.6411502e-02  -6.0280035e-05
  -5.3404293e+01  -1.9677684e-03   2.5645301e-04
  -5.3337412e+01  -1.7137082e-02   6.1192553e-05
  -5.3270532e+01  -1.7088093e-02  -2.5645128e-04
  -5.3203651e+01   4.1097751e-04  -6.2106527e-05
  -5.3136770e+01   2.3570276e-02   2.5644951e-04
  -5.3069890e+01   3.2592631e-02   6.3021982e-05
  -5.3003009e+01   1.7094838e-02  -2.5644771e-04
  -5.2936128e+01  -8.8414118e-03  -6.3938943e-05
  -5.2869247e+01  -1.7393757e-02   2.5644589e-04
  -5.2802367e+01   6.7244486e-04   6.4857432e-05
  -5.2735486e+01   2.2653130e-02  -2.5644404e-04
  -5.2668605e+01   2.1671215e-02  -6.5777476e-05
  -5.2601725e+01  -4.2348118e-04   2.5644215e-04
  -5.2534844e+01  -1.9517108e-02   6.6699099e-05
  -5.2467963e+01  -2.1127968e-02  -2.5644024e-04
  -5.2401082e+01  -1.0845707e-02  -6.7622326e-05
  -5.2334202e+01   1.9709695e-03   2.5643830e-04
  -5.2267321e+01   1.2646827e-02   6.8547181e-05
  -5.2200440e+01   1.3692778e-02  -2.5643632e-04
  -5.2133559e+01  -2.2528860e-03  -6.9473691e-05
  -5.2066679e+01  -2.7126491e-02   2.5643432e-04
  -5.1999798e+01  -4.0899734e-02   7.0401879e-05
  -5.1932917e+01  -3.6529043e-02  -2.5643228e-04
  -5.1866037e+01  -2.7395981e-02  -7.1331773e-05
  -5.1799156e+01  -2.3842463e-02   2.5643022e-04
  -5.1732275e+01  -1.7779968e-02   7.2263397e-05
  -5.1665394e+01  -1.4916053e-04  -2.5642812e-04
  -5.1598514e+01   2.0417599e-02  -7.3196778e-05
  -5.1531633e+01   2.8696999e-02   2.5642600e-04
  -5.1464752e+01   2.2022758e-02   7.4131942e-05
  -5.1397871e+01   7.0747344e-03  -2.5642384e-04
  -5.1330991e+01  -1.1395867e-02  -7.5068914e-05
  -5.1264110e+01  -2.5657084e-02   2.5642165e-04
  -5.1197229e+01  -2.0180960e-02   7.6007721e-05
  -5.1130349e+01   1.0253478e-02  -2.5641943e-04
  -5.1063468e+01   4.3600036e-02  -7.6948391e-05
  -5.0996587e+01   5.0260156e-02   2.5641718e-04
  -5.0929706e+01   2.9068578e-02   7.7890949e-05
  -5.0862826e+01   7.9631606e-03  -2.5641489e-04
  -5.0795945e+01   7.8779393e-03  -7.8835423e-05
  -5.0729064e+01   2.0557622e-02   2.5641257e-04
  -5.0662184e+01   2.5667600e-02   7.9781839e-05
  -5.0595303e+01   1.7232009e-02  -2.5641022e-04
  -5.0528422e+01   6.6001069e-03  -8.0730226e-05
  -5.0461541e+01   6.5261960e-03   2.5640784e-04
  -5.0394661e+01   1.7406553e-02   8.1680611e-05
  -5.0327780e+01   2.6010078e-02  -2.5640542e-04
  -5.0260899e+01   1.7595961e-02  -8.2633021e-05
  -5.0194018e+01  -6.4567400e-03   2.5640297e-04
  -5.0127138e+01  -2.5632341e-02   8.3587486e-05
  -5.0060257e+01  -2.2048454e-02  -2.5640049e-04
  -4.9993376e+01  -2.8284755e-03  -8.4544032e-05
  -4.9926496e+01   8.6186331e-03   2.5639797e-04
  -4.9859615e+01   2.3054172e-03   8.5502688e-05
  -4.9792734e+01  -9.0960527e-03  -2.5639542e-04
  -4.9725853e+01  -1.2863805e-02  -8.6463483e-05
  -4.9658973e+01  -1.5702018e-02   2.5639283e-04
  -4.9592092e+01  -3.2229315e-02   8.7426447e-05
  -4.9525211e+01  -6.0144679e-02  -2.5639021e-04
  -4.9458331e+01  -7.6063626e-02  -8.8391607e-05
  -4.9391450e+01  -5.7642585e-02   2.5638756e-04
  -4.9324569e+01  -7.7202882e-03   8.9358994e-05
  -4.9257688e+01   4.4590216e-02  -2.5638487e-04
  -4.9190808e+01   6.8765383e-02  -9.0328636e-05
  -4.9123927e+01   6.0427207e-02   2.5638214e-04
  -4.9057046e+01   4.1679712e-02   9.1300565e-05
  -4.8990165e+01   3.2703594e-02  -2.5637938e-04
  -4.8923285e+01   2.9602591e-02  -9.2274809e-05
  -4.8856404e+01   1.6401271e-02   2.5637658e-04
  -4.8789523e+01  -8.3947674e-03   9.3251400e-05
  -4.8722643e+01  -2.9596565e-02  -2.5637374e-04
  -4.8655762e+01  -3.7241082e-02  -9.4230367e-05
  -4.8588881e+01  -3.6321380e-02   2.5637087e-04
  -4.8522000e+01  -3.1402339e-02   9.5211742e-05
  -4.8455120e+01  -1.5386601e-02  -2.5636796e-04
  -4.8388239e+01   1.6303360e-02  -9.6195555e-05
  -4.8321358e+01   4.8388421e-02   2.5636501e-04
  -4.8254478e+01   5.6053587e-02   9.7181839e-05
  -4.8187597e+01   3.3834190e-02  -2.5636203e-04
  -4.8120716e+01   5.1244664e-03  -9.8170624e-05
  -4.8053835e+01  -2.3727308e-03   2.5635901e-04
  -4.7986955e+01   1.3760489e-02   9.9161942e-05
  -4.7920074e+01   3.1839259e-02  -2.5635595e-04
  -4.7853193e+01   3.4434060e-02  -1.0015583e-04
  -4.7786312e+01   2.5552749e-02   2.5635285e-04
  -4.7719432e+01   1.6256897e-02   1.0115231e-04
  -4.7652551e+01   5.4580907e-03  -2.5634971e-04
  -4.7585670e+01  -1.1829963e-02  -1.0215142e-04
  -4.7518790e+01  -2.4231084e-02   2.5634653e-04
  -4.7451909e+01  -1.1336161e-02   1.0315320e-04
  -4.7385028e+01   2.6334989e-02  -2.5634331e-04
  -4.7318147e+01   6.1587593e-02  -1.0415768e-04
  -4.7251267e+01   7.0604858e-02   2.5634005e-04
  -4.7184386e+01   5.4244780e-02   1.0516488e-04
  -4.7117505e+01   2.4865238e-02  -2.5633676e-04
  -4.7050624e+01  -8.7390705e-03  -1.0617485e-04
  -4.6983744e+01  -3.3379623e-02   2.5633342e-04
  -4.6916863e+01  -2.9998379e-02   1.0718762e-04
  -4.6849982e+01   8.6467875e-04  -2.5633004e-04
  -4.6783102e+01   2.7572803e-02  -1.0820322e-04
  -4.6716221e+01   2.2153967e-02   2.5632661e-04
  -4.6649340e+01  -5.0830355e-03   1.0922170e-04
  -4.6582459e+01  -2.5257241e-02  -2.5632315e-04
  -4.6515579e+01  -3.0888743e-02  -1.1024307e-04
  -4.6448698e+01  -3.0517076e-02   2.5631964e-04
  -4.6381817e+01  -1.6627264e-02   1.1126739e-04
  -4.6314937e+01   2.5072977e-02  -2.5631609e-04
  -4.6248056e+01   7.5246071e-02  -1.1229468e-04
  -4.6181175e+01   8.6511915e-02   2.5631250e-04
  -4.6114294e+01   4.2048867e-02   1.1332498e-04
  -4.6047414e+01  -1.7361012e-02  -2.5630886e-04
  -4.5980533e+01  -3.9296047e-02  -1.1435833e-04
  -4.5913652e+01  -1.4381495e-02   2.5630518e-04
  -4.5846771e+01   2.5971967e-02   1.1539476e-04
  -4.5779891e+01   4.8492693e-02  -2.5630146e-04
  -4.5713010e+01   4.1770090e-02  -1.1643432e-04
  -4.5646129e+01   1.5569906e-02   2.5629769e-04
  -4.5579249e+01  -9.2327038e-03   1.1747704e-04
  -4.5512368e+01  -1.7023281e-02  -2.5629388e-04
  -4.5445487e+01  -1.1657492e-02  -1.1852295e-04
  -4.5378606e+01  -8.7906720e-03   2.5629001e-04
  -4.5311726e+01  -1.3701109e-02   1.1957210e-04
  -4.5244845e+01  -1.8199372e-02  -2.5628611e-04
  -4.5177964e+01  -1.9237465e-02  -1.2062453e-04
  -4.5111084e+01  -2.4137539e-02   2.5628215e-04
  -4.5044203e+01  -3.4039329e-02   1.2168027e-04
  -4.4977322e+01  -3.8632433e-02  -2.5627815e-04
  -4.4910441e+01  -3.2221083e-02  -1.2273936e-04
  -4.4843561e+01  -1.9855744e-02   2.5627410e-04
  -4.4776680e+01  -4.4026497e-03   1.2380185e-04
  -4.4709799e+01   1.5083914e-02  -2.5627001e-04
  -4.4642918e+01   2.9304599e-02  -1.2486778e-04
  -4.4576038e+01   2.4525056e-02   2.5626586e-04
  -4.4509157e+01   8.9082679e-03   1.2593717e-04
  -4.4442276e+01   1.0163808e-02  -2.5626166e-04
  -4.4375396e+01   3.5931042e-02  -1.2701009e-04
  -4.4308515e+01   5.8096252e-02   2.5625742e-04
  -4.4241634e+01   5.0893494e-02   1.2808656e-04
  -4.4174753e+01   2.5717114e-02  -2.5625313e-04
  -4.4107873e+01   1.2111662e-02  -1.2916663e-04
  -4.4040992e+01   1.9798220e-02   2.5624878e-04
  -4.3974111e+01   3.4527355e-02   1.3025035e-04
  -4.3907231e+01   3.7464443e-02  -2.5624438e-04
  -4.3840350e+01   1.6014553e-02  -1.3133775e-04
  -4.3773469e+01  -2.8185467e-02   2.5623993e-04
  -4.3706588e+01  -6.8505127e-02   1.3242888e-04
  -4.3639708e+01  -6.9133628e-02  -2.5623543e-04
  -4.3572827e+01  -2.8649551e-02  -1.3352379e-04
  -4.3505946e+01   1.0159771e-02   2.5623088e-04
  -4.3439065e+01   1.3012158e-02   1.3462251e-04
  -4.3372185e+01  -2.1504975e-03  -2.5622627e-04
  -4.3305304e+01   1.8630175e-03  -1.3572509e-04
  -4.3238423e+01   2.2247944e-02   2.5622161e-04
  -4.3171543e+01   2.2176543e-02   1.3683158e-04
  -4.3104662e+01  -1.0902117e-02  -2.5621689e-04
  -4.3037781e+01  -4.5260902e-02  -1.3794203e-04
  -4.2970900e+01  -4.7302794e-02   2.5621212e-04
  -4.2904020e+01  -2.0104365e-02   1.3905647e-04
  -4.2837139e+01   7.5395029e-03  -2.5620729e-04
  -4.2770258e+01   1.3887569e-02  -1.4017496e-04
  -4.2703377e+01  -1.2810225e-03   2.5620241e-04
  -4.2636497e+01  -2.4529019e-02   1.4129755e-04
  -4.2569616e+01  -4.4222825e-02  -2.5619746e-04
  -4.2502735e+01  -5.8988080e-02  -1.4242428e-04
  -4.2435855e+01  -6.8758764e-02   2.5619247e-04
  -4.2368974e+01  -6.0746965e-02   1.4355520e-04
  -4.2302093e+01  -2.0781923e-02  -2.5618741e-04
  -4.2235212e+01   3.5160728e-02  -1.4469036e-04
  -4.2168332e+01   6.1787253e-02   2.5618229e-04
  -4.2101451e+01   3.4771565e-02   1.4582981e-04
  -4.2034570e+01  -1.4650708e-02  -2.5617711e-04
  -4.1967690e+01  -3.5548806e-02  -1.4697360e-04
  -4.1900809e+01  -1.6137856e-02   2.5617187e-04
  -4.1833928e+01   1.3666195e-02   1.4812177e-04
  -4.1767047e+01   2.6512185e-02  -2.5616658e-04
  -4.1700167e+01   1.9331622e-02  -1.4927440e-04
  -4.1633286e+01  -1.4565378e-03   2.5616121e-04
  -4.1566405e+01  -2.8621008e-02   1.5043151e-04
  -4.1499524e+01  -4.7797218e-02  -2.5615579e-04
  -4.1432644e+01  -4.5391073e-02  -1.5159317e-04
  -4.1365763e+01  -2.5407445e-02   2.5615030e-04
  -4.1298882e+01  -2.1864914e-03   1.5275943e-04
  -4.1232002e+01   2.0156194e-02  -2.5614475e-04
  -4.1165121e+01   4.2211025e-02  -1.5393035e-04
  -4.1098240e+01   4.9482149e-02   2.5613914e-04
  -4.1031359e+01   2.4760410e-02   1.5510597e-04
  -4.0964479e+01  -1.8331800e-02  -2.5613345e-04
  -4.0897598e+01  -3.9966466e-02  -1.5628635e-04
  -4.0830717e+01  -1.9680907e-02   2.5612770e-04
  -4.0763837e+01   2.2354188e-02   1.5747156e-04
  -4.0696956e+01   5.5213513e-02  -2.5612189e-04
  -4.0630075e+01   6.8548973e-02  -1.5866163e-04
  -4.0563194e+01   6.7190869e-02   2.5611600e-04
  -4.0496314e+01   5.4804156e-02   1.5985664e-04
  -4.0429433e+01   3.5582963e-02  -2.5611005e-04
  -4.0362552e+01   1.8990402e-02  -1.6105664e-04
  -4.0295671e+01   1.1122359e-02   2.5610403e-04
  -4.0228791e+01   8.6680605e-03   1.6226169e-04
  -4.0161910e+01   7.0784694e-03  -2.5609793e-04
  -4.0095029e+01   6.2241187e-03  -1.6347185e-04
  -4.0028149e+01   4.1784418e-03   2.5609177e-04
  -3.9961268e+01  -4.5863206e-03   1.6468717e-04
  -3.9894387e+01  -1.9599115e-02  -2.5608553e-04
  -3.9827506e+01  -3.0528550e-02  -1.6590773e-04
  -3.9760626e+01  -2.7093653e-02   2.5607922e-04
  -3.9693745e+01  -8.8053317e-03   1.6713357e-04
  -3.9626864e+01   1.3959036e-02  -2.5607283e-04
  -3.9559983e+01   2.3651126e-02  -1.6836477e-04
  -3.9493103e+01   6.7881169e-03   2.5606637e-04
  -3.9426222e+01  -2.7759038e-02   1.6960138e-04
  -3.9359341e+01  -4.7439870e-02  -2.5605984e-04
  -3.9292461e+01  -2.7121040e-02  -1.7084347e-04
  -3.9225580e+01   2.0974446e-02   2.5605322e-04
  -3.9158699e+01   6.0686848e-02   1.7209110e-04
  -3.9091818e+01   7.0928262e-02  -2.5604653e-04
  -3.9024938e+01   5.7975825e-02  -1.7334435e-04
  -3.8958057e+01   3.5578498e-02   2.5603976e-04
  -3.8891176e+01   1.1646909e-02   1.7460326e-04
  -3.8824296e+01  -7.2137352e-03  -2.5603291e-04
  -3.8757415e+01  -1.5452122e-02  -1.7586793e-04
  -3.8690534e+01  -1.2969184e-02   2.5602597e-04
  -3.8623653e+01   1.9862470e-03   1.7713840e-04
  -3.8556773e+01   3.5419466e-02  -2.5601896e-04
  -3.8489892e+01   7.5123450e-02  -1.7841475e-04
  -3.8423011e+01   7.9409850e-02   2.5601186e-04
  -3.8356130e+01   2.0884783e-02   1.7969706e-04
  -3.8289250e+01  -6.1768193e-02  -2.5600468e-04
  -3.8222369e+01  -9.2525984e-02  -1.8098538e-04
  -3.8155488e+01  -4.7684482e-02   2.5599741e-04
  -3.8088608e+01   1.4044705e-02   1.8227980e-04
  -3.8021727e+01   2.4144823e-02  -2.5599005e-04
  -3.7954846e+01  -1.9912207e-02  -1.8358038e-04
  -3.7887965e+01  -6.6733778e-02   2.5598261e-04
  -3.7821085e+01  -7.4132658e-02   1.8488720e-04
  -3.7754204e+01  -4.0533639e-02  -2.5597508e-04
  -3.7687323e+01   8.0216158e-03  -1.8620033e-04
  -3.7620443e+01   4.0547937e-02   2.5596746e-04
  -3.7553562e+01   3.9654929e-02   1.8751985e-04
  -3.7486681e+01   1.2812037e-02  -2.5595974e-04
  -3.7419800e+01  -1.8034054e-02  -1.8884584e-04
  -3.7352920e+01  -4.0528847e-02   2.5595194e-04
  -3.7286039e+01  -5.5559526e-02   1.9017837e-04
  -3.7219158e+01  -6.0619223e-02  -2.5594404e-04
  -3.7152277e+01  -5.1616710e-02  -1.9151753e-04
  -3.7085397e+01  -4.1996592e-02   2.5593604e-04
  -3.7018516e+01  -5.1510287e-02   1.9286339e-04
  -3.6951635e+01  -6.8666224e-02  -2.5592795e-04
  -3.6884755e+01  -5.6012444e-02  -1.9421603e-04
  -3.6817874e+01  -7.3521724e-03   2.5591976e-04
  -3.6750993e+01   3.2530690e-02   1.9557553e-04
  -3.6684112e+01   2.7375727e-02  -2.5591146e-04
  -3.6617232e+01  -1.3398574e-03  -1.9694198e-04
  -3.6550351e+01  -1.3388150e-02   2.5590307e-04
  -3.6483470e+01  -1.1159592e-02   1.9831547e-04
  -3.6416590e+01  -2.4818356e-02  -2.5589458e-04
  -3.6349709e+01  -5.3592780e-02  -1.9969608e-04
  -3.6282828e+01  -6.3374691e-02   2.5588598e-04
  -3.6215947e+01  -3.8791294e-02   2.0108389e-04
  -3.6149067e+01  -1.7961287e-03  -2.5587728e-04
  -3.6082186e+01   2.3668925e-02  -2.0247900e-04
  -3.6015305e+01   3.5152360e-02   2.5586847e-04
  -3.5948424e+01   3.5523052e-02   2.0388148e-04
  -3.5881544e+01   2.1727106e-02  -2.5585956e-04
  -3.5814663e+01  -3.8992107e-05  -2.0529145e-04
  -3.5747782e+01  -9.7635820e-03   2.5585053e-04
  -3.5680902e+01   1.9622009e-03   2.0670897e-04
  -3.5614021e+01   1.6962718e-02  -2.5584139e-04
  -3.5547140e+01   8.0421015e-03  -2.0813416e-04
  -3.5480259e+01  -2.9866921e-02   2.5583214e-04
  -3.5413379e+01  -7.1670640e-02   2.0956710e-04
  -3.5346498e+01  -8.3917922e-02  -2.5582278e-04
  -3.5279617e+01  -5.7013406e-02  -2.1100789e-04
  -3.5212736e+01  -1.7684629e-02   2.5581330e-04
  -3.5145856e+01  -2.4032755e-03   2.1245663e-04
  -3.5078975e+01  -1.5748591e-02  -2.5580370e-04
  -3.5012094e+01  -2.7380318e-02  -2.1391341e-04
  -3.4945214e+01  -1.5314039e-02   2.5579398e-04
  -3.4878333e+01   6.0293939e-03   2.1537834e-04
  -3.4811452e+01   1.2302873e-02  -2.5578414e-04
  -3.4744571e+01   2.8679997e-03  -2.1685151e-04
  -3.4677691e+01  -1.1082576e-02   2.5577417e-04
  -3.4610810e+01  -3.1786415e-02   2.1833304e-04
  -3.4543929e+01  -6.1182640e-02  -2.5576409e-04
  -3.4477049e+01  -7.7167643e-02  -2.1982302e-04
  -3.4410168e+01  -5.5946831e-02   2.5575387e-04
  -3.4343287e+01  -1.0995118e-02   2.2132157e-04
  -3.4276406e+01   2.0794750e-02  -2.5574352e-04
  -3.4209526e+01   2.6909891e-02  -2.2282879e-04
  -3.4142645e+01   2.3322508e-02   2.5573305e-04
  -3.4075764e+01   1.7722418e-02   2.2434478e-04
  -3.4008883e+01   5.5811691e-03  -2.5572244e-04
  -3.3942003e+01   1.2767271e-03  -2.2586967e-04
  -3.3875122e+01   3.0250986e-02   2.5571170e-04
  -3.3808241e+01   8.0288061e-02   2.2740356e-04
  -3.3741361e+01   1.0127121e-01  -2.5570082e-04
  -3.3674480e+01   7.1555059e-02  -2.2894658e-04
  -3.3607599e+01   2.8912290e-02   2.5568980e-04
  -3.3540718e+01   1.3626651e-02   2.3049883e-04
  -3.3473838e+01   1.4943966e-02  -2.5567863e-04
  -3.3406957e+01   2.8282903e-03  -2.3206043e-04
  -3.3340076e+01  -1.7206555e-02   2.5566733e-04
  -3.3273196e+01  -1.8410781e-02   2.3363151e-04
  -3.3206315e+01  -2.9273334e-03  -2.5565588e-04
  -3.3139434e+01   1.4054300e-03  -2.3521219e-04
  -3.3072553e+01  -1.3425074e-02   2.5564428e-04
  -3.3005673e+01  -2.7651843e-02   2.3680259e-04
  -3.2938792e+01  -2.9038705e-02  -2.5563253e-04
  -3.2871911e+01  -2.5923241e-02  -2.3840284e-04
  -3.2805030e+01  -2.3956311e-02   2.5562063e-04
  -3.2738150e+01  -1.6744044e-02   2.4001306e-04
  -3.2671269e+01  -3.3613906e-03  -2.5560857e-04
  -3.2604388e+01   7.6267317e-03  -2.4163339e-04
  -3.2537508e+01   1.4630703e-02   2.5559635e-04
  -3.2470627e+01   2.1728232e-02   2.4326396e-04
  -3.2403746e+01   1.9207520e-02  -2.5558398e-04
  -3.2336865e+01  -8.6615134e-03  -2.4490490e-04
  -3.2269985e+01  -4.9255638e-02   2.5557144e-04
  -3.2203104e+01  -6.1651292e-02   2.4655635e-04
  -3.2136223e+01  -2.6428544e-02  -2.5555873e-04
  -3.2069343e+01   2.5184545e-02  -2.4821845e-04
  -3.2002462e+01   4.9786655e-02   2.5554586e-04
  -3.1935581e+01   4.2616683e-02   2.4989134e-04
  -3.1868700e+01   2.9673477e-02  -2.5553281e-04
  -3.1801820e+01   2.3268998e-02  -2.5157516e-04
  -3.1734939e+01   1.2171074e-02   2.5551960e-04
  -3.1668058e+01  -8.0964583e-03   2.5327006e-04
  -3.1601177e+01  -2.2200263e-02  -2.5550620e-04
  -3.1534297e+01  -1.8875927e-02  -2.5497619e-04
  -3.1467416e+01  -7.7684964e-03   2.5549262e-04
  -3.1400535e+01  -1.7895665e-03   2.5669369e-04
  -3.1333655e+01   2.6629136e-03  -2.5547887e-04
  -3.1266774e+01   1.4834257e-02  -2.5842273e-04
  -3.1199893e+01   2.8751264e-02   2.5546492e-04
  -3.1133012e+01   2.8160129e-02   2.6016345e-04
  -3.1066132e+01   9.3957360e-03  -2.5545079e-04
  -3.0999251e+01  -1.2625621e-02  -2.6191603e-04
  -3.0932370e+01  -2.1083751e-02   2.5543646e-04
  -3.0865489e+01  -1.1058233e-02   2.6368060e-04
  -3.0798609e+01   1.2064078e-02  -2.5542194e-04
  -3.0731728e+01   3.7464924e-02  -2.6545735e-04
  -3.0664847e+01   5.1018702e-02   2.5540722e-04
  -3.0597967e+01   4.3312371e-02   2.6724644e-04
  -3.0531086e+01   2.0496191e-02  -2.5539230e-04
  -3.0464205e+01   1.6159737e-04  -2.6904803e-04
  -3.0397324e+01  -7.4585478e-03   2.5537717e-04
  -3.0330444e+01  -8.3704660e-03   2.7086230e-04
  -3.0263563e+01  -1.3611701e-02  -2.5536183e-04
  -3.0196682e+01  -2.7778690e-02  -2.7268943e-04
  -3.0129802e+01  -5.0220129e-02   2.5534627e-04
  -3.0062921e+01  -7.5176123e-02   2.7452960e-04
  -2.9996040e+01  -8.5683767e-02  -2.5533051e-04
  -2.9929159e+01  -6.2118251e-02  -2.7638298e-04
  -2.9862279e+01  -7.9734994e-03   2.5531451e-04
  -2.9795398e+01   4.4532564e-02   2.7824976e-04
  -2.9728517e+01   6.6715095e-02  -2.5529830e-04
  -2.9661636e+01   6.0209862e-02  -2.8013013e-04
  -2.9594756e+01   4.0253779e-02   2.5528186e-04
  -2.9527875e+01   1.0067411e-02   2.8202429e-04
  -2.9460994e+01  -2.6634714e-02  -2.5526518e-04
  -2.9394114e+01  -4.4379055e-02  -2.8393242e-04
  -2.9327233e+01  -2.0550518e-02   2.5524826e-04
  -2.9260352e+01   2.4237333e-02   2.8585472e-04
  -2.9193471e+01   4.5133488e-02  -2.5523111e-04
  -2.9126591e+01   3.3902382e-02  -2.8779141e-04
  -2.9059710e+01   2.5748285e-02   2.5521371e-04
  -2.8992829e+01   3.9503651e-02   2.8974268e-04
  -2.8925949e+01   5.0005208e-02  -2.5519605e-04
  -2.8859068e+01   3.5797690e-02  -2.9170874e-04
  -2.8792187e+01   1.5935265e-02   2.5517815e-04
  -2.8725306e+01   1.2896388e-02   2.9368981e-04
  -2.8658426e+01   1.1147806e-02  -2.5515998e-04
  -2.8591545e+01  -1.4143413e-02  -2.9568611e-04
  -2.8524664e+01  -5.0919999e-02   2.5514155e-04
  -2.8457783e+01  -6.7096132e-02   2.9769785e-04
  -2.8390903e+01  -5.5740644e-02  -2.5512285e-04
  -2.8324022e+01  -3.1231167e-02  -2.9972527e-04
  -2.8257141e+01   1.2388510e-03   2.5510387e-04
  -2.8190261e+01   3.6478398e-02   3.0176859e-04
  -2.8123380e+01   4.6977727e-02  -2.5508461e-04
  -2.8056499e+01   1.2444786e-02  -3.0382805e-04
  -2.7989618e+01  -3.7655260e-02   2.5506507e-04
  -2.7922738e+01  -5.3431695e-02   3.0590389e-04
  -2.7855857e+01  -3.0948240e-02  -2.5504524e-04
  -2.7788976e+01  -7.8396549e-03  -3.0799634e-04
  -2.7722096e+01   1.7760694e-04   2.5502511e-04
  -2.7655215e+01   9.1152662e-03   3.1010566e-04
  -2.7588334e+01   1.5450097e-02  -2.5500468e-04
  -2.7521453e+01  -6.3454750e-03  -3.1223211e-04
  -2.7454573e+01  -4.3249421e-02   2.5498395e-04
  -2.7387692e+01  -3.9870663e-02   3.1437593e-04
  -2.7320811e+01   1.8497792e-02  -2.5496290e-04
  -2.7253930e+01   7.0574737e-02  -3.1653740e-04
  -2.7187050e+01   6.0789605e-02   2.5494152e-04
  -2.7120169e+01   1.2861003e-02   3.1871677e-04
  -2.7053288e+01  -1.4486721e-02  -2.5491983e-04
  -2.6986408e+01  -5.6561933e-03  -3.2091433e-04
  -2.6919527e+01   1.7285317e-02   2.5489780e-04
  -2.6852646e+01   4.0362721e-02   3.2313035e-04
  -2.6785765e+01   5.2315214e-02  -2.5487543e-04
  -2.6718885e+01   2.6704438e-02  -3.2536512e-04
  -2.6652004e+01  -3.8111532e-02   2.5485271e-04
  -2.6585123e+01  -8.5707117e-02   3.2761892e-04
  -2.6518242e+01  -6.3378898e-02  -2.5482965e-04
  -2.6451362e+01  -5.3024140e-04  -3.2989205e-04
  -2.6384481e+01   2.9712029e-02   2.5480622e-04
  -2.6317600e+01   1.4424227e-02   3.3218482e-04
  -2.6250720e+01   6.8657923e-03  -2.5478242e-04
  -2.6183839e+01   3.3217301e-02  -3.3449753e-04
  -2.6116958e+01   5.7293818e-02   2.5475825e-04
  -2.6050077e+01   4.8672608e-02   3.3683049e-04
  -2.5983197e+01   2.7144213e-02  -2.5473370e-04
  -2.5916316e+01   1.7989361e-02  -3.3918403e-04
  -2.5849435e+01   1.3086262e-02   2.5470876e-04
  -2.5782555e+01   3.5626589e-03   3.4155848e-04
  -2.5715674e+01   8.4823107e-03  -2.5468341e-04
  -2.5648793e+01   3.8314846e-02  -3.4395415e-04
  -2.5581912e+01   6.2014759e-02   2.5465766e-04
  -2.5515032e+01   4.5015998e-02   3.4637141e-04
  -2.5448151e+01  -6.1015410e-05  -2.5463150e-04
  -2.5381270e+01  -2.9991747e-02  -3.4881060e-04
  -2.5314389e+01  -2.5095650e-02   2.5460491e-04
  -2.5247509e+01  -3.9870298e-03   3.5127206e-04
  -2.5180628e+01   5.7082181e-03  -2.5457789e-04
  -2.5113747e+01  -6.3837551e-03  -3.5375617e-04
  -2.5046867e+01  -2.8988369e-02   2.5455042e-04
  -2.4979986e+01  -3.9913711e-02   3.5626330e-04
  -2.4913105e+01  -2.8282493e-02  -2.5452251e-04
  -2.4846224e+01  -8.9483826e-03  -3.5879382e-04
  -2.4779344e+01  -2.2805466e-03   2.5449413e-04
  -2.4712463e+01  -1.7691142e-03   3.6134812e-04
  -2.4645582e+01   1.6292411e-02  -2.5446528e-04
  -2.4578702e+01   5.0550570e-02  -3.6392659e-04
  -2.4511821e+01   6.9975902e-02   2.5443595e-04
  -2.4444940e+01   5.7234286e-02   3.6652965e-04
  -2.4378059e+01   2.8226999e-02  -2.5440612e-04
  -2.4311179e+01   1.3395506e-03  -3.6915769e-04
  -2.4244298e+01  -2.0809803e-02   2.5437579e-04
  -2.4177417e+01  -2.8873960e-02   3.7181116e-04
  -2.4110536e+01  -3.6065902e-03  -2.5434495e-04
  -2.4043656e+01   4.4529821e-02  -3.7449046e-04
  -2.3976775e+01   6.7239360e-02   2.5431358e-04
  -2.3909894e+01   3.7114469e-02   3.7719606e-04
  -2.3843014e+01  -1.3545016e-02  -2.5428167e-04
  -2.3776133e+01  -3.9723493e-02  -3.7992839e-04
  -2.3709252e+01  -4.1390198e-02   2.5424922e-04
  -2.3642371e+01  -4.2022890e-02   3.8268792e-04
  -2.3575491e+01  -3.5426630e-02  -2.5421620e-04
  -2.3508610e+01   3.8698666e-03  -3.8547511e-04
  -2.3441729e+01   6.8109788e-02   2.5418260e-04
  -2.3374848e+01   1.1295681e-01   3.8829046e-04
  -2.3307968e+01   1.0797463e-01  -2.5414842e-04
  -2.3241087e+01   6.6125013e-02  -3.9113445e-04
  -2.3174206e+01   2.4158604e-02   2.5411364e-04
  -2.3107326e+01   1.0643256e-02   3.9400760e-04
  -2.3040445e+01   2.6990083e-02  -2.5407823e-04
  -2.2973564e+01   4.5711598e-02  -3.9691040e-04
  -2.2906683e+01   3.7898677e-02   2.5404220e-04
  -2.2839803e+01   1.3449544e-02   3.9984340e-04
  -2.2772922e+01   1.4276255e-02  -2.5400551e-04
  -2.2706041e+01   5.2775444e-02  -4.0280713e-04
  -2.2639161e+01   8.4967875e-02   2.5396818e-04
  -2.2572280e+01   7.0393649e-02   4.0580216e-04
  -2.2505399e+01   3.0343771e-02  -2.5393016e-04
  -2.2438518e+01   1.0511375e-02  -4.0882902e-04
  -2.2371638e+01   9.6216934e-03   2.5389146e-04
  -2.2304757e+01  -9.5894143e-03   4.1188834e-04
  -2.2237876e+01  -5.1729744e-02  -2.5385203e-04
  -2.2170995e+01  -7.8611669e-02  -4.1498066e-04
  -2.2104115e+01  -6.5428109e-02   2.5381190e-04
  -2.2037234e+01  -2.5384458e-02   4.1810666e-04
  -2.1970353e+01   2.2056976e-02  -2.5377099e-04
  -2.1903473e+01   6.7514903e-02  -4.2126687e-04
  -2.1836592e+01   9.3256320e-02   2.5372936e-04
  -2.1769711e+01   7.8441534e-02   4.2446204e-04
  -2.1702830e+01   3.2609337e-02  -2.5368690e-04
  -2.1635950e+01  -8.5175203e-03  -4.2769269e-04
  -2.1569069e+01  -2.8299405e-02   2.5364370e-04
  -2.1502188e+01  -4.0005969e-02   4.3095965e-04
  -2.1435308e+01  -4.9092481e-02  -2.5359960e-04
  -2.1368427e+01  -4.1342998e-02  -4.3426343e-04
  -2.1301546e+01  -1.7480628e-02   2.5355476e-04
  -2.1234665e+01  -1.5328326e-03   4.3760493e-04
  -2.1167785e+01   7.2756053e-04  -2.5350893e-04
  -2.1100904e+01   1.5487533e-02  -4.4098465e-04
  -2.1034023e+01   5.2213952e-02   2.5346236e-04
  -2.0967142e+01   7.5101637e-02   4.4440360e-04
  -2.0900262e+01   5.1826253e-02  -2.5341472e-04
  -2.0833381e+01   5.4517647e-03  -4.4786221e-04
  -2.0766500e+01  -1.4069831e-02   2.5336634e-04
  -2.0699620e+01   5.3943578e-03   4.5136167e-04
  -2.0632739e+01   3.1370785e-02  -2.5331677e-04
  -2.0565858e+01   3.5292949e-02  -4.5490228e-04
  -2.0498977e+01   2.0770504e-02   2.5326651e-04
  -2.0432097e+01   6.4657124e-03   4.5848545e-04
  -2.0365216e+01   3.0182145e-03  -2.5321490e-04
  -2.0298335e+01   8.9325652e-03  -4.6211134e-04
  -2.0231455e+01   1.5357726e-02   2.5316266e-04
  -2.0164574e+01   1.3994364e-02   4.6578161e-04
  -2.0097693e+01   7.9878742e-03  -2.5310888e-04
  -2.0030812e+01   1.0129188e-02  -4.6949621e-04
  -1.9963932e+01   2.2271775e-02   2.5305458e-04
  -1.9897051e+01   2.5958477e-02   4.7325717e-04
  -1.9830170e+01   7.0359767e-03  -2.5299849e-04
  -1.9763289e+01  -1.8422262e-02  -4.7706411e-04
  -1.9696409e+01  -2.1380482e-02   2.5294202e-04
  -1.9629528e+01  -1.0031828e-03   4.8091953e-04
  -1.9562647e+01   1.1780171e-02  -2.5288348e-04
  -1.9495767e+01  -2.3639791e-03  -4.8482266e-04
  -1.9428886e+01  -2.2984408e-02   2.5282463e-04
  -1.9362005e+01  -1.9280329e-02   4.8877670e-04
  -1.9295124e+01   5.3848006e-03  -2.5276128e-04
  -1.9228244e+01   2.0221498e-02  -4.9277214e-04
  -1.9161363e+01   1.5213550e-02   2.5271847e-04
  -1.9094482e+01   1.6879323e-02   4.9686097e-04
  -1.9027601e+01   4.5596660e-02  -2.5260781e-04
  -1.8960721e+01   7.9726793e-02  -5.0091071e-04
  -1.8893840e+01   8.3652120e-02   2.5260883e-04
  -1.8826959e+01   5.7154210e-02   5.0514142e-04
  -1.8760079e+01   3.0498413e-02  -2.5247430e-04
  -1.8693198e+01   1.8401422e-02  -5.0928921e-04
  -1.8626317e+01   9.5010116e-03   2.5248227e-04
  -1.8559436e+01   6.2580263e-04   5.1365049e-04
  -1.8492556e+01   7.7121410e-03  -2.5230791e-04
  -1.8425675e+01   3.3736940e-02  -5.1785487e-04
  -1.8358794e+01   5.5834629e-02   2.5238487e-04
  -1.8291914e+01   5.7081433e-02   5.2240648e-04
  -1.8225033e+01   4.4808212e-02  -2.5214531e-04
  -1.8158152e+01   2.6825668e-02  -5.2668749e-04
  -1.8091271e+01   2.3734902e-04   2.5224214e-04
  -1.8024391e+01  -2.2747816e-02   5.3137040e-04
  -1.7957510e+01  -1.4124801e-02  -2.5199634e-04
  -1.7890629e+01   2.3026054e-02  -5.3577492e-04
  -1.7823748e+01   4.2957692e-02   2.5209063e-04
  -1.7756868e+01   2.0487236e-02   5.4058611e-04
  -1.7689987e+01  -9.5269338e-03  -2.5184040e-04
  -1.7623106e+01  -9.1994259e-03  -5.4511991e-04
  -1.7556226e+01   2.1600988e-03   2.5193207e-04
  -1.7489345e+01  -1.2735403e-02   5.5006528e-04
  -1.7422464e+01  -4.2248717e-02  -2.5167717e-04
  -1.7355583e+01  -4.8140146e-02  -5.5473442e-04
  -1.7288703e+01  -2.9011355e-02   2.5176600e-04
  -1.7221822e+01  -9.0258627e-03   5.5982025e-04
  -1.7154941e+01   1.3309435e-02  -2.5150623e-04
  -1.7088061e+01   4.7600310e-02  -5.6463122e-04
  -1.7021180e+01   6.4302053e-02   2.5159197e-04
  -1.6954299e+01   3.2019697e-02   5.6986416e-04
  -1.6887418e+01  -1.1064748e-02  -2.5132708e-04
  -1.6820538e+01   3.0303757e-03  -5.7482384e-04
  -1.6753657e+01   6.2451174e-02   2.5140945e-04
  -1.6686776e+01   8.2294872e-02   5.8021098e-04
  -1.6619895e+01   3.1290231e-02  -2.5113918e-04
  -1.6553015e+01  -2.4735035e-02  -5.8532672e-04
  -1.6486134e+01  -2.7732021e-02   2.5121789e-04
  -1.6419253e+01  -1.6678824e-03   5.9087563e-04
  -1.6352373e+01   1.1197512e-02  -2.5094193e-04
  -1.6285492e+01   1.8911618e-02  -5.9615521e-04
  -1.6218611e+01   3.9355875e-02   2.5101670e-04
  -1.6151730e+01   4.9432286e-02   6.0187398e-04
  -1.6084850e+01   2.7161572e-02  -2.5073472e-04
  -1.6017969e+01   6.9745620e-04  -6.0732574e-04
  -1.5951088e+01   5.0809869e-03   2.5080522e-04
  -1.5884208e+01   2.5821811e-02   6.1322300e-04
  -1.5817327e+01   3.1926956e-02  -2.5051686e-04
  -1.5750446e+01   3.1086470e-02  -6.1885583e-04
  -1.5683565e+01   4.3758252e-02   2.5058274e-04
  -1.5616685e+01   5.2276176e-02   6.2494079e-04
  -1.5549804e+01   2.7633910e-02  -2.5028761e-04
  -1.5482923e+01  -1.2875877e-02  -6.3076421e-04
  -1.5416042e+01  -2.3138093e-02   2.5034850e-04
  -1.5349162e+01   8.4134822e-03   6.3704676e-04
  -1.5282281e+01   5.1601445e-02  -2.5004615e-04
  -1.5215400e+01   7.8080463e-02  -6.4307093e-04
  -1.5148520e+01   7.9310122e-02   2.5010165e-04
  -1.5081639e+01   5.8429009e-02   6.4956168e-04
  -1.5014758e+01   3.6947251e-02  -2.4979159e-04
  -1.4947877e+01   4.8483820e-02  -6.5579749e-04
  -1.4880997e+01   9.0233464e-02   2.4984128e-04
  -1.4814116e+01   1.0456494e-01   6.6250781e-04
  -1.4747235e+01   5.1732711e-02  -2.4952298e-04
  -1.4680354e+01  -2.0833362e-02  -6.6896696e-04
  -1.4613474e+01  -3.2568157e-02   2.4956640e-04
  -1.4546593e+01   1.9910291e-02   6.7590908e-04
  -1.4479712e+01   6.0007796e-02  -2.4923925e-04
  -1.4412832e+01   3.6508080e-02  -6.8260411e-04
  -1.4345951e+01  -1.8592016e-02   2.4927593e-04
  -1.4279070e+01  -4.3907370e-02   6.8979124e-04
  -1.4212189e+01  -1.6836381e-02  -2.4893920e-04
  -1.4145309e+01   4.2295283e-02  -6.9673554e-04
  -1.4078428e+01   9.6712666e-02   2.4896874e-04
  -1.4011547e+01   1.1082362e-01   7.0418203e-04
  -1.3944667e+01   7.2418554e-02  -2.4862147e-04
  -1.3877786e+01   1.2180693e-02  -7.1138989e-04
  -1.3810905e+01  -1.9804241e-02   2.4864365e-04
  -1.3744024e+01  -5.6493615e-03   7.1911149e-04
  -1.3677144e+01   2.8327604e-02  -2.4828445e-04
  -1.3610263e+01   4.9641719e-02  -7.2659786e-04
  -1.3543382e+01   4.7493715e-02   2.4829953e-04
  -1.3476501e+01   2.5969960e-02   7.3461224e-04
  -1.3409621e+01  -1.6984684e-03  -2.4792612e-04
  -1.3342740e+01  -1.0189483e-02  -7.4239239e-04
  -1.3275859e+01   1.6850078e-02   2.4793546e-04
  -1.3208979e+01   5.5798017e-02   7.5071991e-04
  -1.3142098e+01   6.0087082e-02  -2.4754385e-04
  -1.3075217e+01   1.7430247e-02  -7.5880858e-04
  -1.3008336e+01  -3.4555385e-02   2.4755100e-04
  -1.2941456e+01  -5.9874549e-02   7.6747379e-04
  -1.2874575e+01  -6.6141304e-02  -2.4713399e-04
  -1.2807694e+01  -7.9480551e-02  -7.7588366e-04
  -1.2740814e+01  -9.8637431e-02   2.4714655e-04
  -1.2673933e+01  -9.6215981e-02   7.8491751e-04
  -1.2607052e+01  -5.7064159e-02  -2.4669134e-04
  -1.2540171e+01   1.8858166e-03  -7.9365673e-04
  -1.2473291e+01   4.7949881e-02   2.4672399e-04
  -1.2406410e+01   5.8413109e-02   8.0310013e-04
  -1.2339529e+01   3.1877647e-02  -2.4620842e-04
  -1.2272648e+01  -1.6001243e-02  -8.1216832e-04
  -1.2205768e+01  -6.2783255e-02   2.4628746e-04
  -1.2138887e+01  -8.7195651e-02   8.2207742e-04
  -1.2072006e+01  -7.5661374e-02  -2.4567446e-04
  -1.2005126e+01  -3.3160451e-02  -8.3145978e-04
  -1.1938245e+01   1.0406259e-02   2.4584448e-04
  -1.1871364e+01   1.8394363e-02   8.4191347e-04
  -1.1804483e+01  -1.7433639e-02  -2.4507410e-04
  -1.1737603e+01  -6.6583678e-02  -8.5157247e-04
  -1.1670722e+01  -9.1777220e-02   2.4540725e-04
  -1.1603841e+01  -8.3157921e-02   8.6268270e-04
  -1.1536961e+01  -5.5463186e-02  -2.4438579e-04
  -1.1470080e+01  -2.5751367e-02  -8.7254661e-04
  -1.1403199e+01  -5.8595336e-03   2.4499434e-04
  -1.1336318e+01  -2.7361591e-03   8.8447213e-04
  -1.1269438e+01  -8.5819011e-03  -2.4357997e-04
  -1.1202557e+01  -4.0744450e-04  -8.9442010e-04
  -1.1135676e+01   3.1364532e-02   2.4463258e-04
  -1.1068795e+01   5.9948763e-02   9.0738418e-04
  -1.1001915e+01   4.8162110e-02  -2.4261677e-04
  -1.0935034e+01  -2.8830936e-03  -9.1722678e-04
  -1.0868153e+01  -4.8463811e-02   2.4435959e-04
  -1.0801273e+01  -4.8390217e-02   9.3154022e-04
  -1.0734392e+01  -1.0395967e-02  -2.4144287e-04
  -1.0667511e+01   1.8858853e-02  -9.4099387e-04
  -1.0600630e+01   2.2374475e-03   2.4422750e-04
  -1.0533750e+01  -4.9525435e-02   9.5708575e-04
  -1.0466869e+01  -8.8420544e-02  -2.3998647e-04
  -1.0399988e+01  -8.0812391e-02  -9.6573724e-04
  -1.0333107e+01  -4.2897665e-02   2.4430945e-04
  -1.0266227e+01  -1.4232263e-02   9.8419901e-04
  -1.0199346e+01  -4.6521335e-03  -2.3814861e-04
  -1.0132465e+01   8.7054539e-03  -9.9145248e-04
  -1.0065585e+01   3.3227904e-02   2.4471170e-04
  -9.9987039e+00   4.2524765e-02   1.0131066e-03
  -9.9318231e+00   1.8839866e-02  -2.3578885e-04
  -9.8649424e+00  -1.5538079e-02  -1.0181012e-03
  -9.7980617e+00  -2.9399502e-02   2.4561573e-04
  -9.7311810e+00  -2.1937465e-02   1.0442275e-03
  -9.6643003e+00  -9.2375834e-03  -2.3238776e-04
  -9.5974195e+00   8.3977903e-03  -1.0450759e-03
  -9.5305388e+00   4.1597443e-02   2.4779388e-04
  -9.4636581e+00   8.8254669e-02   1.0782306e-03
  -9.3967774e+00   1.3422501e-01  -2.2783835e-04
  -9.3298966e+00   1.6510589e-01  -1.0727592e-03
  -9.2630159e+00   1.6512641e-01   2.5100597e-04
  -9.1961352e+00   1.2570889e-01   1.1153554e-03
  -9.1292545e+00   7.0107935e-02  -2.2176410e-04
  -9.0623737e+00   4.2240260e-02  -1.1010548e-03
  -8.9954930e+00   4.9501798e-02   2.5506515e-04
  -8.9286123e+00   4.5671182e-02   1.1553407e-03
  -8.8617316e+00  -1.6864892e-03  -2.1420842e-04
  -8.7948509e+00  -5.6470357e-02  -1.1292611e-03
  -8.7279701e+00  -6.2345600e-02   2.6180089e-04
  -8.6610894e+00  -2.0732044e-02   1.2006879e-03
  -8.5942087e+00   1.9348838e-02  -2.0298179e-04
  -8.5273280e+00   2.9156524e-02  -1.1558710e-03
  -8.4604472e+00   1.6554906e-02   2.7249413e-04
  -8.3935665e+00  -7.6951230e-03   1.2527846e-03
  -8.3266858e+00  -3.4804932e-02  -1.8674031e-04
  -8.2598051e+00  -4.1323168e-02  -1.1795240e-03
  -8.1929243e+00  -1.3197110e-02   2.8894188e-04
  -8.1260436e+00   2.0751834e-02   1.3138671e-03
  -8.0591629e+00   2.2048625e-02  -1.6328242e-04
  -7.9922822e+00   1.4007211e-03  -1.1980255e-03
  -7.9254015e+00   3.2338879e-05   3.1413746e-04
  -7.8585207e+00   2.0114769e-02   1.3886356e-03
  -7.7916400e+00   2.4318351e-02  -1.2480610e-04
  -7.7247593e+00   4.3106231e-03  -1.1968211e-03
  -7.6578786e+00  -2.0528713e-03   3.7607551e-04
  -7.5909978e+00   2.8896723e-02   1.5271361e-03
  -7.5241171e+00   7.3156211e-02   1.0155069e-05
  -7.4572364e+00   9.5786643e-02  -1.0534167e-03
  -7.3903557e+00   8.3329547e-02   6.4674872e-04
  -7.3234749e+00   3.6766611e-02   1.9562945e-03
  -7.2565942e+00  -2.4913791e-02   5.2605602e-04
  -7.1897135e+00  -5.2161564e-02  -4.2385782e-04
  -7.1228328e+00  -7.2607672e-03   1.5318372e-03
  -7.0559521e+00   7.0549300e-02   3.1447959e-03
  -6.9890713e+00   9.4785140e-02   1.9547622e-03
  -6.9221906e+00   4.2950927e-02   1.2877290e-03
  -6.8553099e+00  -1.4541485e-02   3.6932495e-03
  -6.7884292e+00  -1.8151774e-02   5.8222353e-03
  -6.7215484e+00   4.2046133e-03   5.0942599e-03
  -6.6546677e+00  -1.6121229e-03   4.9487068e-03
  -6.5877870e+00  -3.0791042e-02   8.0687448e-03
  -6.5209063e+00  -4.3524619e-02   1.0995626e-02
  -6.4540255e+00  -3.4542257e-02   1.1017327e-02
  -6.3871448e+00  -2.5169008e-02   1.1694318e-02
  -6.3202641e+00  -1.1995475e-02   1.5853739e-02
  -6.2533834e+00   2.2218611e-02   1.9917225e-02
  -6.1865027e+00   5.9654163e-02   2.1028247e-02
  -6.1196219e+00   6.0686465e-02   2.2876909e-02
  -6.0527412e+00   2.4907197e-02   2.8445897e-02
  -5.9858605e+00  -3.0969970e-03   3.4025788e-02
  -5.9189798e+00   6.9472412e-03   3.6600642e-02
  -5.8520990e+00   3.9559361e-02   3.9999636e-02
  -5.7852183e+00   6.5870547e-02   4.7373956e-02
  -5.7183376e+00   7.6741399e-02   5.4869667e-02
  -5.6514569e+00   7.5116817e-02   5.9293475e-02
  -5.5845761e+00   6.1400009e-02   6.4623121e-02
  -5.5176954e+00   4.0278539e-02   7.4191947e-02
  -5.4508147e+00   2.6478043e-02   8.3985454e-02
  -5.3839340e+00   3.1461629e-02   9.0612738e-02
  -5.3170533e+00   5.1296853e-02   9.8212765e-02
  -5.2501725e+00   7.2632567e-02   1.1031976e-01
  -5.1832918e+00   8.4526627e-02   1.2274317e-01
  -5.1164111e+00   8.3266966e-02   1.3187247e-01
  -5.0495304e+00   7.3349838e-02   1.4202156e-01
  -4.9826496e+00   6.5582572e-02   1.5694423e-01
  -4.9157689e+00   6.7984008e-02   1.7225168e-01
  -4.8488882e+00   7.7237656e-02   1.8408460e-01
  -4.7820075e+00   8.3979918e-02   1.9694708e-01
  -4.7151267e+00   8.6577494e-02   2.1483763e-01
  -4.6482460e+00   9.4368405e-02   2.3314876e-01
  -4.5813653e+00   1.1604873e-01   2.4774255e-01
  -4.5144846e+00   1.4874959e-01   2.6333211e-01
  -4.4476039e+00   1.8029145e-01   2.8418689e-01
  -4.3807231e+00   1.9955255e-01   3.0545087e-01
  -4.3138424e+00   2.0233072e-01   3.2266858e-01
  -4.2469617e+00   1.8953802e-01   3.4078961e-01
  -4.1800810e+00   1.6623017e-01   3.6440514e-01
  -4.1132002e+00   1.4514263e-01   3.8841206e-01
  -4.0463195e+00   1.4303418e-01   4.0805445e-01
  -3.9794388e+00   1.6392443e-01   4.2866719e-01
  -3.9125581e+00   1.9212192e-01   4.5543146e-01
  -3.8456773e+00   2.1630379e-01   4.8332073e-01
  -3.7787966e+00   2.5490216e-01   5.0769945e-01
  -3.7119159e+00   3.3421065e-01   5.3482659e-01
  -3.6450352e+00   4.4028641e-01   5.7094426e-01
  -3.5781545e+00   5.2274001e-01   6.1129649e-01
  -3.5112737e+00   5.5906537e-01   6.5133911e-01
  -3.4443930e+00   5.8681131e-01   6.9818371e-01
  -3.3775123e+00   6.5258160e-01   7.5900823e-01
  -3.3106316e+00   7.5608608e-01   8.2903990e-01
  -3.2437508e+00   8.6914023e-01   9.0346603e-01
  -3.1768701e+00   9.8310507e-01   9.8998152e-01
  -3.1099894e+00   1.1055577e+00   1.0964452e+00
  -3.0431087e+00   1.2333632e+00   1.2176715e+00
  -2.9762279e+00   1.3661717e+00   1.3481547e+00
  -2.9093472e+00   1.5274925e+00   1.4958978e+00
  -2.8424665e+00   1.7327104e+00   1.6691475e+00
  -2.7755858e+00   1.9534083e+00   1.8617496e+00
  -2.7087051e+00   2.1565354e+00   2.0669095e+00
  -2.6418243e+00   2.3624989e+00   2.2927571e+00
  -2.5749436e+00   2.6151241e+00   2.5481896e+00
  -2.5080629e+00   2.9085092e+00   2.8264973e+00
  -2.4411822e+00   3.2024092e+00   3.1200936e+00
  -2.3743014e+00   3.5030154e+00   3.4376499e+00
  -2.3074207e+00   3.8607240e+00   3.7880987e+00
  -2.2405400e+00   4.2800149e+00   4.1614179e+00
  -2.1736593e+00   4.6990329e+00   4.5444793e+00
  -2.1067785e+00   5.0788149e+00   4.9413347e+00
  -2.0398978e+00   5.4507741e+00   5.3573832e+00
  -1.9730171e+00   5.8495960e+00   5.7795080e+00
  -1.9061364e+00   6.2596411e+00   6.1955892e+00
  -1.8392557e+00   6.6632528e+00   6.6192449e+00
  -1.7723749e+00   7.0880996e+00   7.0719729e+00
  -1.7054942e+00   7.5668727e+00   7.5576492e+00
  -1.6386135e+00   8.0989759e+00   8.0811398e+00
  -1.5717328e+00   8.6935426e+00   8.6751489e+00
  -1.5048520e+00   9.4030577e+00   9.3807868e+00
  -1.4379713e+00   1.0271738e+01   1.0222207e+01
  -1.3710906e+00   1.1303292e+01   1.1234598e+01
  -1.3042099e+00   1.2530791e+01   1.2492334e+01
  -1.2373291e+00   1.4050998e+01   1.4051456e+01
  -1.1704484e+00   1.5888449e+01   1.5851125e+01
  -1.1035677e+00   1.7837753e+01   1.7690717e+01
  -1.0366870e+00   1.9520972e+01   1.9292009e+01
  -9.6980625e-01   2.0609447e+01   2.0371811e+01
  -9.0292553e-01   2.0956381e+01   2.0719166e+01
  -8.3604480e-01   2.0579142e+01   2.0305022e+01
  -7.6916408e-01   1.9646946e+01   1.9342298e+01
  -7.0228336e-01   1.8495207e+01   1.8185101e+01
  -6.3540263e-01   1.7498858e+01   1.7133243e+01
  -5.6852191e-01   1.6813580e+01   1.6324620e+01
  -5.0164119e-01   1.6282331e+01   1.5760428e+01
  -4.3476047e-01   1.5670325e+01   1.5364293e+01
  -3.6787974e-01   1.4959293e+01   1.5047045e+01
  -3.0099902e-01   1.4346240e+01   1.4810410e+01
  -2.3411830e-01   1.3993287e+01   1.4785879e+01
  -1.6723757e-01   1.3873742e+01   1.5067906e+01
  -1.0035685e-01   1.3859570e+01   1.5491190e+01
  -3.3476127e-02   1.3862386e+01   1.5696282e+01
   3.3404596e-02   1.3859570e+01   1.5491190e+01
   1.0028532e-01   1.3873742e+01   1.5067906e+01
   1.6716604e-01   1.3993287e+01   1.4785879e+01
   2.3404677e-01   1.4346240e+01   1.4810410e+01
   3.0092749e-01   1.4959293e+01   1.5047045e+01
   3.6780821e-01   1.5670325e+01   1.5364293e+01
   4.3468894e-01   1.6282331e+01   1.5760428e+01
   5.0156966e-01   1.6813580e+01   1.6324620e+01
   5.6845038e-01   1.7498858e+01   1.7133243e+01
   6.3533110e-01   1.8495207e+01   1.8185101e+01
   7.0221183e-01   1.9646946e+01   1.9342298e+01
   7.6909255e-01   2.0579142e+01   2.0305022e+01
   8.3597327e-01   2.0956381e+01   2.0719166e+01
   9.0285400e-01   2.0609447e+01   2.0371811e+01
   9.6973472e-01   1.9520972e+01   1.9292009e+01
   1.0366154e+00   1.7837753e+01   1.7690717e+01
   1.1034962e+00   1.5888449e+01   1.5851125e+01
   1.1703769e+00   1.4050998e+01   1.4051456e+01
   1.2372576e+00   1.2530791e+01   1.2492334e+01
   1.3041383e+00   1.1303292e+01   1.1234598e+01
   1.3710191e+00   1.0271738e+01   1.0222207e+01
   1.4378998e+00   9.4030577e+00   9.3807868e+00
   1.5047805e+00   8.6935426e+00   8.6751489e+00
   1.5716612e+00   8.0989759e+00   8.0811398e+00
   1.6385420e+00   7.5668727e+00   7.5576492e+00
   1.7054227e+00   7.0880996e+00   7.0719729e+00
   1.7723034e+00   6.6632528e+00   6.6192449e+00
   1.8391841e+00   6.2596411e+00   6.1955892e+00
   1.9060648e+00   5.8495960e+00   5.7795080e+00
   1.9729456e+00   5.4507741e+00   5.3573832e+00
   2.0398263e+00   5.0788149e+00   4.9413347e+00
   2.1067070e+00   4.6990329e+00   4.5444793e+00
   2.1735877e+00   4.2800149e+00   4.1614179e+00
   2.2404685e+00   3.8607240e+00   3.7880987e+00
   2.3073492e+00   3.5030154e+00   3.4376499e+00
   2.3742299e+00   3.2024092e+00   3.1200936e+00
   2.4411106e+00   2.9085092e+00   2.8264973e+00
   2.5079914e+00   2.6151241e+00   2.5481896e+00
   2.5748721e+00   2.3624989e+00   2.2927571e+00
   2.6417528e+00   2.1565354e+00   2.0669095e+00
   2.7086335e+00   1.9534083e+00   1.8617496e+00
   2.7755142e+00   1.7327104e+00   1.6691475e+00
   2.8423950e+00   1.5274925e+00   1.4958978e+00
   2.9092757e+00   1.3661717e+00   1.3481547e+00
   2.9761564e+00   1.2333632e+00   1.2176715e+00
   3.0430371e+00   1.1055577e+00   1.0964452e+00
   3.1099179e+00   9.8310507e-01   9.8998152e-01
   3.1767986e+00   8.6914023e-01   9.0346603e-01
   3.2436793e+00   7.5608608e-01   8.2903990e-01
   3.3105600e+00   6.5258160e-01   7.5900823e-01
   3.3774408e+00   5.8681131e-01   6.9818371e-01
   3.4443215e+00   5.5906537e-01   6.5133911e-01
   3.5112022e+00   5.2274001e-01   6.1129649e-01
   3.5780829e+00   4.4028641e-01   5.7094426e-01
   3.6449636e+00   3.3421065e-01   5.3482659e-01
   3.7118444e+00   2.5490216e-01   5.0769945e-01
   3.7787251e+00   2.1630379e-01   4.8332073e-01
   3.8456058e+00   1.9212192e-01   4.5543146e-01
   3.9124865e+00   1.6392443e-01   4.2866719e-01
   3.9793673e+00   1.4303418e-01   4.0805445e-01
   4.0462480e+00   1.4514263e-01   3.8841206e-01
   4.1131287e+00   1.6623017e-01   3.6440514e-01
   4.1800094e+00   1.8953802e-01   3.4078961e-01
   4.2468902e+00   2.0233072e-01   3.2266858e-01
   4.3137709e+00   1.9955255e-01   3.0545087e-01
   4.3806516e+00   1.8029145e-01   2.8418689e-01
   4.4475323e+00   1.4874959e-01   2.6333211e-01
   4.5144130e+00   1.1604873e-01   2.4774255e-01
   4.5812938e+00   9.4368405e-02   2.3314876e-01
   4.6481745e+00   8.6577494e-02   2.1483763e-01
   4.7150552e+00   8.3979918e-02   1.9694708e-01
   4.7819359e+00   7.7237656e-02   1.8408460e-01
   4.8488167e+00   6.7984008e-02   1.7225168e-01
   4.9156974e+00   6.5582572e-02   1.5694423e-01
   4.9825781e+00   7.3349838e-02   1.4202156e-01
   5.0494588e+00   8.3266966e-02   1.3187247e-01
   5.1163396e+00   8.4526627e-02   1.2274317e-01
   5.1832203e+00   7.2632567e-02   1.1031976e-01
   5.2501010e+00   5.1296853e-02   9.8212765e-02
   5.3169817e+00   3.1461629e-02   9.0612738e-02
   5.3838624e+00   2.6478043e-02   8.3985454e-02
   5.4507432e+00   4.0278539e-02   7.4191947e-02
   5.5176239e+00   6.1400009e-02   6.4623121e-02
   5.5845046e+00   7.5116817e-02   5.9293475e-02
   5.6513853e+00   7.6741399e-02   5.4869667e-02
   5.7182661e+00   6.5870547e-02   4.7373956e-02
   5.7851468e+00   3.9559361e-02   3.9999636e-02
   5.8520275e+00   6.9472412e-03   3.6600642e-02
   5.9189082e+00  -3.0969970e-03   3.4025788e-02
   5.9857890e+00   2.4907197e-02   2.8445897e-02
   6.0526697e+00   6.0686465e-02   2.2876909e-02
   6.1195504e+00   5.9654163e-02   2.1028247e-02
   6.1864311e+00   2.2218611e-02   1.9917225e-02
   6.2533118e+00  -1.1995475e-02   1.5853739e-02
   6.3201926e+00  -2.5169008e-02   1.1694318e-02
   6.3870733e+00  -3.4542257e-02   1.1017327e-02
   6.4539540e+00  -4.3524619e-02   1.0995626e-02
   6.5208347e+00  -3.0791042e-02   8.0687448e-03
   6.5877155e+00  -1.6121229e-03   4.9487068e-03
   6.6545962e+00   4.2046133e-03   5.0942599e-03
   6.7214769e+00  -1.8151774e-02   5.8222353e-03
   6.7883576e+00  -1.4541485e-02   3.6932495e-03
   6.8552384e+00   4.2950927e-02   1.2877290e-03
   6.9221191e+00   9.4785140e-02   1.9547622e-03
   6.9889998e+00   7.0549300e-02   3.1447959e-03
   7.0558805e+00  -7.2607672e-03   1.5318372e-03
   7.1227612e+00  -5.2161564e-02  -4.2385782e-04
   7.1896420e+00  -2.4913791e-02   5.2605602e-04
   7.2565227e+00   3.6766611e-02   1.9562945e-03
   7.3234034e+00   8.3329547e-02   6.4674872e-04
   7.3902841e+00   9.5786643e-02  -1.0534167e-03
   7.4571649e+00   7.3156211e-02   1.0155069e-05
   7.5240456e+00   2.8896723e-02   1.5271361e-03
   7.5909263e+00  -2.0528713e-03   3.7607551e-04
   7.6578070e+00   4.3106231e-03  -1.1968211e-03
   7.7246878e+00   2.4318351e-02  -1.2480610e-04
   7.7915685e+00   2.0114769e-02   1.3886356e-03
   7.8584492e+00   3.2338879e-05   3.1413746e-04
   7.9253299e+00   1.4007211e-03  -1.1980255e-03
   7.9922106e+00   2.2048625e-02  -1.6328242e-04
   8.0590914e+00   2.0751834e-02   1.3138671e-03
   8.1259721e+00  -1.3197110e-02   2.8894188e-04
   8.1928528e+00  -4.1323168e-02  -1.1795240e-03
   8.2597335e+00  -3.4804932e-02  -1.8674031e-04
   8.3266143e+00  -7.6951230e-03   1.2527846e-03
   8.3934950e+00   1.6554906e-02   2.7249413e-04
   8.4603757e+00   2.9156524e-02  -1.1558710e-03
   8.5272564e+00   1.9348838e-02  -2.0298179e-04
   8.5941372e+00  -2.0732044e-02   1.2006879e-03
   8.6610179e+00  -6.2345600e-02   2.6180089e-04
   8.7278986e+00  -5.6470357e-02  -1.1292611e-03
   8.7947793e+00  -1.6864892e-03  -2.1420842e-04
   8.8616600e+00   4.5671182e-02   1.1553407e-03
   8.9285408e+00   4.9501798e-02   2.5506515e-04
   8.9954215e+00   4.2240260e-02  -1.1010548e-03
   9.0623022e+00   7.0107935e-02  -2.2176410e-04
   9.1291829e+00   1.2570889e-01   1.1153554e-03
   9.1960637e+00   1.6512641e-01   2.5100597e-04
   9.2629444e+00   1.6510589e-01  -1.0727592e-03
   9.3298251e+00   1.3422501e-01  -2.2783835e-04
   9.3967058e+00   8.8254669e-02   1.0782306e-03
   9.4635866e+00   4.1597443e-02   2.4779388e-04
   9.5304673e+00   8.3977903e-03  -1.0450759e-03
   9.5973480e+00  -9.2375834e-03  -2.3238776e-04
   9.6642287e+00  -2.1937465e-02   1.0442275e-03
   9.7311095e+00  -2.9399502e-02   2.4561573e-04
   9.7979902e+00  -1.5538079e-02  -1.0181012e-03
   9.8648709e+00   1.8839866e-02  -2.3578885e-04
   9.9317516e+00   4.2524765e-02   1.0131066e-03
   9.9986323e+00   3.3227904e-02   2.4471170e-04
   1.0065513e+01   8.7054539e-03  -9.9145248e-04
   1.0132394e+01  -4.6521335e-03  -2.3814861e-04
   1.0199275e+01  -1.4232263e-02   9.8419901e-04
   1.0266155e+01  -4.2897665e-02   2.4430945e-04
   1.0333036e+01  -8.0812391e-02  -9.6573724e-04
   1.0399917e+01  -8.8420544e-02  -2.3998647e-04
   1.0466797e+01  -4.9525435e-02   9.5708575e-04
   1.0533678e+01   2.2374475e-03   2.4422750e-04
   1.0600559e+01   1.8858853e-02  -9.4099387e-04
   1.0667440e+01  -1.0395967e-02  -2.4144287e-04
   1.0734320e+01  -4.8390217e-02   9.3154022e-04
   1.0801201e+01  -4.8463811e-02   2.4435959e-04
   1.0868082e+01  -2.8830936e-03  -9.1722678e-04
   1.0934962e+01   4.8162110e-02  -2.4261677e-04
   1.1001843e+01   5.9948763e-02   9.0738418e-04
   1.1068724e+01   3.1364532e-02   2.4463258e-04
   1.1135605e+01  -4.0744450e-04  -8.9442010e-04
   1.1202485e+01  -8.5819011e-03  -2.4357997e-04
   1.1269366e+01  -2.7361591e-03   8.8447213e-04
   1.1336247e+01  -5.8595336e-03   2.4499434e-04
   1.1403128e+01  -2.5751367e-02  -8.7254661e-04
   1.1470008e+01  -5.5463186e-02  -2.4438579e-04
   1.1536889e+01  -8.3157921e-02   8.6268270e-04
   1.1603770e+01  -9.1777220e-02   2.4540725e-04
   1.1670650e+01  -6.6583678e-02  -8.5157247e-04
   1.1737531e+01  -1.7433639e-02  -2.4507410e-04
   1.1804412e+01   1.8394363e-02   8.4191347e-04
   1.1871293e+01   1.0406259e-02   2.4584448e-04
   1.1938173e+01  -3.3160451e-02  -8.3145978e-04
   1.2005054e+01  -7.5661374e-02  -2.4567446e-04
   1.2071935e+01  -8.7195651e-02   8.2207742e-04
   1.2138815e+01  -6.2783255e-02   2.4628746e-04
   1.2205696e+01  -1.6001243e-02  -8.1216832e-04
   1.2272577e+01   3.1877647e-02  -2.4620842e-04
   1.2339458e+01   5.8413109e-02   8.0310013e-04
   1.2406338e+01   4.7949881e-02   2.4672399e-04
   1.2473219e+01   1.8858166e-03  -7.9365673e-04
   1.2540100e+01  -5.7064159e-02  -2.4669134e-04
   1.2606981e+01  -9.6215981e-02   7.8491751e-04
   1.2673861e+01  -9.8637431e-02   2.4714655e-04
   1.2740742e+01  -7.9480551e-02  -7.7588366e-04
   1.2807623e+01  -6.6141304e-02  -2.4713399e-04
   1.2874503e+01  -5.9874549e-02   7.6747379e-04
   1.2941384e+01  -3.4555385e-02   2.4755100e-04
   1.3008265e+01   1.7430247e-02  -7.5880858e-04
   1.3075146e+01   6.0087082e-02  -2.4754385e-04
   1.3142026e+01   5.5798017e-02   7.5071991e-04
   1.3208907e+01   1.6850078e-02   2.4793546e-04
   1.3275788e+01  -1.0189483e-02  -7.4239239e-04
   1.3342668e+01  -1.6984684e-03  -2.4792612e-04
   1.3409549e+01   2.5969960e-02   7.3461224e-04
   1.3476430e+01   4.7493715e-02   2.4829953e-04
   1.3543311e+01   4.9641719e-02  -7.2659786e-04
   1.3610191e+01   2.8327604e-02  -2.4828445e-04
   1.3677072e+01  -5.6493615e-03   7.1911149e-04
   1.3743953e+01  -1.9804241e-02   2.4864365e-04
   1.3810834e+01   1.2180693e-02  -7.1138989e-04
   1.3877714e+01   7.2418554e-02  -2.4862147e-04
   1.3944595e+01   1.1082362e-01   7.0418203e-04
   1.4011476e+01   9.6712666e-02   2.4896874e-04
   1.4078356e+01   4.2295283e-02  -6.9673554e-04
   1.4145237e+01  -1.6836381e-02  -2.4893920e-04
   1.4212118e+01  -4.3907370e-02   6.8979124e-04
   1.4278999e+01  -1.8592016e-02   2.4927593e-04
   1.4345879e+01   3.6508080e-02  -6.8260411e-04
   1.4412760e+01   6.0007796e-02  -2.4923925e-04
   1.4479641e+01   1.9910291e-02   6.7590908e-04
   1.4546522e+01  -3.2568157e-02   2.4956640e-04
   1.4613402e+01  -2.0833362e-02  -6.6896696e-04
   1.4680283e+01   5.1732711e-02  -2.4952298e-04
   1.4747164e+01   1.0456494e-01   6.6250781e-04
   1.4814044e+01   9.0233464e-02   2.4984128e-04
   1.4880925e+01   4.8483820e-02  -6.5579749e-04
   1.4947806e+01   3.6947251e-02  -2.4979159e-04
   1.5014687e+01   5.8429009e-02   6.4956168e-04
   1.5081567e+01   7.9310122e-02   2.5010165e-04
   1.5148448e+01   7.8080463e-02  -6.4307093e-04
   1.5215329e+01   5.1601445e-02  -2.5004615e-04
   1.5282209e+01   8.4134822e-03   6.3704676e-04
   1.5349090e+01  -2.3138093e-02   2.5034850e-04
   1.5415971e+01  -1.2875877e-02  -6.3076421e-04
   1.5482852e+01   2.7633910e-02  -2.5028761e-04
   1.5549732e+01   5.2276176e-02   6.2494079e-04
   1.5616613e+01   4.3758252e-02   2.5058274e-04
   1.5683494e+01   3.1086470e-02  -6.1885583e-04
   1.5750375e+01   3.1926956e-02  -2.5051686e-04
   1.5817255e+01   2.5821811e-02   6.1322300e-04
   1.5884136e+01   5.0809869e-03   2.5080522e-04
   1.5951017e+01   6.9745620e-04  -6.0732574e-04
   1.6017897e+01   2.7161572e-02  -2.5073472e-04
   1.6084778e+01   4.9432286e-02   6.0187398e-04
   1.6151659e+01   3.9355875e-02   2.5101670e-04
   1.6218540e+01   1.8911618e-02  -5.9615521e-04
   1.6285420e+01   1.1197512e-02  -2.5094193e-04
   1.6352301e+01  -1.6678824e-03   5.9087563e-04
   1.6419182e+01  -2.7732021e-02   2.5121789e-04
   1.6486062e+01  -2.4735035e-02  -5.8532672e-04
   1.6552943e+01   3.1290231e-02  -2.5113918e-04
   1.6619824e+01   8.2294872e-02   5.8021098e-04
   1.6686705e+01   6.2451174e-02   2.5140945e-04
   1.6753585e+01   3.0303757e-03  -5.7482384e-04
   1.6820466e+01  -1.1064748e-02  -2.5132708e-04
   1.6887347e+01   3.2019697e-02   5.6986416e-04
   1.6954228e+01   6.4302053e-02   2.5159197e-04
   1.7021108e+01   4.7600310e-02  -5.6463122e-04
   1.7087989e+01   1.3309435e-02  -2.5150623e-04
   1.7154870e+01  -9.0258627e-03   5.5982025e-04
   1.7221750e+01  -2.9011355e-02   2.5176600e-04
   1.7288631e+01  -4.8140146e-02  -5.5473442e-04
   1.7355512e+01  -4.2248717e-02  -2.5167717e-04
   1.7422393e+01  -1.2735403e-02   5.5006528e-04
   1.7489273e+01   2.1600988e-03   2.5193207e-04
   1.7556154e+01  -9.1994259e-03  -5.4511991e-04
   1.7623035e+01  -9.5269338e-03  -2.5184040e-04
   1.7689916e+01   2.0487236e-02   5.4058611e-04
   1.7756796e+01   4.2957692e-02   2.5209063e-04
   1.7823677e+01   2.3026054e-02  -5.3577492e-04
   1.7890558e+01  -1.4124801e-02  -2.5199634e-04
   1.7957438e+01  -2.2747816e-02   5.3137040e-04
   1.8024319e+01   2.3734902e-04   2.5224214e-04
   1.8091200e+01   2.6825668e-02  -5.2668749e-04
   1.8158081e+01   4.4808212e-02  -2.5214531e-04
   1.8224961e+01   5.7081433e-02   5.2240648e-04
   1.8291842e+01   5.5834629e-02   2.5238487e-04
   1.8358723e+01   3.3736940e-02  -5.1785487e-04
   1.8425603e+01   7.7121410e-03  -2.5230791e-04
   1.8492484e+01   6.2580263e-04   5.1365049e-04
   1.8559365e+01   9.5010116e-03   2.5248227e-04
   1.8626246e+01   1.8401422e-02  -5.0928921e-04
   1.8693126e+01   3.0498413e-02  -2.5247430e-04
   1.8760007e+01   5.7154210e-02   5.0514142e-04
   1.8826888e+01   8.3652120e-02   2.5260883e-04
   1.8893769e+01   7.9726793e-02  -5.0091071e-04
   1.8960649e+01   4.5596660e-02  -2.5260781e-04
   1.9027530e+01   1.6879323e-02   4.9686097e-04
   1.9094411e+01   1.5213550e-02   2.5271847e-04
   1.9161291e+01   2.0221498e-02  -4.9277214e-04
   1.9228172e+01   5.3848006e-03  -2.5276128e-04
   1.9295053e+01  -1.9280329e-02   4.8877670e-04
   1.9361934e+01  -2.2984408e-02   2.5282463e-04
   1.9428814e+01  -2.3639791e-03  -4.8482266e-04
   1.9495695e+01   1.1780171e-02  -2.5288348e-04
   1.9562576e+01  -1.0031828e-03   4.8091953e-04
   1.9629456e+01  -2.1380482e-02   2.5294202e-04
   1.9696337e+01  -1.8422262e-02  -4.7706411e-04
   1.9763218e+01   7.0359767e-03  -2.5299849e-04
   1.9830099e+01   2.5958477e-02   4.7325717e-04
   1.9896979e+01   2.2271775e-02   2.5305458e-04
   1.9963860e+01   1.0129188e-02  -4.6949621e-04
   2.0030741e+01   7.9878742e-03  -2.5310888e-04
   2.0097622e+01   1.3994364e-02   4.6578161e-04
   2.0164502e+01   1.5357726e-02   2.5316266e-04
   2.0231383e+01   8.9325652e-03  -4.6211134e-04
   2.0298264e+01   3.0182145e-03  -2.5321490e-04
   2.0365144e+01   6.4657124e-03   4.5848545e-04
   2.0432025e+01   2.0770504e-02   2.5326651e-04
   2.0498906e+01   3.5292949e-02  -4.5490228e-04
   2.0565787e+01   3.1370785e-02  -2.5331677e-04
   2.0632667e+01   5.3943578e-03   4.5136167e-04
   2.0699548e+01  -1.4069831e-02   2.5336634e-04
   2.0766429e+01   5.4517647e-03  -4.4786221e-04
   2.0833309e+01   5.1826253e-02  -2.5341472e-04
   2.0900190e+01   7.5101637e-02   4.4440360e-04
   2.0967071e+01   5.2213952e-02   2.5346236e-04
   2.1033952e+01   1.5487533e-02  -4.4098465e-04
   2.1100832e+01   7.2756053e-04  -2.5350893e-04
   2.1167713e+01  -1.5328326e-03   4.3760493e-04
   2.1234594e+01  -1.7480628e-02   2.5355476e-04
   2.1301475e+01  -4.1342998e-02  -4.3426343e-04
   2.1368355e+01  -4.9092481e-02  -2.5359960e-04
   2.1435236e+01  -4.0005969e-02   4.3095965e-04
   2.1502117e+01  -2.8299405e-02   2.5364370e-04
   2.1568997e+01  -8.5175203e-03  -4.2769269e-04
   2.1635878e+01   3.2609337e-02  -2.5368690e-04
   2.1702759e+01   7.8441534e-02   4.2446204e-04
   2.1769640e+01   9.3256320e-02   2.5372936e-04
   2.1836520e+01   6.7514903e-02  -4.2126687e-04
   2.1903401e+01   2.2056976e-02  -2.5377099e-04
   2.1970282e+01  -2.5384458e-02   4.1810666e-04
   2.2037163e+01  -6.5428109e-02   2.5381190e-04
   2.2104043e+01  -7.8611669e-02  -4.1498066e-04
   2.2170924e+01  -5.1729744e-02  -2.5385203e-04
   2.2237805e+01  -9.5894143e-03   4.1188834e-04
   2.2304685e+01   9.6216934e-03   2.5389146e-04
   2.2371566e+01   1.0511375e-02  -4.0882902e-04
   2.2438447e+01   3.0343771e-02  -2.5393016e-04
   2.2505328e+01   7.0393649e-02   4.0580216e-04
   2.2572208e+01   8.4967875e-02   2.5396818e-04
   2.2639089e+01   5.2775444e-02  -4.0280713e-04
   2.2705970e+01   1.4276255e-02  -2.5400551e-04
   2.2772850e+01   1.3449544e-02   3.9984340e-04
   2.2839731e+01   3.7898677e-02   2.5404220e-04
   2.2906612e+01   4.5711598e-02  -3.9691040e-04
   2.2973493e+01   2.6990083e-02  -2.5407823e-04
   2.3040373e+01   1.0643256e-02   3.9400760e-04
   2.3107254e+01   2.4158604e-02   2.5411364e-04
   2.3174135e+01   6.6125013e-02  -3.9113445e-04
   2.3241016e+01   1.0797463e-01  -2.5414842e-04
   2.3307896e+01   1.1295681e-01   3.8829046e-04
   2.3374777e+01   6.8109788e-02   2.5418260e-04
   2.3441658e+01   3.8698666e-03  -3.8547511e-04
   2.3508538e+01  -3.5426630e-02  -2.5421620e-04
   2.3575419e+01  -4.2022890e-02   3.8268792e-04
   2.3642300e+01  -4.1390198e-02   2.5424922e-04
   2.3709181e+01  -3.9723493e-02  -3.7992839e-04
   2.3776061e+01  -1.3545016e-02  -2.5428167e-04
   2.3842942e+01   3.7114469e-02   3.7719606e-04
   2.3909823e+01   6.7239360e-02   2.5431358e-04
   2.3976703e+01   4.4529821e-02  -3.7449046e-04
   2.4043584e+01  -3.6065902e-03  -2.5434495e-04
   2.4110465e+01  -2.8873960e-02   3.7181116e-04
   2.4177346e+01  -2.0809803e-02   2.5437579e-04
   2.4244226e+01   1.3395506e-03  -3.6915769e-04
   2.4311107e+01   2.8226999e-02  -2.5440612e-04
   2.4377988e+01   5.7234286e-02   3.6652965e-04
   2.4444869e+01   6.9975902e-02   2.5443595e-04
   2.4511749e+01   5.0550570e-02  -3.6392659e-04
   2.4578630e+01   1.6292411e-02  -2.5446528e-04
   2.4645511e+01  -1.7691142e-03   3.6134812e-04
   2.4712391e+01  -2.2805466e-03   2.5449413e-04
   2.4779272e+01  -8.9483826e-03  -3.5879382e-04
   2.4846153e+01  -2.8282493e-02  -2.5452251e-04
   2.4913034e+01  -3.9913711e-02   3.5626330e-04
   2.4979914e+01  -2.8988369e-02   2.5455042e-04
   2.5046795e+01  -6.3837551e-03  -3.5375617e-04
   2.5113676e+01   5.7082181e-03  -2.5457789e-04
   2.5180556e+01  -3.9870298e-03   3.5127206e-04
   2.5247437e+01  -2.5095650e-02   2.5460491e-04
   2.5314318e+01  -2.9991747e-02  -3.4881060e-04
   2.5381199e+01  -6.1015410e-05  -2.5463150e-04
   2.5448079e+01   4.5015998e-02   3.4637141e-04
   2.5514960e+01   6.2014759e-02   2.5465766e-04
   2.5581841e+01   3.8314846e-02  -3.4395415e-04
   2.5648722e+01   8.4823107e-03  -2.5468341e-04
   2.5715602e+01   3.5626589e-03   3.4155848e-04
   2.5782483e+01   1.3086262e-02   2.5470876e-04
   2.5849364e+01   1.7989361e-02  -3.3918403e-04
   2.5916244e+01   2.7144213e-02  -2.5473370e-04
   2.5983125e+01   4.8672608e-02   3.3683049e-04
   2.6050006e+01   5.7293818e-02   2.5475825e-04
   2.6116887e+01   3.3217301e-02  -3.3449753e-04
   2.6183767e+01   6.8657923e-03  -2.5478242e-04
   2.6250648e+01   1.4424227e-02   3.3218482e-04
   2.6317529e+01   2.9712029e-02   2.5480622e-04
   2.6384410e+01  -5.3024140e-04  -3.2989205e-04
   2.6451290e+01  -6.3378898e-02  -2.5482965e-04
   2.6518171e+01  -8.5707117e-02   3.2761892e-04
   2.6585052e+01  -3.8111532e-02   2.5485271e-04
   2.6651932e+01   2.6704438e-02  -3.2536512e-04
   2.6718813e+01   5.2315214e-02  -2.5487543e-04
   2.6785694e+01   4.0362721e-02   3.2313035e-04
   2.6852575e+01   1.7285317e-02   2.5489780e-04
   2.6919455e+01  -5.6561933e-03  -3.2091433e-04
   2.6986336e+01  -1.4486721e-02  -2.5491983e-04
   2.7053217e+01   1.2861003e-02   3.1871677e-04
   2.7120097e+01   6.0789605e-02   2.5494152e-04
   2.7186978e+01   7.0574737e-02  -3.1653740e-04
   2.7253859e+01   1.8497792e-02  -2.5496290e-04
   2.7320740e+01  -3.9870663e-02   3.1437593e-04
   2.7387620e+01  -4.3249421e-02   2.5498395e-04
   2.7454501e+01  -6.3454750e-03  -3.1223211e-04
   2.7521382e+01   1.5450097e-02  -2.5500468e-04
   2.7588263e+01   9.1152662e-03   3.1010566e-04
   2.7655143e+01   1.7760694e-04   2.5502511e-04
   2.7722024e+01  -7.8396549e-03  -3.0799634e-04
   2.7788905e+01  -3.0948240e-02  -2.5504524e-04
   2.7855785e+01  -5.3431695e-02   3.0590389e-04
   2.7922666e+01  -3.7655260e-02   2.5506507e-04
   2.7989547e+01   1.2444786e-02  -3.0382805e-04
   2.8056428e+01   4.6977727e-02  -2.5508461e-04
   2.8123308e+01   3.6478398e-02   3.0176859e-04
   2.8190189e+01   1.2388510e-03   2.5510387e-04
   2.8257070e+01  -3.1231167e-02  -2.9972527e-04
   2.8323950e+01  -5.5740644e-02  -2.5512285e-04
   2.8390831e+01  -6.7096132e-02   2.9769785e-04
   2.8457712e+01  -5.0919999e-02   2.5514155e-04
   2.8524593e+01  -1.4143413e-02  -2.9568611e-04
   2.8591473e+01   1.1147806e-02  -2.5515998e-04
   2.8658354e+01   1.2896388e-02   2.9368981e-04
   2.8725235e+01   1.5935265e-02   2.5517815e-04
   2.8792116e+01   3.5797690e-02  -2.9170874e-04
   2.8858996e+01   5.0005208e-02  -2.5519605e-04
   2.8925877e+01   3.9503651e-02   2.8974268e-04
   2.8992758e+01   2.5748285e-02   2.5521371e-04
   2.9059638e+01   3.3902382e-02  -2.8779141e-04
   2.9126519e+01   4.5133488e-02  -2.5523111e-04
   2.9193400e+01   2.4237333e-02   2.8585472e-04
   2.9260281e+01  -2.0550518e-02   2.5524826e-04
   2.9327161e+01  -4.4379055e-02  -2.8393242e-04
   2.9394042e+01  -2.6634714e-02  -2.5526518e-04
   2.9460923e+01   1.0067411e-02   2.8202429e-04
   2.9527803e+01   4.0253779e-02   2.5528186e-04
   2.9594684e+01   6.0209862e-02  -2.8013013e-04
   2.9661565e+01   6.6715095e-02  -2.5529830e-04
   2.9728446e+01   4.4532564e-02   2.7824976e-04
   2.9795326e+01  -7.9734994e-03   2.5531451e-04
   2.9862207e+01  -6.2118251e-02  -2.7638298e-04
   2.9929088e+01  -8.5683767e-02  -2.5533051e-04
   2.9995969e+01  -7.5176123e-02   2.7452960e-04
   3.0062849e+01  -5.0220129e-02   2.5534627e-04
   3.0129730e+01  -2.7778690e-02  -2.7268943e-04
   3.0196611e+01  -1.3611701e-02  -2.5536183e-04
   3.0263491e+01  -8.3704660e-03   2.7086230e-04
   3.0330372e+01  -7.4585478e-03   2.5537717e-04
   3.0397253e+01   1.6159737e-04  -2.6904803e-04
   3.0464134e+01   2.0496191e-02  -2.5539230e-04
   3.0531014e+01   4.3312371e-02   2.6724644e-04
   3.0597895e+01   5.1018702e-02   2.5540722e-04
   3.0664776e+01   3.7464924e-02  -2.6545735e-04
   3.0731657e+01   1.2064078e-02  -2.5542194e-04
   3.0798537e+01  -1.1058233e-02   2.6368060e-04
   3.0865418e+01  -2.1083751e-02   2.5543646e-04
   3.0932299e+01  -1.2625621e-02  -2.6191603e-04
   3.0999179e+01   9.3957360e-03  -2.5545079e-04
   3.1066060e+01   2.8160129e-02   2.6016345e-04
   3.1132941e+01   2.8751264e-02   2.5546492e-04
   3.1199822e+01   1.4834257e-02  -2.5842273e-04
   3.1266702e+01   2.6629136e-03  -2.5547887e-04
   3.1333583e+01  -1.7895665e-03   2.5669369e-04
   3.1400464e+01  -7.7684964e-03   2.5549262e-04
   3.1467344e+01  -1.8875927e-02  -2.5497619e-04
   3.1534225e+01  -2.2200263e-02  -2.5550620e-04
   3.1601106e+01  -8.0964583e-03   2.5327006e-04
   3.1667987e+01   1.2171074e-02   2.5551960e-04
   3.1734867e+01   2.3268998e-02  -2.5157516e-04
   3.1801748e+01   2.9673477e-02  -2.5553281e-04
   3.1868629e+01   4.2616683e-02   2.4989134e-04
   3.1935510e+01   4.9786655e-02   2.5554586e-04
   3.2002390e+01   2.5184545e-02  -2.4821845e-04
   3.2069271e+01  -2.6428544e-02  -2.5555873e-04
   3.2136152e+01  -6.1651292e-02   2.4655635e-04
   3.2203032e+01  -4.9255638e-02   2.5557144e-04
   3.2269913e+01  -8.6615134e-03  -2.4490490e-04
   3.2336794e+01   1.9207520e-02  -2.5558398e-04
   3.2403675e+01   2.1728232e-02   2.4326396e-04
   3.2470555e+01   1.4630703e-02   2.5559635e-04
   3.2537436e+01   7.6267317e-03  -2.4163339e-04
   3.2604317e+01  -3.3613906e-03  -2.5560857e-04
   3.2671197e+01  -1.6744044e-02   2.4001306e-04
   3.2738078e+01  -2.3956311e-02   2.5562063e-04
   3.2804959e+01  -2.5923241e-02  -2.3840284e-04
   3.2871840e+01  -2.9038705e-02  -2.5563253e-04
   3.2938720e+01  -2.7651843e-02   2.3680259e-04
   3.3005601e+01  -1.3425074e-02   2.5564428e-04
   3.3072482e+01   1.4054300e-03  -2.3521219e-04
   3.3139363e+01  -2.9273334e-03  -2.5565588e-04
   3.3206243e+01  -1.8410781e-02   2.3363151e-04
   3.3273124e+01  -1.7206555e-02   2.5566733e-04
   3.3340005e+01   2.8282903e-03  -2.3206043e-04
   3.3406885e+01   1.4943966e-02  -2.5567863e-04
   3.3473766e+01   1.3626651e-02   2.3049883e-04
   3.3540647e+01   2.8912290e-02   2.5568980e-04
   3.3607528e+01   7.1555059e-02  -2.2894658e-04
   3.3674408e+01   1.0127121e-01  -2.5570082e-04
   3.3741289e+01   8.0288061e-02   2.2740356e-04
   3.3808170e+01   3.0250986e-02   2.5571170e-04
   3.3875051e+01   1.2767271e-03  -2.2586967e-04
   3.3941931e+01   5.5811691e-03  -2.5572244e-04
   3.4008812e+01   1.7722418e-02   2.2434478e-04
   3.4075693e+01   2.3322508e-02   2.5573305e-04
   3.4142573e+01   2.6909891e-02  -2.2282879e-04
   3.4209454e+01   2.0794750e-02  -2.5574352e-04
   3.4276335e+01  -1.0995118e-02   2.2132157e-04
   3.4343216e+01  -5.5946831e-02   2.5575387e-04
   3.4410096e+01  -7.7167643e-02  -2.1982302e-04
   3.4476977e+01  -6.1182640e-02  -2.5576409e-04
   3.4543858e+01  -3.1786415e-02   2.1833304e-04
   3.4610738e+01  -1.1082576e-02   2.5577417e-04
   3.4677619e+01   2.8679997e-03  -2.1685151e-04
   3.4744500e+01   1.2302873e-02  -2.5578414e-04
   3.4811381e+01   6.0293939e-03   2.1537834e-04
   3.4878261e+01  -1.5314039e-02   2.5579398e-04
   3.4945142e+01  -2.7380318e-02  -2.1391341e-04
   3.5012023e+01  -1.5748591e-02  -2.5580370e-04
   3.5078904e+01  -2.4032755e-03   2.1245663e-04
   3.5145784e+01  -1.7684629e-02   2.5581330e-04
   3.5212665e+01  -5.7013406e-02  -2.1100789e-04
   3.5279546e+01  -8.3917922e-02  -2.5582278e-04
   3.5346426e+01  -7.1670640e-02   2.0956710e-04
   3.5413307e+01  -2.9866921e-02   2.5583214e-04
   3.5480188e+01   8.0421015e-03  -2.0813416e-04
   3.5547069e+01   1.6962718e-02  -2.5584139e-04
   3.5613949e+01   1.9622009e-03   2.0670897e-04
   3.5680830e+01  -9.7635820e-03   2.5585053e-04
   3.5747711e+01  -3.8992107e-05  -2.0529145e-04
   3.5814591e+01   2.1727106e-02  -2.5585956e-04
   3.5881472e+01   3.5523052e-02   2.0388148e-04
   3.5948353e+01   3.5152360e-02   2.5586847e-04
   3.6015234e+01   2.3668925e-02  -2.0247900e-04
   3.6082114e+01  -1.7961287e-03  -2.5587728e-04
   3.6148995e+01  -3.8791294e-02   2.0108389e-04
   3.6215876e+01  -6.3374691e-02   2.5588598e-04
   3.6282757e+01  -5.3592780e-02  -1.9969608e-04
   3.6349637e+01  -2.4818356e-02  -2.5589458e-04
   3.6416518e+01  -1.1159592e-02   1.9831547e-04
   3.6483399e+01  -1.3388150e-02   2.5590307e-04
   3.6550279e+01  -1.3398574e-03  -1.9694198e-04
   3.6617160e+01   2.7375727e-02  -2.5591146e-04
   3.6684041e+01   3.2530690e-02   1.9557553e-04
   3.6750922e+01  -7.3521724e-03   2.5591976e-04
   3.6817802e+01  -5.6012444e-02  -1.9421603e-04
   3.6884683e+01  -6.8666224e-02  -2.5592795e-04
   3.6951564e+01  -5.1510287e-02   1.9286339e-04
   3.7018444e+01  -4.1996592e-02   2.5593604e-04
   3.7085325e+01  -5.1616710e-02  -1.9151753e-04
   3.7152206e+01  -6.0619223e-02  -2.5594404e-04
   3.7219087e+01  -5.5559526e-02   1.9017837e-04
   3.7285967e+01  -4.0528847e-02   2.5595194e-04
   3.7352848e+01  -1.8034054e-02  -1.8884584e-04
   3.7419729e+01   1.2812037e-02  -2.5595974e-04
   3.7486610e+01   3.9654929e-02   1.8751985e-04
   3.7553490e+01   4.0547937e-02   2.5596746e-04
   3.7620371e+01   8.0216158e-03  -1.8620033e-04
   3.7687252e+01  -4.0533639e-02  -2.5597508e-04
   3.7754132e+01  -7.4132658e-02   1.8488720e-04
   3.7821013e+01  -6.6733778e-02   2.5598261e-04
   3.7887894e+01  -1.9912207e-02  -1.8358038e-04
   3.7954775e+01   2.4144823e-02  -2.5599005e-04
   3.8021655e+01   1.4044705e-02   1.8227980e-04
   3.8088536e+01  -4.7684482e-02   2.5599741e-04
   3.8155417e+01  -9.2525984e-02  -1.8098538e-04
   3.8222298e+01  -6.1768193e-02  -2.5600468e-04
   3.8289178e+01   2.0884783e-02   1.7969706e-04
   3.8356059e+01   7.9409850e-02   2.5601186e-04
   3.8422940e+01   7.5123450e-02  -1.7841475e-04
   3.8489820e+01   3.5419466e-02  -2.5601896e-04
   3.8556701e+01   1.9862470e-03   1.7713840e-04
   3.8623582e+01  -1.2969184e-02   2.5602597e-04
   3.8690463e+01  -1.5452122e-02  -1.7586793e-04
   3.8757343e+01  -7.2137352e-03  -2.5603291e-04
   3.8824224e+01   1.1646909e-02   1.7460326e-04
   3.8891105e+01   3.5578498e-02   2.5603976e-04
   3.8957985e+01   5.7975825e-02  -1.7334435e-04
   3.9024866e+01   7.0928262e-02  -2.5604653e-04
   3.9091747e+01   6.0686848e-02   1.7209110e-04
   3.9158628e+01   2.0974446e-02   2.5605322e-04
   3.9225508e+01  -2.7121040e-02  -1.7084347e-04
   3.9292389e+01  -4.7439870e-02  -2.5605984e-04
   3.9359270e+01  -2.7759038e-02   1.6960138e-04
   3.9426151e+01   6.7881169e-03   2.5606637e-04
   3.9493031e+01   2.3651126e-02  -1.6836477e-04
   3.9559912e+01   1.3959036e-02  -2.5607283e-04
   3.9626793e+01  -8.8053317e-03   1.6713357e-04
   3.9693673e+01  -2.7093653e-02   2.5607922e-04
   3.9760554e+01  -3.0528550e-02  -1.6590773e-04
   3.9827435e+01  -1.9599115e-02  -2.5608553e-04
   3.9894316e+01  -4.5863206e-03   1.6468717e-04
   3.9961196e+01   4.1784418e-03   2.5609177e-04
   4.0028077e+01   6.2241187e-03  -1.6347185e-04
   4.0094958e+01   7.0784694e-03  -2.5609793e-04
   4.0161838e+01   8.6680605e-03   1.6226169e-04
   4.0228719e+01   1.1122359e-02   2.5610403e-04
   4.0295600e+01   1.8990402e-02  -1.6105664e-04
   4.0362481e+01   3.5582963e-02  -2.5611005e-04
   4.0429361e+01   5.4804156e-02   1.5985664e-04
   4.0496242e+01   6.7190869e-02   2.5611600e-04
   4.0563123e+01   6.8548973e-02  -1.5866163e-04
   4.0630004e+01   5.5213513e-02  -2.5612189e-04
   4.0696884e+01   2.2354188e-02   1.5747156e-04
   4.0763765e+01  -1.9680907e-02   2.5612770e-04
   4.0830646e+01  -3.9966466e-02  -1.5628635e-04
   4.0897526e+01  -1.8331800e-02  -2.5613345e-04
   4.0964407e+01   2.4760410e-02   1.5510597e-04
   4.1031288e+01   4.9482149e-02   2.5613914e-04
   4.1098169e+01   4.2211025e-02  -1.5393035e-04
   4.1165049e+01   2.0156194e-02  -2.5614475e-04
   4.1231930e+01  -2.1864914e-03   1.5275943e-04
   4.1298811e+01  -2.5407445e-02   2.5615030e-04
   4.1365691e+01  -4.5391073e-02  -1.5159317e-04
   4.1432572e+01  -4.7797218e-02  -2.5615579e-04
   4.1499453e+01  -2.8621008e-02   1.5043151e-04
   4.1566334e+01  -1.4565378e-03   2.5616121e-04
   4.1633214e+01   1.9331622e-02  -1.4927440e-04
   4.1700095e+01   2.6512185e-02  -2.5616658e-04
   4.1766976e+01   1.3666195e-02   1.4812177e-04
   4.1833857e+01  -1.6137856e-02   2.5617187e-04
   4.1900737e+01  -3.5548806e-02  -1.4697360e-04
   4.1967618e+01  -1.4650708e-02  -2.5617711e-04
   4.2034499e+01   3.4771565e-02   1.4582981e-04
   4.2101379e+01   6.1787253e-02   2.5618229e-04
   4.2168260e+01   3.5160728e-02  -1.4469036e-04
   4.2235141e+01  -2.0781923e-02  -2.5618741e-04
   4.2302022e+01  -6.0746965e-02   1.4355520e-04
   4.2368902e+01  -6.8758764e-02   2.5619247e-04
   4.2435783e+01  -5.8988080e-02  -1.4242428e-04
   4.2502664e+01  -4.4222825e-02  -2.5619746e-04
   4.2569545e+01  -2.4529019e-02   1.4129755e-04
   4.2636425e+01  -1.2810225e-03   2.5620241e-04
   4.2703306e+01   1.3887569e-02  -1.4017496e-04
   4.2770187e+01   7.5395029e-03  -2.5620729e-04
   4.2837067e+01  -2.0104365e-02   1.3905647e-04
   4.2903948e+01  -4.7302794e-02   2.5621212e-04
   4.2970829e+01  -4.5260902e-02  -1.3794203e-04
   4.3037710e+01  -1.0902117e-02  -2.5621689e-04
   4.3104590e+01   2.2176543e-02   1.3683158e-04
   4.3171471e+01   2.2247944e-02   2.5622161e-04
   4.3238352e+01   1.8630175e-03  -1.3572509e-04
   4.3305232e+01  -2.1504975e-03  -2.5622627e-04
   4.3372113e+01   1.3012158e-02   1.3462251e-04
   4.3438994e+01   1.0159771e-02   2.5623088e-04
   4.3505875e+01  -2.8649551e-02  -1.3352379e-04
   4.3572755e+01  -6.9133628e-02  -2.5623543e-04
   4.3639636e+01  -6.8505127e-02   1.3242888e-04
   4.3706517e+01  -2.8185467e-02   2.5623993e-04
   4.3773398e+01   1.6014553e-02  -1.3133775e-04
   4.3840278e+01   3.7464443e-02  -2.5624438e-04
   4.3907159e+01   3.4527355e-02   1.3025035e-04
   4.3974040e+01   1.9798220e-02   2.5624878e-04
   4.4040920e+01   1.2111662e-02  -1.2916663e-04
   4.4107801e+01   2.5717114e-02  -2.5625313e-04
   4.4174682e+01   5.0893494e-02   1.2808656e-04
   4.4241563e+01   5.8096252e-02   2.5625742e-04
   4.4308443e+01   3.5931042e-02  -1.2701009e-04
   4.4375324e+01   1.0163808e-02  -2.5626166e-04
   4.4442205e+01   8.9082679e-03   1.2593717e-04
   4.4509085e+01   2.4525056e-02   2.5626586e-04
   4.4575966e+01   2.9304599e-02  -1.2486778e-04
   4.4642847e+01   1.5083914e-02  -2.5627001e-04
   4.4709728e+01  -4.4026497e-03   1.2380185e-04
   4.4776608e+01  -1.9855744e-02   2.5627410e-04
   4.4843489e+01  -3.2221083e-02  -1.2273936e-04
   4.4910370e+01  -3.8632433e-02  -2.5627815e-04
   4.4977251e+01  -3.4039329e-02   1.2168027e-04
   4.5044131e+01  -2.4137539e-02   2.5628215e-04
   4.5111012e+01  -1.9237465e-02  -1.2062453e-04
   4.5177893e+01  -1.8199372e-02  -2.5628611e-04
   4.5244773e+01  -1.3701109e-02   1.1957210e-04
   4.5311654e+01  -8.7906720e-03   2.5629001e-04
   4.5378535e+01  -1.1657492e-02  -1.1852295e-04
   4.5445416e+01  -1.7023281e-02  -2.5629388e-04
   4.5512296e+01  -9.2327038e-03   1.1747704e-04
   4.5579177e+01   1.5569906e-02   2.5629769e-04
   4.5646058e+01   4.1770090e-02  -1.1643432e-04
   4.5712938e+01   4.8492693e-02  -2.5630146e-04
   4.5779819e+01   2.5971967e-02   1.1539476e-04
   4.5846700e+01  -1.4381495e-02   2.5630518e-04
   4.5913581e+01  -3.9296047e-02  -1.1435833e-04
   4.5980461e+01  -1.7361012e-02  -2.5630886e-04
   4.6047342e+01   4.2048867e-02   1.1332498e-04
   4.6114223e+01   8.6511915e-02   2.5631250e-04
   4.6181104e+01   7.5246071e-02  -1.1229468e-04
   4.6247984e+01   2.5072977e-02  -2.5631609e-04
   4.6314865e+01  -1.6627264e-02   1.1126739e-04
   4.6381746e+01  -3.0517076e-02   2.5631964e-04
   4.6448626e+01  -3.0888743e-02  -1.1024307e-04
   4.6515507e+01  -2.5257241e-02  -2.5632315e-04
   4.6582388e+01  -5.0830355e-03   1.0922170e-04
   4.6649269e+01   2.2153967e-02   2.5632661e-04
   4.6716149e+01   2.7572803e-02  -1.0820322e-04
   4.6783030e+01   8.6467875e-04  -2.5633004e-04
   4.6849911e+01  -2.9998379e-02   1.0718762e-04
   4.6916792e+01  -3.3379623e-02   2.5633342e-04
   4.6983672e+01  -8.7390705e-03  -1.0617485e-04
   4.7050553e+01   2.4865238e-02  -2.5633676e-04
   4.7117434e+01   5.4244780e-02   1.0516488e-04
   4.7184314e+01   7.0604858e-02   2.5634005e-04
   4.7251195e+01   6.1587593e-02  -1.0415768e-04
   4.7318076e+01   2.6334989e-02  -2.5634331e-04
   4.7384957e+01  -1.1336161e-02   1.0315320e-04
   4.7451837e+01  -2.4231084e-02   2.5634653e-04
   4.7518718e+01  -1.1829963e-02  -1.0215142e-04
   4.7585599e+01   5.4580907e-03  -2.5634971e-04
   4.7652479e+01   1.6256897e-02   1.0115231e-04
   4.7719360e+01   2.5552749e-02   2.5635285e-04
   4.7786241e+01   3.4434060e-02  -1.0015583e-04
   4.7853122e+01   3.1839259e-02  -2.5635595e-04
   4.7920002e+01   1.3760489e-02   9.9161942e-05
   4.7986883e+01  -2.3727308e-03   2.5635901e-04
   4.8053764e+01   5.1244664e-03  -9.8170624e-05
   4.8120645e+01   3.3834190e-02  -2.5636203e-04
   4.8187525e+01   5.6053587e-02   9.7181839e-05
   4.8254406e+01   4.8388421e-02   2.5636501e-04
   4.8321287e+01   1.6303360e-02  -9.6195555e-05
   4.8388167e+01  -1.5386601e-02  -2.5636796e-04
   4.8455048e+01  -3.1402339e-02   9.5211742e-05
   4.8521929e+01  -3.6321380e-02   2.5637087e-04
   4.8588810e+01  -3.7241082e-02  -9.4230367e-05
   4.8655690e+01  -2.9596565e-02  -2.5637374e-04
   4.8722571e+01  -8.3947674e-03   9.3251400e-05
   4.8789452e+01   1.6401271e-02   2.5637658e-04
   4.8856332e+01   2.9602591e-02  -9.2274809e-05
   4.8923213e+01   3.2703594e-02  -2.5637938e-04
   4.8990094e+01   4.1679712e-02   9.1300565e-05
   4.9056975e+01   6.0427207e-02   2.5638214e-04
   4.9123855e+01   6.8765383e-02  -9.0328636e-05
   4.9190736e+01   4.4590216e-02  -2.5638487e-04
   4.9257617e+01  -7.7202882e-03   8.9358994e-05
   4.9324498e+01  -5.7642585e-02   2.5638756e-04
   4.9391378e+01  -7.6063626e-02  -8.8391607e-05
   4.9458259e+01  -6.0144679e-02  -2.5639021e-04
   4.9525140e+01  -3.2229315e-02   8.7426447e-05
   4.9592020e+01  -1.5702018e-02   2.5639283e-04
   4.9658901e+01  -1.2863805e-02  -8.6463483e-05
   4.9725782e+01  -9.0960527e-03  -2.5639542e-04
   4.9792663e+01   2.3054172e-03   8.5502688e-05
   4.9859543e+01   8.6186331e-03   2.5639797e-04
   4.9926424e+01  -2.8284755e-03  -8.4544032e-05
   4.9993305e+01  -2.2048454e-02  -2.5640049e-04
   5.0060185e+01  -2.5632341e-02   8.3587486e-05
   5.0127066e+01  -6.4567400e-03   2.5640297e-04
   5.0193947e+01   1.7595961e-02  -8.2633021e-05
   5.0260828e+01   2.6010078e-02  -2.5640542e-04
   5.0327708e+01   1.7406553e-02   8.1680611e-05
   5.0394589e+01   6.5261960e-03   2.5640784e-04
   5.0461470e+01   6.6001069e-03  -8.0730226e-05
   5.0528351e+01   1.7232009e-02  -2.5641022e-04
   5.0595231e+01   2.5667600e-02   7.9781839e-05
   5.0662112e+01   2.0557622e-02   2.5641257e-04
   5.0728993e+01   7.8779393e-03  -7.8835423e-05
   5.0795873e+01   7.9631606e-03  -2.5641489e-04
   5.0862754e+01   2.9068578e-02   7.7890949e-05
   5.0929635e+01   5.0260156e-02   2.5641718e-04
   5.0996516e+01   4.3600036e-02  -7.6948391e-05
   5.1063396e+01   1.0253478e-02  -2.5641943e-04
   5.1130277e+01  -2.0180960e-02   7.6007721e-05
   5.1197158e+01  -2.5657084e-02   2.5642165e-04
   5.1264039e+01  -1.1395867e-02  -7.5068914e-05
   5.1330919e+01   7.0747344e-03  -2.5642384e-04
   5.1397800e+01   2.2022758e-02   7.4131942e-05
   5.1464681e+01   2.8696999e-02   2.5642600e-04
   5.1531561e+01   2.0417599e-02  -7.3196778e-05
   5.1598442e+01  -1.4916053e-04  -2.5642812e-04
   5.1665323e+01  -1.7779968e-02   7.2263397e-05
   5.1732204e+01  -2.3842463e-02   2.5643022e-04
   5.1799084e+01  -2.7395981e-02  -7.1331773e-05
   5.1865965e+01  -3.6529043e-02  -2.5643228e-04
   5.1932846e+01  -4.0899734e-02   7.0401879e-05
   5.1999726e+01  -2.7126491e-02   2.5643432e-04
   5.2066607e+01  -2.2528860e-03  -6.9473691e-05
   5.2133488e+01   1.3692778e-02  -2.5643632e-04
   5.2200369e+01   1.2646827e-02   6.8547181e-05
   5.2267249e+01   1.9709695e-03   2.5643830e-04
   5.2334130e+01  -1.0845707e-02  -6.7622326e-05
   5.2401011e+01  -2.1127968e-02  -2.5644024e-04
   5.2467892e+01  -1.9517108e-02   6.6699099e-05
   5.2534772e+01  -4.2348118e-04   2.5644215e-04
   5.2601653e+01   2.1671215e-02  -6.5777476e-05
   5.2668534e+01   2.2653130e-02  -2.5644404e-04
   5.2735414e+01   6.7244486e-04   6.4857432e-05
   5.2802295e+01  -1.7393757e-02   2.5644589e-04
   5.2869176e+01  -8.8414118e-03  -6.3938943e-05
   5.2936057e+01   1.7094838e-02  -2.5644771e-04
   5.3002937e+01   3.2592631e-02   6.3021982e-05
   5.3069818e+01   2.3570276e-02   2.5644951e-04
   5.3136699e+01   4.1097751e-04  -6.2106527e-05
   5.3203579e+01  -1.7088093e-02  -2.5645128e-04
   5.3270460e+01  -1.7137082e-02   6.1192553e-05
   5.3337341e+01  -1.9677684e-03   2.5645301e-04
   5.3404222e+01   1.6411502e-02  -6.0280035e-05
   5.3471102e+01   2.6973625e-02  -2.5645472e-04
   5.3537983e+01   2.8907376e-02   5.9368950e-05
   5.3604864e+01   2.8512844e-02   2.5645640e-04
   5.3671745e+01   2.7376574e-02  -5.8459274e-05
   5.3738625e+01   1.9706242e-02  -2.5645806e-04
   5.3805506e+01   3.0698165e-03   5.7550984e-05
   5.3872387e+01  -1.5408337e-02   2.5645968e-04
   5.3939267e+01  -2.7321971e-02  -5.6644054e-05
   5.4006148e+01  -3.0933230e-02  -2.5646128e-04
   5.4073029e+01  -2.6797859e-02   5.5738463e-05
   5.4139910e+01  -1.3040782e-02   2.5646284e-04
   5.4206790e+01   8.2638399e-03  -5.4834186e-05
   5.4273671e+01   2.6254991e-02  -2.5646439e-04
   5.4340552e+01   3.1379276e-02   5.3931202e-05
   5.4407433e+01   2.6893801e-02   2.5646590e-04
   5.4474313e+01   2.2794521e-02  -5.3029485e-05
   5.4541194e+01   2.1470755e-02  -2.5646738e-04
   5.4608075e+01   1.7358870e-02   5.2129015e-05
   5.4674955e+01   8.3351720e-03   2.5646884e-04
   5.4741836e+01  -1.4133498e-03  -5.1229767e-05
   5.4808717e+01  -9.1346082e-03  -2.5647028e-04
   5.4875598e+01  -1.5650521e-02   5.0331719e-05
   5.4942478e+01  -1.9378188e-02   2.5647168e-04
   5.5009359e+01  -1.6119656e-02  -4.9434848e-05
   5.5076240e+01  -5.9418329e-03  -2.5647306e-04
   5.5143120e+01   6.8404368e-03   4.8539133e-05
   5.5210001e+01   2.1162571e-02   2.5647441e-04
   5.5276882e+01   3.8563231e-02  -4.7644550e-05
   5.5343763e+01   5.3692936e-02  -2.5647573e-04
   5.5410643e+01   5.5098121e-02   4.6751077e-05
   5.5477524e+01   3.9945810e-02   2.5647703e-04
   5.5544405e+01   1.9845974e-02  -4.5858693e-05
   5.5611286e+01   6.5818829e-03  -2.5647830e-04
   5.5678166e+01  -3.9751947e-04   4.4967375e-05
   5.5745047e+01  -5.8212320e-03   2.5647955e-04
   5.5811928e+01  -6.1253197e-03  -4.4077100e-05
   5.5878808e+01   4.1495845e-03  -2.5648077e-04
   5.5945689e+01   1.7661266e-02   4.3187849e-05
   5.6012570e+01   1.8264475e-02   2.5648196e-04
   5.6079451e+01   1.4085612e-03  -4.2299597e-05
   5.6146331e+01  -1.8206401e-02  -2.5648313e-04
   5.6213212e+01  -2.2852283e-02   4.1412325e-05
   5.6280093e+01  -1.0242617e-02   2.5648427e-04
   5.6346973e+01   7.0055032e-03  -4.0526009e-05
   5.6413854e+01   1.5973079e-02  -2.5648539e-04
   5.6480735e+01   1.4287700e-02   3.9640630e-05
   5.6547616e+01   9.0981610e-03   2.5648648e-04
   5.6614496e+01   8.4508887e-03  -3.8756165e-05
   5.6681377e+01   1.3562243e-02  -2.5648754e-04
   5.6748258e+01   1.8861031e-02   3.7872593e-05
   5.6815139e+01   1.9346808e-02   2.5648858e-04
   5.6882019e+01   1.5909221e-02  -3.6989893e-05
   5.6948900e+01   1.1582936e-02  -2.5648960e-04
   5.7015781e+01   5.1915749e-03   3.6108043e-05
   5.7082661e+01  -6.7227978e-03   2.5649059e-04
   5.7149542e+01  -2.1939580e-02  -3.5227023e-05
   5.7216423e+01  -3.1210996e-02  -2.5649155e-04
   5.7283304e+01  -2.7062457e-02   3.4346812e-05
   5.7350184e+01  -1.2047839e-02   2.5649249e-04
   5.7417065e+01   2.9662519e-03  -3.3467389e-05
   5.7483946e+01   7.8481299e-03  -2.5649341e-04
   5.7550826e+01   9.8753941e-04   3.2588732e-05
   5.7617707e+01  -9.8717239e-03   2.5649430e-04
   5.7684588e+01  -1.4284430e-02  -3.1710822e-05
   5.7751469e+01  -8.1047037e-03  -2.5649516e-04
   5.7818349e+01   3.6555917e-03   3.0833636e-05
   5.7885230e+01   1.2859946e-02   2.5649600e-04
   5.7952111e+01   1.5556864e-02  -2.9957156e-05
   5.8018992e+01   1.2877986e-02  -2.5649682e-04
   5.8085872e+01   7.9905214e-03   2.9081360e-05
   5.8152753e+01   4.7153353e-03   2.5649761e-04
   5.8219634e+01   6.2290157e-03  -2.8206227e-05
   5.8286514e+01   1.1313532e-02  -2.5649838e-04
   5.8353395e+01   1.3738514e-02   2.7331737e-05
   5.8420276e+01   9.1212074e-03   2.5649912e-04
   5.8487157e+01   8.0240896e-04  -2.6457871e-05
   5.8554037e+01  -4.7587053e-03  -2.5649984e-04
   5.8620918e+01  -6.4040782e-03   2.5584607e-05
   5.8687799e+01  -7.6619981e-03   2.5650054e-04
   5.8754680e+01  -9.7036580e-03  -2.4711925e-05
   5.8821560e+01  -1.0460858e-02  -2.5650121e-04
   5.8888441e+01  -9.8530312e-03   2.3839805e-05
   5.8955322e+01  -1.0125780e-02   2.5650185e-04
   5.9022202e+01  -1.1001703e-02  -2.2968226e-05
   5.9089083e+01  -1.0018066e-02  -2.5650247e-04
   5.9155964e+01  -8.0057194e-03   2.2097170e-05
   5.9222845e+01  -8.5717351e-03   2.5650307e-04
   5.9289725e+01  -1.1203427e-02  -2.1226615e-05
   5.9356606e+01  -1.0538114e-02  -2.5650365e-04
   5.9423487e+01  -4.3177221e-03   2.0356541e-05
   5.9490367e+01   2.7837565e-03   2.5650420e-04
   5.9557248e+01   5.1918014e-03  -1.9486929e-05
   5.9624129e+01   2.1612459e-03  -2.5650472e-04
   5.9691010e+01  -3.7256904e-03   1.8617759e-05
   5.9757890e+01  -9.2658718e-03   2.5650523e-04
   5.9824771e+01  -1.0704537e-02  -1.7749011e-05
   5.9891652e+01  -6.1644255e-03  -2.5650571e-04
   5.9958533e+01   3.4401255e-04   1.6880664e-05
   6.0025413e+01   2.4073220e-03   2.5650616e-04
   6.0092294e+01   4.0671888e-04  -1.6012699e-05
   6.0159175e+01   1.5185823e-03  -2.5650659e-04
   6.0226055e+01   8.0572731e-03   1.5145097e-05
   6.0292936e+01   1.2149074e-02   2.5650700e-04
   6.0359817e+01   6.4455540e-03  -1.4277837e-05
   6.0426698e+01  -5.0456007e-03  -2.5650739e-04
   6.0493578e+01  -1.2169609e-02   1.3410899e-05
   6.0560459e+01  -1.0985807e-02   2.5650775e-04
   6.0627340e+01  -5.7117297e-03  -1.2544265e-05
   6.0694220e+01  -1.1555501e-03  -2.5650809e-04
   6.0761101e+01   1.4051045e-03   1.1677914e-05
   6.0827982e+01   2.2533279e-03   2.5650840e-04
   6.0894863e+01   1.9178719e-03  -1.0811826e-05
   6.0961743e+01   1.5847567e-03  -2.5650869e-04
   6.1028624e+01   1.7664580e-03   9.9459831e-06
   6.1095505e+01   1.1877680e-03   2.5650896e-04
   6.1162386e+01  -8.6442285e-04  -9.0803644e-06
   6.1229266e+01  -2.5905174e-03  -2.5650921e-04
   6.1296147e+01  -2.3126038e-03   8.2149504e-06
   6.1363028e+01  -1.2411357e-03   2.5650943e-04
   6.1429908e+01  -1.2178722e-03  -7.3497217e-06
   6.1496789e+01  -1.6096906e-03  -2.5650962e-04
   6.1563670e+01  -1.0125813e-03   6.4846588e-06
   6.1630551e+01  -1.6174760e-04   2.5650980e-04
   6.1697431e+01  -3.6859712e-04  -5.6197420e-06
   6.1764312e+01  -6.9005925e-04  -2.5650995e-04
   6.1831193e+01   5.2844504e-04   4.7549520e-06
   6.1898073e+01   2.5759299e-03   2.5651008e-04
   6.1964954e+01   3.4425741e-03  -3.8902692e-06
   6.2031835e+01   2.8711766e-03  -2.5651018e-04
   6.2098716e+01   2.0505800e-03   3.0256740e-06
   6.2165596e+01   1.3604896e-03   2.5651026e-04
   6.2232477e+01   5.4722885e-04  -2.1611470e-06
   6.2299358e+01   7.6575887e-05  -2.5651032e-04
   6.2366239e+01   3.4962358e-04   1.2966687e-06
   6.2433119e+01   5.7733620e-04   2.5651036e-04
   6.2500000e+01   9.9976235e-05  -4.3221967e-07
