   0.0000000e+00   1.0000000e+00   1.0000000e+00
   8.0000000e-03   9.9489632e-01   9.9829311e-01
   1.6000000e-02   9.8768345e-01   9.9320391e-01
   2.4000000e-02   9.7630049e-01   9.8482556e-01
   3.2000000e-02   9.6587785e-01   9.7330931e-01
   4.0000000e-02   9.5801123e-01   9.5885881e-01
   4.8000000e-02   9.4091991e-01   9.4172241e-01
   5.6000000e-02   9.2180582e-01   9.2218426e-01
   6.4000000e-02   9.0124370e-01   9.0055424e-01
   7.2000000e-02   8.7880254e-01   8.7715768e-01
   8.0000000e-02   8.5317460e-01   8.5232504e-01
   8.8000000e-02   8.2876170e-01   8.2638222e-01
   9.6000000e-02   8.0330880e-01   7.9964198e-01
   1.0400000e-01   7.7718553e-01   7.7239659e-01
   1.1200000e-01   7.4978491e-01   7.4491221e-01
   1.2000000e-01   7.2540453e-01   7.1742493e-01
   1.2800000e-01   7.0068956e-01   6.9013868e-01
   1.3600000e-01   6.6708973e-01   6.6322468e-01
   1.4400000e-01   6.4073324e-01   6.3682249e-01
   1.5200000e-01   6.1332428e-01   6.1104228e-01
   1.6000000e-01   5.8341285e-01   5.8596804e-01
   1.6800000e-01   5.5744327e-01   5.6166142e-01
   1.7600000e-01   5.3515775e-01   5.3816587e-01
   1.8400000e-01   5.1047438e-01   5.1551082e-01
   1.9200000e-01   4.8824348e-01   4.9371545e-01
   2.0000000e-01   4.7012452e-01   4.7279218e-01
   2.0800000e-01   4.4943112e-01   4.5274933e-01
   2.1600000e-01   4.2877002e-01   4.3359317e-01
   2.2400000e-01   4.0944016e-01   4.1532925e-01
   2.3200000e-01   3.9050917e-01   3.9796294e-01
   2.4000000e-01   3.7158248e-01   3.8149948e-01
   2.4800000e-01   3.5704968e-01   3.6594346e-01
   2.5600000e-01   3.4419708e-01   3.5129801e-01
   2.6400000e-01   3.3074359e-01   3.3756378e-01
   2.7200000e-01   3.2041948e-01   3.2473790e-01
   2.8000000e-01   3.0671111e-01   3.1281299e-01
   2.8800000e-01   2.9592861e-01   3.0177645e-01
   2.9600000e-01   2.8963444e-01   2.9160991e-01
   3.0400000e-01   2.7989810e-01   2.8228903e-01
   3.1200000e-01   2.7304491e-01   2.7378368e-01
   3.2000000e-01   2.6551187e-01   2.6605827e-01
   3.2800000e-01   2.5779660e-01   2.5907254e-01
   3.3600000e-01   2.5419815e-01   2.5278234e-01
   3.4400000e-01   2.4821859e-01   2.4714070e-01
   3.5200000e-01   2.4261442e-01   2.4209890e-01
   3.6000000e-01   2.3884553e-01   2.3760755e-01
   3.6800000e-01   2.3268838e-01   2.3361764e-01
   3.7600000e-01   2.3032161e-01   2.3008140e-01
   3.8400000e-01   2.2896541e-01   2.2695317e-01
   3.9200000e-01   2.2609469e-01   2.2419002e-01
   4.0000000e-01   2.1825634e-01   2.2175218e-01
   4.0800000e-01   2.1836415e-01   2.1960345e-01
   4.1600000e-01   2.2090693e-01   2.1771133e-01
   4.2400000e-01   2.1455723e-01   2.1604714e-01
   4.3200000e-01   2.1498070e-01   2.1458595e-01
   4.4000000e-01   2.1356583e-01   2.1330647e-01
   4.4800000e-01   2.1125086e-01   2.1219092e-01
   4.5600000e-01   2.0560531e-01   2.1122477e-01
   4.6400000e-01   2.0236671e-01   2.1039656e-01
   4.7200000e-01   2.0541093e-01   2.0969757e-01
   4.8000000e-01   2.0347091e-01   2.0912161e-01
   4.8800000e-01   2.0073235e-01   2.0866470e-01
   4.9600000e-01   2.0124096e-01   2.0832480e-01
   5.0400000e-01   2.0019483e-01   2.0810149e-01
   5.1200000e-01   2.0162246e-01   2.0799573e-01
   5.2000000e-01   2.0370755e-01   2.0800951e-01
   5.2800000e-01   2.0486963e-01   2.0814557e-01
   5.3600000e-01   2.0510068e-01   2.0840714e-01
   5.4400000e-01   2.0615559e-01   2.0879761e-01
   5.5200000e-01   2.0421086e-01   2.0932035e-01
   5.6000000e-01   2.0279145e-01   2.0997842e-01
   5.6800000e-01   2.0566636e-01   2.1077439e-01
   5.7600000e-01   2.0298206e-01   2.1171016e-01
   5.8400000e-01   2.0677855e-01   2.1278685e-01
   5.9200000e-01   2.0961682e-01   2.1400468e-01
   6.0000000e-01   2.0591836e-01   2.1536292e-01
   6.0800000e-01   2.0864955e-01   2.1685985e-01
   6.1600000e-01   2.1478696e-01   2.1849279e-01
   6.2400000e-01   2.1413757e-01   2.2025813e-01
   6.3200000e-01   2.1631013e-01   2.2215133e-01
   6.4000000e-01   2.1848153e-01   2.2416708e-01
   6.4800000e-01   2.2474522e-01   2.2629930e-01
   6.5600000e-01   2.2868694e-01   2.2854127e-01
   6.6400000e-01   2.2675791e-01   2.3088571e-01
   6.7200000e-01   2.2902572e-01   2.3332489e-01
   6.8000000e-01   2.2899853e-01   2.3585071e-01
   6.8800000e-01   2.3319516e-01   2.3845478e-01
   6.9600000e-01   2.3653672e-01   2.4112851e-01
   7.0400000e-01   2.3631153e-01   2.4386320e-01
   7.1200000e-01   2.3895235e-01   2.4665013e-01
   7.2000000e-01   2.4567933e-01   2.4948057e-01
   7.2800000e-01   2.4578820e-01   2.5234589e-01
   7.3600000e-01   2.5116560e-01   2.5523759e-01
   7.4400000e-01   2.5639485e-01   2.5814739e-01
   7.5200000e-01   2.5401324e-01   2.6106719e-01
   7.6000000e-01   2.5499391e-01   2.6398916e-01
   7.6800000e-01   2.5954133e-01   2.6690577e-01
   7.7600000e-01   2.6445294e-01   2.6980974e-01
   7.8400000e-01   2.6548172e-01   2.7269411e-01
   7.9200000e-01   2.6946853e-01   2.7555222e-01
   8.0000000e-01   2.6962447e-01   2.7837771e-01
   8.0800000e-01   2.7538169e-01   2.8116449e-01
   8.1600000e-01   2.8024381e-01   2.8390675e-01
   8.2400000e-01   2.8142862e-01   2.8659895e-01
   8.3200000e-01   2.8523597e-01   2.8923579e-01
   8.4000000e-01   2.8596659e-01   2.9181225e-01
   8.4800000e-01   2.8819816e-01   2.9432349e-01
   8.5600000e-01   2.9373119e-01   2.9676494e-01
   8.6400000e-01   2.9629169e-01   2.9913225e-01
   8.7200000e-01   2.9616467e-01   3.0142129e-01
   8.8000000e-01   3.0222559e-01   3.0362818e-01
   8.8800000e-01   3.0354850e-01   3.0574927e-01
   8.9600000e-01   3.0605841e-01   3.0778116e-01
   9.0400000e-01   3.0675862e-01   3.0972071e-01
   9.1200000e-01   3.0769525e-01   3.1156506e-01
   9.2000000e-01   3.1091146e-01   3.1331162e-01
   9.2800000e-01   3.0924662e-01   3.1495810e-01
   9.3600000e-01   3.1256473e-01   3.1650250e-01
   9.4400000e-01   3.1274189e-01   3.1794315e-01
   9.5200000e-01   3.1791958e-01   3.1927869e-01
   9.6000000e-01   3.1800943e-01   3.2050808e-01
   9.6800000e-01   3.1648762e-01   3.2163063e-01
   9.7600000e-01   3.2265344e-01   3.2264597e-01
   9.8400000e-01   3.2071872e-01   3.2355408e-01
   9.9200000e-01   3.2094238e-01   3.2435526e-01
   1.0000000e+00   3.2419086e-01   3.2505016e-01
   1.0080000e+00   3.2507241e-01   3.2563976e-01
   1.0160000e+00   3.2324270e-01   3.2612534e-01
   1.0240000e+00   3.1924969e-01   3.2650850e-01
   1.0320000e+00   3.1821094e-01   3.2679114e-01
   1.0400000e+00   3.2292549e-01   3.2697543e-01
   1.0480000e+00   3.2221439e-01   3.2706381e-01
   1.0560000e+00   3.2144804e-01   3.2705894e-01
   1.0640000e+00   3.2985917e-01   3.2696374e-01
   1.0720000e+00   3.2593413e-01   3.2678128e-01
   1.0800000e+00   3.2443850e-01   3.2651483e-01
   1.0880000e+00   3.2318846e-01   3.2616783e-01
   1.0960000e+00   3.2224929e-01   3.2574380e-01
   1.1040000e+00   3.2435036e-01   3.2524642e-01
   1.1120000e+00   3.2205141e-01   3.2467941e-01
   1.1200000e+00   3.2425176e-01   3.2404659e-01
   1.1280000e+00   3.1824768e-01   3.2335180e-01
   1.1360000e+00   3.1688201e-01   3.2259892e-01
   1.1440000e+00   3.2512080e-01   3.2179186e-01
   1.1520000e+00   3.2114933e-01   3.2093450e-01
   1.1600000e+00   3.1699233e-01   3.2003072e-01
   1.1680000e+00   3.1594282e-01   3.1908437e-01
   1.1760000e+00   3.1666598e-01   3.1809925e-01
   1.1840000e+00   3.1729873e-01   3.1707914e-01
   1.1920000e+00   3.1634449e-01   3.1602773e-01
   1.2000000e+00   3.1652665e-01   3.1494865e-01
   1.2080000e+00   3.1594087e-01   3.1384548e-01
   1.2160000e+00   3.1057082e-01   3.1272168e-01
   1.2240000e+00   3.0850861e-01   3.1158067e-01
   1.2320000e+00   3.0745334e-01   3.1042574e-01
   1.2400000e+00   3.0262352e-01   3.0926011e-01
   1.2480000e+00   3.0625531e-01   3.0808690e-01
   1.2560000e+00   3.0280893e-01   3.0690911e-01
   1.2640000e+00   3.0085735e-01   3.0572965e-01
   1.2720000e+00   2.9875169e-01   3.0455133e-01
   1.2800000e+00   3.0366284e-01   3.0337686e-01
   1.2880000e+00   3.0783442e-01   3.0220881e-01
   1.2960000e+00   2.9937808e-01   3.0104967e-01
   1.3040000e+00   2.9965191e-01   2.9990180e-01
   1.3120000e+00   2.9822744e-01   2.9876746e-01
   1.3200000e+00   2.9659030e-01   2.9764879e-01
   1.3280000e+00   2.9454122e-01   2.9654780e-01
   1.3360000e+00   2.9471077e-01   2.9546639e-01
   1.3440000e+00   2.9585909e-01   2.9440636e-01
   1.3520000e+00   2.9073133e-01   2.9336938e-01
   1.3600000e+00   2.9236701e-01   2.9235698e-01
   1.3680000e+00   2.9082227e-01   2.9137061e-01
   1.3760000e+00   2.9342781e-01   2.9041159e-01
   1.3840000e+00   2.9629013e-01   2.8948112e-01
   1.3920000e+00   2.8900027e-01   2.8858030e-01
   1.4000000e+00   2.8163606e-01   2.8771012e-01
   1.4080000e+00   2.8766917e-01   2.8687146e-01
   1.4160000e+00   2.9226851e-01   2.8606513e-01
   1.4240000e+00   2.8937380e-01   2.8529180e-01
   1.4320000e+00   2.8839917e-01   2.8455208e-01
   1.4400000e+00   2.8300612e-01   2.8384648e-01
   1.4480000e+00   2.8298700e-01   2.8317544e-01
   1.4560000e+00   2.8497297e-01   2.8253931e-01
   1.4640000e+00   2.8336149e-01   2.8193835e-01
   1.4720000e+00   2.8271096e-01   2.8137279e-01
   1.4800000e+00   2.8209297e-01   2.8084275e-01
   1.4880000e+00   2.7949070e-01   2.8034831e-01
   1.4960000e+00   2.7856554e-01   2.7988947e-01
   1.5040000e+00   2.7888349e-01   2.7946620e-01
   1.5120000e+00   2.8302866e-01   2.7907838e-01
   1.5200000e+00   2.8004572e-01   2.7872586e-01
   1.5280000e+00   2.8018805e-01   2.7840843e-01
   1.5360000e+00   2.7905831e-01   2.7812584e-01
   1.5440000e+00   2.7684331e-01   2.7787777e-01
   1.5520000e+00   2.7844054e-01   2.7766387e-01
   1.5600000e+00   2.7407017e-01   2.7748374e-01
   1.5680000e+00   2.7589912e-01   2.7733693e-01
   1.5760000e+00   2.7613139e-01   2.7722295e-01
   1.5840000e+00   2.7677013e-01   2.7714127e-01
   1.5920000e+00   2.8239622e-01   2.7709128e-01
   1.6000000e+00   2.8074620e-01   2.7707237e-01
   1.6080000e+00   2.8398786e-01   2.7708385e-01
   1.6160000e+00   2.8129387e-01   2.7712500e-01
   1.6240000e+00   2.7674205e-01   2.7719506e-01
   1.6320000e+00   2.8206280e-01   2.7729322e-01
   1.6400000e+00   2.8164117e-01   2.7741863e-01
   1.6480000e+00   2.7733368e-01   2.7757038e-01
   1.6560000e+00   2.7520246e-01   2.7774756e-01
   1.6640000e+00   2.7870890e-01   2.7794918e-01
   1.6720000e+00   2.7903277e-01   2.7817423e-01
   1.6800000e+00   2.7650576e-01   2.7842169e-01
   1.6880000e+00   2.8114805e-01   2.7869048e-01
   1.6960000e+00   2.8307797e-01   2.7897949e-01
   1.7040000e+00   2.7933207e-01   2.7928759e-01
   1.7120000e+00   2.8336868e-01   2.7961365e-01
   1.7200000e+00   2.8192856e-01   2.7995649e-01
   1.7280000e+00   2.8177016e-01   2.8031492e-01
   1.7360000e+00   2.8032497e-01   2.8068775e-01
   1.7440000e+00   2.7815691e-01   2.8107376e-01
   1.7520000e+00   2.8854899e-01   2.8147174e-01
   1.7600000e+00   2.8887819e-01   2.8188047e-01
   1.7680000e+00   2.8301135e-01   2.8229873e-01
   1.7760000e+00   2.8586732e-01   2.8272531e-01
   1.7840000e+00   2.8669165e-01   2.8315900e-01
   1.7920000e+00   2.8831572e-01   2.8359861e-01
   1.8000000e+00   2.9065748e-01   2.8404295e-01
   1.8080000e+00   2.8722882e-01   2.8449086e-01
   1.8160000e+00   2.8178318e-01   2.8494120e-01
   1.8240000e+00   2.8821644e-01   2.8539283e-01
   1.8320000e+00   2.8280927e-01   2.8584467e-01
   1.8400000e+00   2.8602923e-01   2.8629563e-01
   1.8480000e+00   2.9802890e-01   2.8674469e-01
   1.8560000e+00   2.8979475e-01   2.8719082e-01
   1.8640000e+00   2.9133958e-01   2.8763306e-01
   1.8720000e+00   2.9416943e-01   2.8807046e-01
   1.8800000e+00   2.9508616e-01   2.8850212e-01
   1.8880000e+00   2.9220681e-01   2.8892717e-01
   1.8960000e+00   2.9188553e-01   2.8934479e-01
   1.9040000e+00   2.9315205e-01   2.8975421e-01
   1.9120000e+00   2.9296462e-01   2.9015467e-01
   1.9200000e+00   3.0142011e-01   2.9054548e-01
   1.9280000e+00   3.0428612e-01   2.9092599e-01
   1.9360000e+00   2.9168230e-01   2.9129560e-01
   1.9440000e+00   2.9303530e-01   2.9165375e-01
   1.9520000e+00   3.0073393e-01   2.9199992e-01
   1.9600000e+00   2.9155101e-01   2.9233365e-01
   1.9680000e+00   2.9855639e-01   2.9265453e-01
   1.9760000e+00   2.9957714e-01   2.9296217e-01
   1.9840000e+00   2.9304744e-01   2.9325626e-01
   1.9920000e+00   3.0301439e-01   2.9353653e-01
   2.0000000e+00   3.0405138e-01   2.9380273e-01
   2.0080000e+00   2.9592383e-01   2.9405469e-01
   2.0160000e+00   3.0262636e-01   2.9429227e-01
   2.0240000e+00   3.0401788e-01   2.9451538e-01
   2.0320000e+00   2.9981246e-01   2.9472396e-01
   2.0400000e+00   2.9638614e-01   2.9491800e-01
   2.0480000e+00   2.9427218e-01   2.9509754e-01
   2.0560000e+00   3.0618821e-01   2.9526264e-01
   2.0640000e+00   2.9782421e-01   2.9541342e-01
   2.0720000e+00   2.9457696e-01   2.9555001e-01
   2.0800000e+00   3.0019129e-01   2.9567260e-01
   2.0880000e+00   2.9825812e-01   2.9578139e-01
   2.0960000e+00   3.0305009e-01   2.9587662e-01
   2.1040000e+00   3.0528849e-01   2.9595855e-01
   2.1120000e+00   3.0121426e-01   2.9602748e-01
   2.1200000e+00   2.9830941e-01   2.9608372e-01
   2.1280000e+00   3.0187280e-01   2.9612761e-01
   2.1360000e+00   3.0526359e-01   2.9615951e-01
   2.1440000e+00   3.0258501e-01   2.9617978e-01
   2.1520000e+00   2.9787462e-01   2.9618882e-01
   2.1600000e+00   3.0655128e-01   2.9618704e-01
   2.1680000e+00   3.0748250e-01   2.9617484e-01
   2.1760000e+00   2.9883062e-01   2.9615266e-01
   2.1840000e+00   2.9994156e-01   2.9612092e-01
   2.1920000e+00   3.0218306e-01   2.9608008e-01
   2.2000000e+00   2.9856161e-01   2.9603059e-01
   2.2080000e+00   2.9901229e-01   2.9597289e-01
   2.2160000e+00   3.0039513e-01   2.9590745e-01
   2.2240000e+00   2.9844154e-01   2.9583474e-01
   2.2320000e+00   3.0096431e-01   2.9575521e-01
   2.2400000e+00   3.0127721e-01   2.9566933e-01
   2.2480000e+00   3.0021794e-01   2.9557756e-01
   2.2560000e+00   3.0240227e-01   2.9548036e-01
   2.2640000e+00   3.0059902e-01   2.9537820e-01
   2.2720000e+00   2.9953672e-01   2.9527151e-01
   2.2800000e+00   3.0919602e-01   2.9516076e-01
   2.2880000e+00   3.0918863e-01   2.9504638e-01
   2.2960000e+00   3.0436954e-01   2.9492882e-01
   2.3040000e+00   3.0169631e-01   2.9480849e-01
   2.3120000e+00   2.9818219e-01   2.9468582e-01
   2.3200000e+00   3.0032290e-01   2.9456122e-01
   2.3280000e+00   2.9088600e-01   2.9443509e-01
   2.3360000e+00   2.9208765e-01   2.9430782e-01
   2.3440000e+00   3.0292634e-01   2.9417978e-01
   2.3520000e+00   3.0599274e-01   2.9405135e-01
   2.3600000e+00   3.0333121e-01   2.9392286e-01
   2.3680000e+00   2.9841354e-01   2.9379466e-01
   2.3760000e+00   2.9742310e-01   2.9366706e-01
   2.3840000e+00   2.9262237e-01   2.9354037e-01
   2.3920000e+00   2.9416526e-01   2.9341487e-01
   2.4000000e+00   2.9542460e-01   2.9329084e-01
   2.4080000e+00   2.8541489e-01   2.9316853e-01
   2.4160000e+00   2.9062810e-01   2.9304818e-01
   2.4240000e+00   3.0161958e-01   2.9293000e-01
   2.4320000e+00   3.0316883e-01   2.9281421e-01
   2.4400000e+00   2.9789786e-01   2.9270098e-01
   2.4480000e+00   2.9991365e-01   2.9259049e-01
   2.4560000e+00   3.0004253e-01   2.9248289e-01
   2.4640000e+00   2.9455690e-01   2.9237832e-01
   2.4720000e+00   2.9981879e-01   2.9227690e-01
   2.4800000e+00   2.9321700e-01   2.9217873e-01
   2.4880000e+00   2.9351262e-01   2.9208389e-01
   2.4960000e+00   2.9149753e-01   2.9199247e-01
   2.5040000e+00   2.9747652e-01   2.9190452e-01
   2.5120000e+00   2.9988223e-01   2.9182008e-01
   2.5200000e+00   2.8836308e-01   2.9173919e-01
   2.5280000e+00   2.9365812e-01   2.9166186e-01
   2.5360000e+00   2.9800944e-01   2.9158810e-01
   2.5440000e+00   2.9011225e-01   2.9151790e-01
   2.5520000e+00   2.9072460e-01   2.9145124e-01
   2.5600000e+00   2.9462261e-01   2.9138811e-01
   2.5680000e+00   2.9685574e-01   2.9132845e-01
   2.5760000e+00   3.0022275e-01   2.9127222e-01
   2.5840000e+00   3.0691832e-01   2.9121935e-01
   2.5920000e+00   2.9735129e-01   2.9116980e-01
   2.6000000e+00   2.8682194e-01   2.9112346e-01
   2.6080000e+00   2.9354997e-01   2.9108027e-01
   2.6160000e+00   2.8927912e-01   2.9104014e-01
   2.6240000e+00   2.9460767e-01   2.9100295e-01
   2.6320000e+00   2.9416977e-01   2.9096861e-01
   2.6400000e+00   2.9108311e-01   2.9093701e-01
   2.6480000e+00   2.9302284e-01   2.9090803e-01
   2.6560000e+00   2.8918950e-01   2.9088154e-01
   2.6640000e+00   2.9238215e-01   2.9085743e-01
   2.6720000e+00   2.8618502e-01   2.9083555e-01
   2.6800000e+00   2.8011135e-01   2.9081579e-01
   2.6880000e+00   2.9055570e-01   2.9079800e-01
   2.6960000e+00   2.9437036e-01   2.9078204e-01
   2.7040000e+00   2.9686788e-01   2.9076777e-01
   2.7120000e+00   3.0405107e-01   2.9075505e-01
   2.7200000e+00   2.9639959e-01   2.9074375e-01
   2.7280000e+00   2.9088763e-01   2.9073372e-01
   2.7360000e+00   2.9778890e-01   2.9072481e-01
   2.7440000e+00   2.9035023e-01   2.9071690e-01
   2.7520000e+00   2.8910805e-01   2.9070985e-01
   2.7600000e+00   2.9603999e-01   2.9070352e-01
   2.7680000e+00   2.9223751e-01   2.9069779e-01
   2.7760000e+00   2.8589125e-01   2.9069253e-01
   2.7840000e+00   2.9560303e-01   2.9068762e-01
   2.7920000e+00   2.9168159e-01   2.9068295e-01
   2.8000000e+00   2.8703281e-01   2.9067840e-01
   2.8080000e+00   2.9718444e-01   2.9067387e-01
   2.8160000e+00   2.9619186e-01   2.9066925e-01
   2.8240000e+00   3.0032981e-01   2.9066446e-01
   2.8320000e+00   3.0022026e-01   2.9065940e-01
   2.8400000e+00   2.9910363e-01   2.9065400e-01
   2.8480000e+00   2.9928362e-01   2.9064818e-01
   2.8560000e+00   2.8881598e-01   2.9064188e-01
   2.8640000e+00   2.8757459e-01   2.9063503e-01
   2.8720000e+00   2.9937275e-01   2.9062758e-01
   2.8800000e+00   2.9581252e-01   2.9061949e-01
   2.8880000e+00   2.9190428e-01   2.9061072e-01
   2.8960000e+00   2.8671870e-01   2.9060123e-01
   2.9040000e+00   2.9315751e-01   2.9059099e-01
   2.9120000e+00   2.9759066e-01   2.9057999e-01
   2.9200000e+00   2.9802426e-01   2.9056820e-01
   2.9280000e+00   3.0102114e-01   2.9055563e-01
   2.9360000e+00   2.8467283e-01   2.9054227e-01
   2.9440000e+00   2.8895548e-01   2.9052812e-01
   2.9520000e+00   2.9124195e-01   2.9051319e-01
   2.9600000e+00   2.8366372e-01   2.9049749e-01
   2.9680000e+00   2.9915525e-01   2.9048106e-01
   2.9760000e+00   2.9655891e-01   2.9046391e-01
   2.9840000e+00   2.8780815e-01   2.9044607e-01
   2.9920000e+00   2.9142010e-01   2.9042759e-01
   3.0000000e+00   2.9254526e-01   2.9040850e-01
   3.0080000e+00   2.8794978e-01   2.9038885e-01
   3.0160000e+00   2.9341020e-01   2.9036869e-01
   3.0240000e+00   2.9671098e-01   2.9034808e-01
   3.0320000e+00   2.9137999e-01   2.9032706e-01
   3.0400000e+00   2.8622590e-01   2.9030571e-01
   3.0480000e+00   2.8777814e-01   2.9028408e-01
   3.0560000e+00   2.9533197e-01   2.9026225e-01
   3.0640000e+00   2.9173245e-01   2.9024028e-01
   3.0720000e+00   2.8601247e-01   2.9021825e-01
   3.0800000e+00   2.8289896e-01   2.9019624e-01
   3.0880000e+00   2.8664211e-01   2.9017432e-01
   3.0960000e+00   2.8590857e-01   2.9015258e-01
   3.1040000e+00   2.9218749e-01   2.9013110e-01
   3.1120000e+00   2.9696849e-01   2.9010995e-01
   3.1200000e+00   2.9230601e-01   2.9008924e-01
   3.1280000e+00   2.9738259e-01   2.9006903e-01
   3.1360000e+00   2.9727212e-01   2.9004941e-01
   3.1440000e+00   2.8672858e-01   2.9003046e-01
   3.1520000e+00   2.8818836e-01   2.9001227e-01
   3.1600000e+00   2.8764557e-01   2.8999491e-01
   3.1680000e+00   2.8378548e-01   2.8997847e-01
   3.1760000e+00   2.8721925e-01   2.8996303e-01
   3.1840000e+00   2.9445474e-01   2.8994865e-01
   3.1920000e+00   2.9511252e-01   2.8993543e-01
   3.2000000e+00   2.8215277e-01   2.8992342e-01
   3.2080000e+00   2.8063286e-01   2.8991270e-01
   3.2160000e+00   2.8961918e-01   2.8990333e-01
   3.2240000e+00   2.8853566e-01   2.8989538e-01
   3.2320000e+00   2.8681993e-01   2.8988892e-01
   3.2400000e+00   2.8552005e-01   2.8988399e-01
   3.2480000e+00   2.8402426e-01   2.8988066e-01
   3.2560000e+00   2.8624199e-01   2.8987896e-01
   3.2640000e+00   2.9059971e-01   2.8987896e-01
   3.2720000e+00   2.9289785e-01   2.8988069e-01
   3.2800000e+00   2.8885954e-01   2.8988419e-01
   3.2880000e+00   2.8351648e-01   2.8988949e-01
   3.2960000e+00   2.9462178e-01   2.8989664e-01
   3.3040000e+00   2.9822022e-01   2.8990565e-01
   3.3120000e+00   2.8535780e-01   2.8991655e-01
   3.3200000e+00   2.9305591e-01   2.8992935e-01
   3.3280000e+00   2.8728277e-01   2.8994407e-01
   3.3360000e+00   2.7957607e-01   2.8996072e-01
   3.3440000e+00   2.8924021e-01   2.8997931e-01
   3.3520000e+00   2.8736531e-01   2.8999982e-01
   3.3600000e+00   2.8856942e-01   2.9002226e-01
   3.3680000e+00   2.8504486e-01   2.9004661e-01
   3.3760000e+00   2.8484643e-01   2.9007286e-01
   3.3840000e+00   2.9244483e-01   2.9010100e-01
   3.3920000e+00   2.8637994e-01   2.9013099e-01
   3.4000000e+00   2.7740307e-01   2.9016280e-01
   3.4080000e+00   2.8058458e-01   2.9019641e-01
   3.4160000e+00   2.8967483e-01   2.9023176e-01
   3.4240000e+00   2.8742826e-01   2.9026882e-01
   3.4320000e+00   2.8457828e-01   2.9030754e-01
   3.4400000e+00   2.8585809e-01   2.9034785e-01
   3.4480000e+00   2.8699810e-01   2.9038971e-01
   3.4560000e+00   2.8297128e-01   2.9043304e-01
   3.4640000e+00   2.8557336e-01   2.9047777e-01
   3.4720000e+00   2.8812901e-01   2.9052384e-01
   3.4800000e+00   2.8181343e-01   2.9057116e-01
   3.4880000e+00   2.8570367e-01   2.9061966e-01
   3.4960000e+00   2.9431542e-01   2.9066926e-01
   3.5040000e+00   2.8478871e-01   2.9071986e-01
   3.5120000e+00   2.6986057e-01   2.9077138e-01
   3.5200000e+00   2.6933548e-01   2.9082373e-01
   3.5280000e+00   2.8189980e-01   2.9087682e-01
   3.5360000e+00   2.9623370e-01   2.9093054e-01
   3.5440000e+00   2.8530491e-01   2.9098480e-01
   3.5520000e+00   2.8090425e-01   2.9103950e-01
   3.5600000e+00   2.8131205e-01   2.9109454e-01
   3.5680000e+00   2.8475032e-01   2.9114981e-01
   3.5760000e+00   2.8523921e-01   2.9120522e-01
   3.5840000e+00   2.7939305e-01   2.9126065e-01
   3.5920000e+00   3.0192999e-01   2.9131601e-01
   3.6000000e+00   3.1617298e-01   2.9137120e-01
   3.6080000e+00   3.0290608e-01   2.9142612e-01
   3.6160000e+00   2.9033582e-01   2.9148065e-01
   3.6240000e+00   2.8395664e-01   2.9153472e-01
   3.6320000e+00   2.9127180e-01   2.9158821e-01
   3.6400000e+00   2.9362859e-01   2.9164103e-01
   3.6480000e+00   2.9292553e-01   2.9169309e-01
   3.6560000e+00   2.9052354e-01   2.9174430e-01
   3.6640000e+00   2.9098777e-01   2.9179455e-01
   3.6720000e+00   2.9151510e-01   2.9184377e-01
   3.6800000e+00   2.9745506e-01   2.9189186e-01
   3.6880000e+00   2.9743237e-01   2.9193875e-01
   3.6960000e+00   2.7482271e-01   2.9198435e-01
   3.7040000e+00   2.8805184e-01   2.9202858e-01
   3.7120000e+00   3.0558516e-01   2.9207137e-01
   3.7200000e+00   3.0219275e-01   2.9211265e-01
   3.7280000e+00   3.0437377e-01   2.9215235e-01
   3.7360000e+00   3.0295241e-01   2.9219041e-01
