  0.0000000e+000  9.9091912e-001
  8.0000000e+000  9.8828736e-001
  1.6000000e+001  9.9695970e-001
  2.4000000e+001  9.9177722e-001
  3.2000000e+001  9.5838500e-001
  4.0000000e+001  9.5355902e-001
  4.8000000e+001  9.3929204e-001
  5.6000000e+001  9.2897642e-001
  6.4000000e+001  9.2285119e-001
  7.2000000e+001  8.8637924e-001
  8.0000000e+001  8.6187095e-001
  8.8000000e+001  8.4099742e-001
  9.6000000e+001  8.4646824e-001
  1.0400000e+002  8.1150791e-001
  1.1200000e+002  7.8815230e-001
  1.2000000e+002  7.7794937e-001
  1.2800000e+002  7.7109479e-001
  1.3600000e+002  7.4597024e-001
  1.4400000e+002  7.5175940e-001
  1.5200000e+002  7.1627582e-001
  1.6000000e+002  7.2159591e-001
  1.6800000e+002  7.1403596e-001
  1.7600000e+002  6.8263624e-001
  1.8400000e+002  6.9052342e-001
  1.9200000e+002  6.8287019e-001
  2.0000000e+002  6.7134356e-001
  2.0800000e+002  6.7783402e-001
  2.1600000e+002  6.5498268e-001
  2.2400000e+002  6.5980615e-001
  2.3200000e+002  6.6740770e-001
  2.4000000e+002  6.6894320e-001
  2.4800000e+002  6.4364406e-001
  2.5600000e+002  6.5230212e-001
  2.6400000e+002  6.4180164e-001
  2.7200000e+002  6.5106501e-001
  2.8000000e+002  6.4041955e-001
  2.8800000e+002  6.2419939e-001
  2.9600000e+002  6.2817119e-001
  3.0400000e+002  6.4397704e-001
  3.1200000e+002  6.2332583e-001
  3.2000000e+002  6.3603563e-001
  3.2800000e+002  6.0764545e-001
  3.3600000e+002  6.1051831e-001
  3.4400000e+002  6.3212836e-001
  3.5200000e+002  6.4425164e-001
  3.6000000e+002  6.0504576e-001
  3.6800000e+002  6.3319650e-001
  3.7600000e+002  6.2759102e-001
  3.8400000e+002  6.2880927e-001
  3.9200000e+002  6.3011858e-001
  4.0000000e+002  6.3325672e-001
  4.0800000e+002  6.2216815e-001
  4.1600000e+002  6.1724950e-001
  4.2400000e+002  6.0578328e-001
  4.3200000e+002  6.2585735e-001
  4.4000000e+002  6.2009199e-001
  4.4800000e+002  6.3413439e-001
  4.5600000e+002  6.3547812e-001
  4.6400000e+002  6.1364310e-001
  4.7200000e+002  6.4221793e-001
  4.8000000e+002  6.1684723e-001
  4.8800000e+002  6.2799979e-001
  4.9600000e+002  6.0845647e-001
  5.0400000e+002  6.2471609e-001
  5.1200000e+002  6.0836521e-001
  5.2000000e+002  6.2428769e-001
  5.2800000e+002  6.2918593e-001
  5.3600000e+002  6.2890692e-001
  5.4400000e+002  6.2459828e-001
  5.5200000e+002  6.2609101e-001
  5.6000000e+002  6.2116846e-001
  5.6800000e+002  6.3194161e-001
  5.7600000e+002  6.1808549e-001
  5.8400000e+002  6.1777665e-001
  5.9200000e+002  6.2749776e-001
  6.0000000e+002  6.2556498e-001
  6.0800000e+002  6.2533230e-001
  6.1600000e+002  6.0686101e-001
  6.2400000e+002  6.1253433e-001
  6.3200000e+002  6.1095551e-001
  6.4000000e+002  6.0867727e-001
  6.4800000e+002  5.9902316e-001
  6.5600000e+002  6.1473172e-001
  6.6400000e+002  6.1774025e-001
  6.7200000e+002  6.0888300e-001
  6.8000000e+002  6.2851985e-001
  6.8800000e+002  6.0927252e-001
  6.9600000e+002  6.0941210e-001
  7.0400000e+002  6.1983057e-001
  7.1200000e+002  5.9928706e-001
  7.2000000e+002  5.9995722e-001
  7.2800000e+002  6.0472484e-001
  7.3600000e+002  6.2099665e-001
  7.4400000e+002  6.1226933e-001
  7.5200000e+002  6.1623331e-001
  7.6000000e+002  6.0452134e-001
  7.6800000e+002  6.0731223e-001
  7.7600000e+002  5.9920598e-001
  7.8400000e+002  5.7382171e-001
  7.9200000e+002  5.9879808e-001
  8.0000000e+002  6.1250752e-001
  8.0800000e+002  6.1383558e-001
  8.1600000e+002  6.0042145e-001
  8.2400000e+002  6.1385608e-001
  8.3200000e+002  5.9115400e-001
  8.4000000e+002  5.8500277e-001
  8.4800000e+002  5.9250603e-001
  8.5600000e+002  5.8106096e-001
  8.6400000e+002  5.9738048e-001
  8.7200000e+002  5.9504039e-001
  8.8000000e+002  5.8788512e-001
  8.8800000e+002  5.8902623e-001
  8.9600000e+002  5.7892276e-001
  9.0400000e+002  5.9688480e-001
  9.1200000e+002  6.0096928e-001
  9.2000000e+002  5.9887238e-001
  9.2800000e+002  5.7467498e-001
  9.3600000e+002  5.8207226e-001
  9.4400000e+002  5.9104139e-001
  9.5200000e+002  5.9651965e-001
  9.6000000e+002  5.8629756e-001
  9.6800000e+002  5.7258442e-001
  9.7600000e+002  5.9046692e-001
  9.8400000e+002  5.6756002e-001
  9.9200000e+002  5.6767041e-001
  1.0000000e+003  5.7775272e-001
  1.0080000e+003  5.7056566e-001
  1.0160000e+003  5.6540641e-001
  1.0240000e+003  5.7240627e-001
  1.0320000e+003  5.8668109e-001
  1.0400000e+003  5.7084378e-001
  1.0480000e+003  5.7201898e-001
  1.0560000e+003  5.6870402e-001
  1.0640000e+003  5.8430861e-001
  1.0720000e+003  5.6363057e-001
  1.0800000e+003  5.7625579e-001
  1.0880000e+003  5.6281450e-001
  1.0960000e+003  5.8635296e-001
  1.1040000e+003  5.6944305e-001
  1.1120000e+003  5.3942410e-001
  1.1200000e+003  5.7053539e-001
  1.1280000e+003  5.5180878e-001
  1.1360000e+003  5.6979811e-001
  1.1440000e+003  5.4903599e-001
  1.1520000e+003  5.6498030e-001
  1.1600000e+003  5.7125349e-001
  1.1680000e+003  5.6049721e-001
  1.1760000e+003  5.4890551e-001
  1.1840000e+003  5.5595523e-001
  1.1920000e+003  5.5018647e-001
  1.2000000e+003  5.5413877e-001
  1.2080000e+003  5.4617899e-001
  1.2160000e+003  5.4110314e-001
  1.2240000e+003  5.4949873e-001
  1.2320000e+003  5.6409636e-001
  1.2400000e+003  5.7347082e-001
  1.2480000e+003  5.4845205e-001
  1.2560000e+003  5.5125912e-001
  1.2640000e+003  5.5453213e-001
  1.2720000e+003  5.4977918e-001
  1.2800000e+003  5.5527446e-001
  1.2880000e+003  5.3970269e-001
  1.2960000e+003  5.2775598e-001
  1.3040000e+003  5.4229978e-001
  1.3120000e+003  5.2116825e-001
  1.3200000e+003  5.4580475e-001
  1.3280000e+003  5.3994018e-001
  1.3360000e+003  5.4991342e-001
  1.3440000e+003  5.1551081e-001
  1.3520000e+003  5.4224153e-001
  1.3600000e+003  5.2868657e-001
  1.3680000e+003  5.1162006e-001
  1.3760000e+003  5.1330105e-001
  1.3840000e+003  5.5628461e-001
  1.3920000e+003  5.3353026e-001
  1.4000000e+003  5.4069739e-001
  1.4080000e+003  4.9666025e-001
  1.4160000e+003  5.4011007e-001
  1.4240000e+003  5.3504303e-001
  1.4320000e+003  5.0955325e-001
  1.4400000e+003  5.1640949e-001
  1.4480000e+003  5.2296119e-001
  1.4560000e+003  5.1238314e-001
  1.4640000e+003  5.1682486e-001
  1.4720000e+003  5.1007225e-001
  1.4800000e+003  5.2915407e-001
  1.4880000e+003  5.1284657e-001
  1.4960000e+003  5.1777958e-001
  1.5040000e+003  5.0525747e-001
  1.5120000e+003  5.1230560e-001
  1.5200000e+003  5.1885416e-001
  1.5280000e+003  5.2256218e-001
  1.5360000e+003  5.2054008e-001
  1.5440000e+003  5.1188282e-001
  1.5520000e+003  4.9680123e-001
  1.5600000e+003  5.2964134e-001
  1.5680000e+003  4.9849975e-001
  1.5760000e+003  5.1594924e-001
  1.5840000e+003  5.0452699e-001
  1.5920000e+003  5.0876314e-001
  1.6000000e+003  5.0874714e-001
  1.6080000e+003  5.0925512e-001
  1.6160000e+003  5.1686829e-001
  1.6240000e+003  5.1701288e-001
  1.6320000e+003  5.0614127e-001
  1.6400000e+003  5.2999536e-001
  1.6480000e+003  5.0128489e-001
  1.6560000e+003  5.0656337e-001
  1.6640000e+003  4.9079948e-001
  1.6720000e+003  5.0780978e-001
  1.6800000e+003  5.0662433e-001
  1.6880000e+003  4.9330311e-001
  1.6960000e+003  5.0309674e-001
  1.7040000e+003  4.9946561e-001
  1.7120000e+003  5.0189206e-001
  1.7200000e+003  5.1431913e-001
  1.7280000e+003  5.0324426e-001
  1.7360000e+003  5.0065018e-001
  1.7440000e+003  5.0006818e-001
  1.7520000e+003  4.9524698e-001
  1.7600000e+003  5.0473617e-001
  1.7680000e+003  4.8327262e-001
  1.7760000e+003  4.8381227e-001
  1.7840000e+003  5.0522301e-001
  1.7920000e+003  4.8436328e-001
  1.8000000e+003  4.9684944e-001
  1.8080000e+003  4.9684675e-001
  1.8160000e+003  4.8424672e-001
  1.8240000e+003  4.8222976e-001
  1.8320000e+003  4.8572803e-001
  1.8400000e+003  4.8111363e-001
  1.8480000e+003  4.8144255e-001
  1.8560000e+003  4.6359731e-001
  1.8640000e+003  4.8573061e-001
  1.8720000e+003  4.8029172e-001
  1.8800000e+003  4.7315555e-001
  1.8880000e+003  4.7117625e-001
  1.8960000e+003  4.7494721e-001
  1.9040000e+003  4.8389367e-001
  1.9120000e+003  4.7648929e-001
  1.9200000e+003  4.6641405e-001
  1.9280000e+003  4.7600735e-001
  1.9360000e+003  4.6671705e-001
  1.9440000e+003  4.7532533e-001
  1.9520000e+003  4.9522832e-001
  1.9600000e+003  4.7273989e-001
  1.9680000e+003  4.6607104e-001
  1.9760000e+003  4.7409065e-001
  1.9840000e+003  4.8161816e-001
  1.9920000e+003  4.8187179e-001
  2.0000000e+003  4.8049481e-001
  2.0080000e+003  4.7132029e-001
  2.0160000e+003  4.6241559e-001
  2.0240000e+003  4.6664637e-001
  2.0320000e+003  4.8055974e-001
  2.0400000e+003  4.6735396e-001
  2.0480000e+003  4.4936275e-001
  2.0560000e+003  4.7544777e-001
  2.0640000e+003  4.5026426e-001
  2.0720000e+003  4.5941235e-001
  2.0800000e+003  4.6994311e-001
  2.0880000e+003  4.7052574e-001
  2.0960000e+003  4.5730414e-001
  2.1040000e+003  4.7172522e-001
  2.1120000e+003  4.5994620e-001
  2.1200000e+003  4.5624468e-001
  2.1280000e+003  4.5041950e-001
  2.1360000e+003  4.4877402e-001
  2.1440000e+003  4.4627721e-001
  2.1520000e+003  4.5536379e-001
  2.1600000e+003  4.5852331e-001
  2.1680000e+003  4.6228881e-001
  2.1760000e+003  4.2892304e-001
  2.1840000e+003  4.4476638e-001
  2.1920000e+003  4.7403077e-001
  2.2000000e+003  4.5164691e-001
  2.2080000e+003  4.5482416e-001
  2.2160000e+003  4.5727131e-001
  2.2240000e+003  4.5335784e-001
  2.2320000e+003  4.4419680e-001
  2.2400000e+003  4.4583413e-001
  2.2480000e+003  4.4166977e-001
  2.2560000e+003  4.3554764e-001
  2.2640000e+003  4.5736844e-001
  2.2720000e+003  4.3351357e-001
  2.2800000e+003  4.3487498e-001
  2.2880000e+003  4.6199997e-001
  2.2960000e+003  4.5061786e-001
  2.3040000e+003  4.3616311e-001
  2.3120000e+003  4.4204204e-001
  2.3200000e+003  4.4458467e-001
  2.3280000e+003  4.3630198e-001
  2.3360000e+003  4.3384802e-001
  2.3440000e+003  4.3810340e-001
  2.3520000e+003  4.4761279e-001
  2.3600000e+003  4.3699243e-001
  2.3680000e+003  4.5872759e-001
  2.3760000e+003  4.4005651e-001
  2.3840000e+003  4.4733199e-001
  2.3920000e+003  4.4861253e-001
  2.4000000e+003  4.5575725e-001
