  -1.1065438e-01   8.7870588e-01
  -1.0665438e-01   8.7557295e-01
  -1.0265438e-01   8.7541351e-01
  -9.8654378e-02   8.7529223e-01
  -9.4654378e-02   8.7462117e-01
  -9.0654378e-02   8.7575817e-01
  -8.6654378e-02   8.7678847e-01
  -8.2654378e-02   8.7598742e-01
  -7.8654378e-02   8.8071147e-01
  -7.4654378e-02   8.8306853e-01
  -7.0654378e-02   8.8976784e-01
  -6.6654378e-02   8.9662305e-01
  -6.2654378e-02   8.9991668e-01
  -5.8654378e-02   9.0966244e-01
  -5.4654378e-02   9.1413188e-01
  -5.0654378e-02   9.2117294e-01
  -4.6654378e-02   9.3000409e-01
  -4.2654378e-02   9.3621283e-01
  -3.8654378e-02   9.4582011e-01
  -3.4654378e-02   9.5195375e-01
  -3.0654378e-02   9.5891791e-01
  -2.6654378e-02   9.6814426e-01
  -2.2654378e-02   9.7265038e-01
  -1.8654378e-02   9.7932237e-01
  -1.4654378e-02   9.8558737e-01
  -1.0654378e-02   9.8829620e-01
  -6.6543779e-03   9.9411450e-01
  -2.6543779e-03   9.9540170e-01
   1.3456221e-03   1.0000000e+00
   5.3456221e-03   9.9907916e-01
   9.3456221e-03   9.9725121e-01
   1.3345622e-02   9.9526587e-01
   1.7345622e-02   9.8948376e-01
   2.1345622e-02   9.8798924e-01
   2.5345622e-02   9.8065057e-01
   2.9345622e-02   9.7526260e-01
   3.3345622e-02   9.6859173e-01
   3.7345622e-02   9.5938175e-01
   4.1345622e-02   9.5450740e-01
   4.5345622e-02   9.4697515e-01
   4.9345622e-02   9.3905780e-01
   5.3345622e-02   9.3145766e-01
   5.7345622e-02   9.2303265e-01
   6.1345622e-02   9.1561043e-01
   6.5345622e-02   9.0888039e-01
   6.9345622e-02   9.0064642e-01
   7.3345622e-02   8.9570307e-01
   7.7345622e-02   8.8833625e-01
   8.1345622e-02   8.8743240e-01
   8.5345622e-02   8.8023758e-01
   8.9345622e-02   8.7678898e-01
   9.3345622e-02   8.7660062e-01
   9.7345622e-02   8.7179032e-01
   1.0134562e-01   8.7233685e-01
   1.0534562e-01   8.7407845e-01
   1.0934562e-01   8.7437117e-01
   1.1334562e-01   8.7425808e-01
   1.1734562e-01   8.7490944e-01
   1.2134562e-01   8.7887122e-01
   1.2534562e-01   8.7917679e-01
   1.2934562e-01   8.8295702e-01
   1.3334562e-01   8.8718562e-01
   1.3734562e-01   8.8673569e-01
   1.4134562e-01   8.9202284e-01
   1.4534562e-01   8.9585577e-01
   1.4934562e-01   8.9900394e-01
   1.5334562e-01   9.0095746e-01
   1.5734562e-01   9.0236425e-01
   1.6134562e-01   9.0733461e-01
   1.6534562e-01   9.0615116e-01
   1.6934562e-01   9.0711286e-01
   1.7334562e-01   9.1005422e-01
   1.7734562e-01   9.0853801e-01
   1.8134562e-01   9.1059614e-01
   1.8534562e-01   9.0889132e-01
   1.8934562e-01   9.0881663e-01
   1.9334562e-01   9.0853227e-01
   1.9734562e-01   9.0517519e-01
   2.0134562e-01   9.0539052e-01
   2.0534562e-01   9.0294629e-01
   2.0934562e-01   9.0277657e-01
   2.1334562e-01   8.9970389e-01
   2.1734562e-01   8.9604149e-01
   2.2134562e-01   8.9639608e-01
   2.2534562e-01   8.9253626e-01
   2.2934562e-01   8.9143678e-01
   2.3334562e-01   8.9086190e-01
   2.3734562e-01   8.8554627e-01
   2.4134562e-01   8.8618795e-01
   2.4534562e-01   8.8371352e-01
   2.4934562e-01   8.8424734e-01
   2.5334562e-01   8.7991369e-01
   2.5734562e-01   8.7807448e-01
   2.6134562e-01   8.7826555e-01
   2.6534562e-01   8.7672305e-01
   2.6934562e-01   8.7712373e-01
   2.7334562e-01   8.7723137e-01
   2.7734562e-01   8.7456802e-01
   2.8134562e-01   8.7660066e-01
   2.8534562e-01   8.7683801e-01
   2.8934562e-01   8.7606098e-01
   2.9334562e-01   8.7659856e-01
   2.9734562e-01   8.7591908e-01
   3.0134562e-01   8.7867257e-01
   3.0534562e-01   8.7599459e-01
   3.0934562e-01   8.7696431e-01
   3.1334562e-01   8.7845570e-01
   3.1734562e-01   8.7636660e-01
   3.2134562e-01   8.7928181e-01
   3.2534562e-01   8.7709808e-01
   3.2934562e-01   8.7782641e-01
   3.3334562e-01   8.7941940e-01
   3.3734562e-01   8.7746181e-01
   3.4134562e-01   8.7842225e-01
   3.4534562e-01   8.7726442e-01
   3.4934562e-01   8.7661886e-01
   3.5334562e-01   8.7832398e-01
   3.5734562e-01   8.7661318e-01
   3.6134562e-01   8.7697508e-01
   3.6534562e-01   8.7553197e-01
   3.6934562e-01   8.7671081e-01
   3.7334562e-01   8.7495687e-01
   3.7734562e-01   8.7347037e-01
   3.8134562e-01   8.7354184e-01
   3.8534562e-01   8.7367041e-01
   3.8934562e-01   8.7301107e-01
   3.9334562e-01   8.7294375e-01
   3.9734562e-01   8.6985373e-01
   4.0134562e-01   8.7041577e-01
   4.0534562e-01   8.7104900e-01
   4.0934562e-01   8.6863237e-01
   4.1334562e-01   8.6916097e-01
   4.1734562e-01   8.6810647e-01
   4.2134562e-01   8.6743061e-01
   4.2534562e-01   8.6984356e-01
   4.2934562e-01   8.6804050e-01
   4.3334562e-01   8.6725365e-01
   4.3734562e-01   8.6621590e-01
   4.4134562e-01   8.6696373e-01
   4.4534562e-01   8.6737873e-01
   4.4934562e-01   8.6564649e-01
   4.5334562e-01   8.6756914e-01
   4.5734562e-01   8.6453913e-01
   4.6134562e-01   8.6689283e-01
   4.6534562e-01   8.6675888e-01
   4.6934562e-01   8.6382019e-01
   4.7334562e-01   8.6596888e-01
   4.7734562e-01   8.6397838e-01
   4.8134562e-01   8.6480124e-01
   4.8534562e-01   8.6475927e-01
   4.8934562e-01   8.6503982e-01
   4.9334562e-01   8.6604527e-01
   4.9734562e-01   8.6343244e-01
   5.0134562e-01   8.6566439e-01
   5.0534562e-01   8.6487573e-01
   5.0934562e-01   8.6417947e-01
   5.1334562e-01   8.6549212e-01
   5.1734562e-01   8.6086009e-01
   5.2134562e-01   8.6276239e-01
   5.2534562e-01   8.6210133e-01
   5.2934562e-01   8.6369705e-01
   5.3334562e-01   8.6202073e-01
   5.3734562e-01   8.6063789e-01
   5.4134562e-01   8.6186132e-01
   5.4534562e-01   8.6074484e-01
   5.4934562e-01   8.6011283e-01
   5.5334562e-01   8.6163960e-01
   5.5734562e-01   8.5933401e-01
   5.6134562e-01   8.6021897e-01
   5.6534562e-01   8.5953043e-01
   5.6934562e-01   8.5881655e-01
   5.7334562e-01   8.5828165e-01
   5.7734562e-01   8.5734002e-01
   5.8134562e-01   8.5959473e-01
   5.8534562e-01   8.5765250e-01
   5.8934562e-01   8.5852103e-01
   5.9334562e-01   8.5870445e-01
   5.9734562e-01   8.5866031e-01
   6.0134562e-01   8.5824261e-01
   6.0534562e-01   8.5869731e-01
   6.0934562e-01   8.5804525e-01
   6.1334562e-01   8.5763438e-01
   6.1734562e-01   8.5623568e-01
   6.2134562e-01   8.5570458e-01
   6.2534562e-01   8.5600207e-01
   6.2934562e-01   8.5686251e-01
   6.3334562e-01   8.5633642e-01
   6.3734562e-01   8.5507830e-01
   6.4134562e-01   8.5516635e-01
   6.4534562e-01   8.5584507e-01
   6.4934562e-01   8.5608883e-01
   6.5334562e-01   8.5649590e-01
   6.5734562e-01   8.5335182e-01
   6.6134562e-01   8.5560803e-01
   6.6534562e-01   8.5333032e-01
   6.6934562e-01   8.5402809e-01
   6.7334562e-01   8.5459011e-01
   6.7734562e-01   8.5247433e-01
   6.8134562e-01   8.5521650e-01
   6.8534562e-01   8.5207785e-01
   6.8934562e-01   8.5252921e-01
   6.9334562e-01   8.5321048e-01
   6.9734562e-01   8.4944266e-01
   7.0134562e-01   8.5366749e-01
   7.0534562e-01   8.5124644e-01
   7.0934562e-01   8.5138634e-01
   7.1334562e-01   8.5112343e-01
   7.1734562e-01   8.5005609e-01
   7.2134562e-01   8.5294169e-01
   7.2534562e-01   8.5139001e-01
   7.2934562e-01   8.5223021e-01
   7.3334562e-01   8.5250477e-01
   7.3734562e-01   8.5026212e-01
   7.4134562e-01   8.5011528e-01
   7.4534562e-01   8.4945594e-01
   7.4934562e-01   8.4855469e-01
   7.5334562e-01   8.5123118e-01
   7.5734562e-01   8.4928748e-01
   7.6134562e-01   8.5092085e-01
   7.6534562e-01   8.5015755e-01
   7.6934562e-01   8.4855472e-01
   7.7334562e-01   8.4889532e-01
   7.7734562e-01   8.4777477e-01
   7.8134562e-01   8.4971786e-01
   7.8534562e-01   8.4825465e-01
   7.8934562e-01   8.4670314e-01
   7.9334562e-01   8.4790421e-01
   7.9734562e-01   8.4624708e-01
   8.0134562e-01   8.4917303e-01
   8.0534562e-01   8.4827905e-01
   8.0934562e-01   8.4718071e-01
   8.1334562e-01   8.4693427e-01
   8.1734562e-01   8.4654887e-01
   8.2134562e-01   8.4640259e-01
   8.2534562e-01   8.4433145e-01
   8.2934562e-01   8.4467425e-01
   8.3334562e-01   8.4708629e-01
   8.3734562e-01   8.4561802e-01
   8.4134562e-01   8.4601686e-01
   8.4534562e-01   8.4551702e-01
   8.4934562e-01   8.4575327e-01
   8.5334562e-01   8.4577477e-01
   8.5734562e-01   8.4533694e-01
   8.6134562e-01   8.4575622e-01
   8.6534562e-01   8.4400971e-01
   8.6934562e-01   8.4406438e-01
   8.7334562e-01   8.4579796e-01
   8.7734562e-01   8.4480479e-01
   8.8134562e-01   8.4648293e-01
   8.8534562e-01   8.4359983e-01
   8.8934562e-01   8.4491624e-01
   8.9334562e-01   8.4469960e-01
   8.9734562e-01   8.4269378e-01
   9.0134562e-01   8.4498949e-01
   9.0534562e-01   8.4376678e-01
   9.0934562e-01   8.4383535e-01
   9.1334562e-01   8.4437827e-01
   9.1734562e-01   8.4196479e-01
   9.2134562e-01   8.4499506e-01
   9.2534562e-01   8.4149307e-01
   9.2934562e-01   8.4117137e-01
   9.3334562e-01   8.4206994e-01
   9.3734562e-01   8.4060272e-01
   9.4134562e-01   8.4159495e-01
   9.4534562e-01   8.4213117e-01
   9.4934562e-01   8.4181055e-01
   9.5334562e-01   8.4274373e-01
   9.5734562e-01   8.4210966e-01
   9.6134562e-01   8.4332665e-01
   9.6534562e-01   8.4112762e-01
   9.6934562e-01   8.4093739e-01
   9.7334562e-01   8.3997750e-01
   9.7734562e-01   8.3926422e-01
   9.8134562e-01   8.4077056e-01
   9.8534562e-01   8.3983573e-01
   9.8934562e-01   8.4094877e-01
   9.9334562e-01   8.4113675e-01
   9.9734562e-01   8.3848619e-01
   1.0013456e+00   8.4101054e-01
   1.0053456e+00   8.3996618e-01
   1.0093456e+00   8.4170072e-01
   1.0133456e+00   8.3998062e-01
   1.0173456e+00   8.3978369e-01
   1.0213456e+00   8.4172022e-01
   1.0253456e+00   8.4117115e-01
   1.0293456e+00   8.3901232e-01
   1.0333456e+00   8.3907018e-01
   1.0373456e+00   8.3883982e-01
   1.0413456e+00   8.3975820e-01
   1.0453456e+00   8.3801309e-01
   1.0493456e+00   8.3920068e-01
   1.0533456e+00   8.3971887e-01
   1.0573456e+00   8.3745571e-01
   1.0613456e+00   8.3841781e-01
   1.0653456e+00   8.3845967e-01
   1.0693456e+00   8.3717377e-01
   1.0733456e+00   8.3903461e-01
   1.0773456e+00   8.3738957e-01
   1.0813456e+00   8.3959964e-01
   1.0853456e+00   8.3774322e-01
   1.0893456e+00   8.3658395e-01
   1.0933456e+00   8.3842623e-01
   1.0973456e+00   8.3712805e-01
   1.1013456e+00   8.3793611e-01
   1.1053456e+00   8.3693622e-01
   1.1093456e+00   8.3689325e-01
   1.1133456e+00   8.3527590e-01
   1.1173456e+00   8.3479847e-01
   1.1213456e+00   8.3770718e-01
   1.1253456e+00   8.3557074e-01
   1.1293456e+00   8.3585428e-01
   1.1333456e+00   8.3679500e-01
   1.1373456e+00   8.3658313e-01
   1.1413456e+00   8.3744177e-01
   1.1453456e+00   8.3527891e-01
   1.1493456e+00   8.3717672e-01
   1.1533456e+00   8.3792344e-01
   1.1573456e+00   8.3492446e-01
   1.1613456e+00   8.3520860e-01
   1.1653456e+00   8.3599226e-01
   1.1693456e+00   8.3532447e-01
   1.1733456e+00   8.3613565e-01
   1.1773456e+00   8.3421517e-01
   1.1813456e+00   8.3668754e-01
   1.1853456e+00   8.3363841e-01
   1.1893456e+00   8.3408246e-01
   1.1933456e+00   8.3502032e-01
   1.1973456e+00   8.3386474e-01
   1.2013456e+00   8.3521509e-01
   1.2053456e+00   8.3375839e-01
   1.2093456e+00   8.3375375e-01
   1.2133456e+00   8.3393112e-01
   1.2173456e+00   8.3258490e-01
   1.2213456e+00   8.3297387e-01
   1.2253456e+00   8.3306422e-01
   1.2293456e+00   8.3202747e-01
   1.2333456e+00   8.3325723e-01
   1.2373456e+00   8.3250975e-01
   1.2413456e+00   8.3449673e-01
   1.2453456e+00   8.3338358e-01
   1.2493456e+00   8.3252396e-01
   1.2533456e+00   8.3206958e-01
   1.2573456e+00   8.2910939e-01
   1.2613456e+00   8.3344066e-01
   1.2653456e+00   8.3325325e-01
   1.2693456e+00   8.3238290e-01
   1.2733456e+00   8.3154142e-01
   1.2773456e+00   8.3210954e-01
   1.2813456e+00   8.3348879e-01
   1.2853456e+00   8.3269374e-01
   1.2893456e+00   8.3224864e-01
   1.2933456e+00   8.3175089e-01
   1.2973456e+00   8.3044046e-01
   1.3013456e+00   8.3251858e-01
   1.3053456e+00   8.3153122e-01
   1.3093456e+00   8.3186586e-01
   1.3133456e+00   8.3130728e-01
   1.3173456e+00   8.3129233e-01
   1.3213456e+00   8.3107745e-01
   1.3253456e+00   8.2994013e-01
   1.3293456e+00   8.3084305e-01
   1.3333456e+00   8.3098435e-01
   1.3373456e+00   8.2898904e-01
   1.3413456e+00   8.3113563e-01
   1.3453456e+00   8.2879539e-01
   1.3493456e+00   8.3088758e-01
   1.3533456e+00   8.3018544e-01
   1.3573456e+00   8.2899833e-01
   1.3613456e+00   8.2964165e-01
   1.3653456e+00   8.2852571e-01
   1.3693456e+00   8.2916859e-01
   1.3733456e+00   8.3077146e-01
   1.3773456e+00   8.2818008e-01
   1.3813456e+00   8.3087192e-01
   1.3853456e+00   8.2996856e-01
   1.3893456e+00   8.2952528e-01
   1.3933456e+00   8.3098644e-01
