  -1.2819816e-01   9.2370457e-01
  -1.2419816e-01   9.1816887e-01
  -1.2019816e-01   9.0848554e-01
  -1.1619816e-01   9.0352392e-01
  -1.1219816e-01   8.9766490e-01
  -1.0819816e-01   8.9479705e-01
  -1.0419816e-01   8.9563897e-01
  -1.0019816e-01   8.9878833e-01
  -9.6198157e-02   9.0719635e-01
  -9.2198157e-02   9.1570714e-01
  -8.8198157e-02   9.2679942e-01
  -8.4198157e-02   9.3904855e-01
  -8.0198157e-02   9.4724271e-01
  -7.6198157e-02   9.5815843e-01
  -7.2198157e-02   9.6138809e-01
  -6.8198157e-02   9.6202470e-01
  -6.4198157e-02   9.5796520e-01
  -6.0198157e-02   9.4727329e-01
  -5.6198157e-02   9.3741660e-01
  -5.2198157e-02   9.2137806e-01
  -4.8198157e-02   9.0512815e-01
  -4.4198157e-02   8.9066959e-01
  -4.0198157e-02   8.7705574e-01
  -3.6198157e-02   8.7269141e-01
  -3.2198157e-02   8.7073620e-01
  -2.8198157e-02   8.7590215e-01
  -2.4198157e-02   8.8744667e-01
  -2.0198157e-02   9.0140891e-01
  -1.6198157e-02   9.2118283e-01
  -1.2198157e-02   9.3910712e-01
  -8.1981567e-03   9.5743896e-01
  -4.1981567e-03   9.7576411e-01
  -1.9815668e-04   9.8917516e-01
   3.8018433e-03   1.0000000e+00
   7.8018433e-03   9.9882697e-01
   1.1801843e-02   9.9097042e-01
   1.5801843e-02   9.7641660e-01
   1.9801843e-02   9.5474111e-01
   2.3801843e-02   9.3708527e-01
   2.7801843e-02   9.1441924e-01
   3.1801843e-02   8.9610995e-01
   3.5801843e-02   8.8183724e-01
   3.9801843e-02   8.7163511e-01
   4.3801843e-02   8.7052824e-01
   4.7801843e-02   8.7339406e-01
   5.1801843e-02   8.8282921e-01
   5.5801843e-02   8.9639388e-01
   5.9801843e-02   9.1170041e-01
   6.3801843e-02   9.2921512e-01
   6.7801843e-02   9.4237624e-01
   7.1801843e-02   9.5392744e-01
   7.5801843e-02   9.6240989e-01
   7.9801843e-02   9.6304036e-01
   8.3801843e-02   9.6313513e-01
   8.7801843e-02   9.5562284e-01
   9.1801843e-02   9.4635133e-01
   9.5801843e-02   9.3641602e-01
   9.9801843e-02   9.2330593e-01
   1.0380184e-01   9.1491613e-01
   1.0780184e-01   9.0530090e-01
   1.1180184e-01   8.9929305e-01
   1.1580184e-01   8.9702162e-01
   1.1980184e-01   8.9582930e-01
   1.2380184e-01   9.0123468e-01
   1.2780184e-01   9.0722147e-01
   1.3180184e-01   9.1369021e-01
   1.3580184e-01   9.2223104e-01
   1.3980184e-01   9.2796285e-01
   1.4380184e-01   9.3579878e-01
   1.4780184e-01   9.3856486e-01
   1.5180184e-01   9.4085291e-01
   1.5580184e-01   9.4069675e-01
   1.5980184e-01   9.3724219e-01
   1.6380184e-01   9.3558939e-01
   1.6780184e-01   9.3039760e-01
   1.7180184e-01   9.2627342e-01
   1.7580184e-01   9.2247068e-01
   1.7980184e-01   9.1719296e-01
   1.8380184e-01   9.1727642e-01
   1.8780184e-01   9.1534296e-01
   1.9180184e-01   9.1562163e-01
   1.9580184e-01   9.1704055e-01
   1.9980184e-01   9.1786665e-01
   2.0380184e-01   9.2180271e-01
   2.0780184e-01   9.2333648e-01
   2.1180184e-01   9.2575381e-01
   2.1580184e-01   9.2781981e-01
   2.1980184e-01   9.2677702e-01
   2.2380184e-01   9.2955131e-01
   2.2780184e-01   9.2755111e-01
   2.3180184e-01   9.2667757e-01
   2.3580184e-01   9.2591086e-01
   2.3980184e-01   9.2277947e-01
   2.4380184e-01   9.2356604e-01
   2.4780184e-01   9.2081744e-01
   2.5180184e-01   9.1925590e-01
   2.5580184e-01   9.1968513e-01
   2.5980184e-01   9.1826620e-01
   2.6380184e-01   9.2047120e-01
   2.6780184e-01   9.1936812e-01
   2.7180184e-01   9.1991897e-01
   2.7580184e-01   9.2182901e-01
   2.7980184e-01   9.2070760e-01
   2.8380184e-01   9.2310037e-01
   2.8780184e-01   9.2228700e-01
   2.9180184e-01   9.2190017e-01
   2.9580184e-01   9.2240509e-01
   2.9980184e-01   9.2075379e-01
   3.0380184e-01   9.2195012e-01
   3.0780184e-01   9.2136154e-01
   3.1180184e-01   9.1978169e-01
   3.1580184e-01   9.1988298e-01
   3.1980184e-01   9.1816047e-01
   3.2380184e-01   9.2026621e-01
   3.2780184e-01   9.1985820e-01
   3.3180184e-01   9.1888741e-01
   3.3580184e-01   9.2018667e-01
   3.3980184e-01   9.1855531e-01
   3.4380184e-01   9.2128784e-01
   3.4780184e-01   9.1954106e-01
   3.5180184e-01   9.1988046e-01
   3.5580184e-01   9.2100554e-01
   3.5980184e-01   9.1944658e-01
   3.6380184e-01   9.2050544e-01
   3.6780184e-01   9.1951968e-01
   3.7180184e-01   9.1919209e-01
   3.7580184e-01   9.1993999e-01
   3.7980184e-01   9.1743413e-01
   3.8380184e-01   9.1943486e-01
   3.8780184e-01   9.1862703e-01
   3.9180184e-01   9.1805076e-01
   3.9580184e-01   9.1840728e-01
   3.9980184e-01   9.1623583e-01
   4.0380184e-01   9.1884848e-01
   4.0780184e-01   9.1760668e-01
   4.1180184e-01   9.1743021e-01
   4.1580184e-01   9.1818830e-01
   4.1980184e-01   9.1601336e-01
   4.2380184e-01   9.1903952e-01
   4.2780184e-01   9.1702293e-01
   4.3180184e-01   9.1670002e-01
   4.3580184e-01   9.1723127e-01
   4.3980184e-01   9.1558550e-01
   4.4380184e-01   9.1680782e-01
   4.4780184e-01   9.1621041e-01
   4.5180184e-01   9.1612370e-01
   4.5580184e-01   9.1683995e-01
   4.5980184e-01   9.1522594e-01
   4.6380184e-01   9.1694750e-01
   4.6780184e-01   9.1499611e-01
   4.7180184e-01   9.1594646e-01
   4.7580184e-01   9.1680084e-01
   4.7980184e-01   9.1514426e-01
   4.8380184e-01   9.1678177e-01
   4.8780184e-01   9.1548551e-01
   4.9180184e-01   9.1558174e-01
   4.9580184e-01   9.1587488e-01
   4.9980184e-01   9.1412730e-01
   5.0380184e-01   9.1672885e-01
   5.0780184e-01   9.1569700e-01
   5.1180184e-01   9.1535995e-01
   5.1580184e-01   9.1557490e-01
   5.1980184e-01   9.1461511e-01
   5.2380184e-01   9.1546876e-01
   5.2780184e-01   9.1497955e-01
   5.3180184e-01   9.1487981e-01
   5.3580184e-01   9.1571601e-01
   5.3980184e-01   9.1351810e-01
   5.4380184e-01   9.1547978e-01
   5.4780184e-01   9.1403061e-01
   5.5180184e-01   9.1373691e-01
   5.5580184e-01   9.1472465e-01
   5.5980184e-01   9.1298508e-01
   5.6380184e-01   9.1448292e-01
   5.6780184e-01   9.1363302e-01
   5.7180184e-01   9.1382264e-01
   5.7580184e-01   9.1358939e-01
   5.7980184e-01   9.1211918e-01
   5.8380184e-01   9.1448251e-01
   5.8780184e-01   9.1346176e-01
   5.9180184e-01   9.1353086e-01
   5.9580184e-01   9.1392084e-01
   5.9980184e-01   9.1243010e-01
   6.0380184e-01   9.1481430e-01
   6.0780184e-01   9.1305805e-01
   6.1180184e-01   9.1298716e-01
   6.1580184e-01   9.1324003e-01
   6.1980184e-01   9.1168388e-01
   6.2380184e-01   9.1414995e-01
   6.2780184e-01   9.1295851e-01
   6.3180184e-01   9.1236239e-01
   6.3580184e-01   9.1304292e-01
   6.3980184e-01   9.1095195e-01
   6.4380184e-01   9.1321855e-01
   6.4780184e-01   9.1209924e-01
   6.5180184e-01   9.1148520e-01
   6.5580184e-01   9.1251437e-01
   6.5980184e-01   9.1093886e-01
   6.6380184e-01   9.1270760e-01
   6.6780184e-01   9.1167134e-01
   6.7180184e-01   9.1085820e-01
   6.7580184e-01   9.1223204e-01
   6.7980184e-01   9.1033603e-01
   6.8380184e-01   9.1219242e-01
   6.8780184e-01   9.1030464e-01
   6.9180184e-01   9.1067553e-01
   6.9580184e-01   9.1193808e-01
   6.9980184e-01   9.0969057e-01
   7.0380184e-01   9.1173588e-01
   7.0780184e-01   9.1043332e-01
   7.1180184e-01   9.1030279e-01
   7.1580184e-01   9.1093139e-01
   7.1980184e-01   9.0900420e-01
   7.2380184e-01   9.1172896e-01
   7.2780184e-01   9.1066886e-01
   7.3180184e-01   9.0990592e-01
   7.3580184e-01   9.1018551e-01
   7.3980184e-01   9.0838299e-01
   7.4380184e-01   9.1085911e-01
   7.4780184e-01   9.1054116e-01
   7.5180184e-01   9.1018984e-01
   7.5580184e-01   9.1030912e-01
   7.5980184e-01   9.0891661e-01
   7.6380184e-01   9.1028578e-01
   7.6780184e-01   9.0963161e-01
   7.7180184e-01   9.0985151e-01
   7.7580184e-01   9.0943202e-01
   7.7980184e-01   9.0822337e-01
   7.8380184e-01   9.1038125e-01
   7.8780184e-01   9.0894157e-01
   7.9180184e-01   9.0918448e-01
   7.9580184e-01   9.0917318e-01
   7.9980184e-01   9.0802970e-01
   8.0380184e-01   9.0914382e-01
   8.0780184e-01   9.0859521e-01
   8.1180184e-01   9.0768980e-01
   8.1580184e-01   9.0788898e-01
   8.1980184e-01   9.0741139e-01
   8.2380184e-01   9.0837121e-01
   8.2780184e-01   9.0783682e-01
   8.3180184e-01   9.0773329e-01
   8.3580184e-01   9.0802236e-01
   8.3980184e-01   9.0701293e-01
   8.4380184e-01   9.0846584e-01
   8.4780184e-01   9.0761497e-01
   8.5180184e-01   9.0690558e-01
   8.5580184e-01   9.0750170e-01
   8.5980184e-01   9.0660061e-01
   8.6380184e-01   9.0832675e-01
   8.6780184e-01   9.0725793e-01
   8.7180184e-01   9.0716418e-01
   8.7580184e-01   9.0803468e-01
   8.7980184e-01   9.0601629e-01
   8.8380184e-01   9.0747653e-01
   8.8780184e-01   9.0679888e-01
   8.9180184e-01   9.0638339e-01
   8.9580184e-01   9.0719066e-01
   8.9980184e-01   9.0618731e-01
   9.0380184e-01   9.0750188e-01
   9.0780184e-01   9.0615330e-01
   9.1180184e-01   9.0607764e-01
   9.1580184e-01   9.0653986e-01
   9.1980184e-01   9.0483823e-01
   9.2380184e-01   9.0690171e-01
   9.2780184e-01   9.0552905e-01
   9.3180184e-01   9.0542788e-01
   9.3580184e-01   9.0574785e-01
   9.3980184e-01   9.0478155e-01
   9.4380184e-01   9.0654124e-01
   9.4780184e-01   9.0444235e-01
   9.5180184e-01   9.0469894e-01
   9.5580184e-01   9.0537133e-01
   9.5980184e-01   9.0347507e-01
   9.6380184e-01   9.0565480e-01
   9.6780184e-01   9.0494874e-01
   9.7180184e-01   9.0396758e-01
   9.7580184e-01   9.0520955e-01
   9.7980184e-01   9.0310716e-01
   9.8380184e-01   9.0492393e-01
   9.8780184e-01   9.0458072e-01
   9.9180184e-01   9.0427799e-01
   9.9580184e-01   9.0494211e-01
   9.9980184e-01   9.0327815e-01
   1.0038018e+00   9.0445330e-01
   1.0078018e+00   9.0389576e-01
   1.0118018e+00   9.0331695e-01
   1.0158018e+00   9.0419252e-01
   1.0198018e+00   9.0246454e-01
   1.0238018e+00   9.0496375e-01
   1.0278018e+00   9.0330634e-01
   1.0318018e+00   9.0303256e-01
   1.0358018e+00   9.0416793e-01
   1.0398018e+00   9.0237505e-01
   1.0438018e+00   9.0374504e-01
   1.0478018e+00   9.0281790e-01
   1.0518018e+00   9.0236444e-01
   1.0558018e+00   9.0296643e-01
   1.0598018e+00   9.0109573e-01
   1.0638018e+00   9.0347208e-01
   1.0678018e+00   9.0149883e-01
   1.0718018e+00   9.0194233e-01
   1.0758018e+00   9.0223336e-01
   1.0798018e+00   9.0063720e-01
   1.0838018e+00   9.0320800e-01
   1.0878018e+00   9.0148021e-01
   1.0918018e+00   9.0095438e-01
   1.0958018e+00   9.0226266e-01
   1.0998018e+00   9.0043328e-01
   1.1038018e+00   9.0189658e-01
   1.1078018e+00   9.0116627e-01
   1.1118018e+00   9.0072404e-01
   1.1158018e+00   9.0134566e-01
   1.1198018e+00   9.0004869e-01
   1.1238018e+00   9.0199180e-01
   1.1278018e+00   9.0042808e-01
   1.1318018e+00   9.0122833e-01
   1.1358018e+00   9.0107554e-01
   1.1398018e+00   8.9958706e-01
   1.1438018e+00   9.0173116e-01
   1.1478018e+00   9.0034023e-01
   1.1518018e+00   9.0020466e-01
   1.1558018e+00   9.0082913e-01
   1.1598018e+00   8.9916594e-01
   1.1638018e+00   9.0096340e-01
   1.1678018e+00   8.9936467e-01
   1.1718018e+00   8.9994129e-01
   1.1758018e+00   8.9986924e-01
   1.1798018e+00   8.9823106e-01
   1.1838018e+00   8.9996927e-01
   1.1878018e+00   8.9921552e-01
   1.1918018e+00   8.9835134e-01
   1.1958018e+00   8.9943530e-01
   1.1998018e+00   8.9819932e-01
   1.2038018e+00   8.9969962e-01
   1.2078018e+00   8.9869322e-01
   1.2118018e+00   8.9811179e-01
   1.2158018e+00   8.9889462e-01
   1.2198018e+00   8.9651413e-01
   1.2238018e+00   8.9877510e-01
   1.2278018e+00   8.9816528e-01
   1.2318018e+00   8.9795555e-01
   1.2358018e+00   8.9876543e-01
   1.2398018e+00   8.9731045e-01
   1.2438018e+00   8.9832250e-01
   1.2478018e+00   8.9764486e-01
   1.2518018e+00   8.9711478e-01
   1.2558018e+00   8.9769360e-01
   1.2598018e+00   8.9667598e-01
   1.2638018e+00   8.9856029e-01
   1.2678018e+00   8.9713638e-01
   1.2718018e+00   8.9658884e-01
   1.2758018e+00   8.9777884e-01
   1.2798018e+00   8.9592044e-01
   1.2838018e+00   8.9761263e-01
   1.2878018e+00   8.9690632e-01
   1.2918018e+00   8.9645925e-01
   1.2958018e+00   8.9742792e-01
   1.2998018e+00   8.9564311e-01
   1.3038018e+00   8.9767315e-01
   1.3078018e+00   8.9604503e-01
   1.3118018e+00   8.9584117e-01
   1.3158018e+00   8.9573877e-01
   1.3198018e+00   8.9518799e-01
   1.3238018e+00   8.9641537e-01
   1.3278018e+00   8.9570850e-01
   1.3318018e+00   8.9552989e-01
   1.3358018e+00   8.9581005e-01
   1.3398018e+00   8.9407148e-01
   1.3438018e+00   8.9592653e-01
   1.3478018e+00   8.9503554e-01
   1.3518018e+00   8.9475581e-01
   1.3558018e+00   8.9591740e-01
   1.3598018e+00   8.9350503e-01
   1.3638018e+00   8.9576396e-01
   1.3678018e+00   8.9475210e-01
   1.3718018e+00   8.9364545e-01
   1.3758018e+00   8.9471918e-01
   1.3798018e+00   8.9346393e-01
   1.3838018e+00   8.9547981e-01
   1.3878018e+00   8.9394467e-01
   1.3918018e+00   8.9339075e-01
   1.3958018e+00   8.9459660e-01
   1.3998018e+00   8.9291682e-01
   1.4038018e+00   8.9473428e-01
   1.4078018e+00   8.9374410e-01
   1.4118018e+00   8.9400764e-01
   1.4158018e+00   8.9374951e-01
   1.4198018e+00   8.9301310e-01
   1.4238018e+00   8.9410286e-01
   1.4278018e+00   8.9314675e-01
   1.4318018e+00   8.9291129e-01
   1.4358018e+00   8.9395802e-01
   1.4398018e+00   8.9155306e-01
   1.4438018e+00   8.9424498e-01
   1.4478018e+00   8.9268660e-01
   1.4518018e+00   8.9211372e-01
   1.4558018e+00   8.9284546e-01
   1.4598018e+00   8.9132571e-01
   1.4638018e+00   8.9229495e-01
   1.4678018e+00   8.9193717e-01
   1.4718018e+00   8.9212675e-01
   1.4758018e+00   8.9192562e-01
   1.4798018e+00   8.9007016e-01
   1.4838018e+00   8.9264460e-01
   1.4878018e+00   8.9167739e-01
   1.4918018e+00   8.9111942e-01
   1.4958018e+00   8.9209092e-01
   1.4998018e+00   8.9109519e-01
   1.5038018e+00   8.9308189e-01
   1.5078018e+00   8.9147081e-01
   1.5118018e+00   8.9091983e-01
   1.5158018e+00   8.9154638e-01
   1.5198018e+00   8.9000697e-01
   1.5238018e+00   8.9172754e-01
   1.5278018e+00   8.9092537e-01
   1.5318018e+00   8.9115694e-01
   1.5358018e+00   8.9179598e-01
   1.5398018e+00   8.9024535e-01
   1.5438018e+00   8.9164459e-01
   1.5478018e+00   8.8986257e-01
   1.5518018e+00   8.9052485e-01
   1.5558018e+00   8.9112818e-01
   1.5598018e+00   8.8931705e-01
   1.5638018e+00   8.9127512e-01
   1.5678018e+00   8.8991223e-01
   1.5718018e+00   8.8993231e-01
   1.5758018e+00   8.9022105e-01
   1.5798018e+00   8.8902396e-01
   1.5838018e+00   8.9013852e-01
   1.5878018e+00   8.8990753e-01
   1.5918018e+00   8.8951930e-01
   1.5958018e+00   8.8976732e-01
   1.5998018e+00   8.8802152e-01
   1.6038018e+00   8.8978345e-01
   1.6078018e+00   8.8878371e-01
   1.6118018e+00   8.8870461e-01
   1.6158018e+00   8.8942928e-01
   1.6198018e+00   8.8809347e-01
   1.6238018e+00   8.9002701e-01
   1.6278018e+00   8.8853691e-01
   1.6318018e+00   8.8858111e-01
   1.6358018e+00   8.8914702e-01
   1.6398018e+00   8.8731512e-01
   1.6438018e+00   8.8898091e-01
   1.6478018e+00   8.8845584e-01
   1.6518018e+00   8.8822005e-01
   1.6558018e+00   8.8867423e-01
   1.6598018e+00   8.8710833e-01
   1.6638018e+00   8.8889766e-01
   1.6678018e+00   8.8857679e-01
   1.6718018e+00   8.8816559e-01
   1.6758018e+00   8.8847637e-01
   1.6798018e+00   8.8673147e-01
   1.6838018e+00   8.8839839e-01
   1.6878018e+00   8.8749166e-01
   1.6918018e+00   8.8751629e-01
   1.6958018e+00   8.8822209e-01
   1.6998018e+00   8.8643995e-01
   1.7038018e+00   8.8803759e-01
   1.7078018e+00   8.8697406e-01
   1.7118018e+00   8.8652489e-01
   1.7158018e+00   8.8721406e-01
   1.7198018e+00   8.8576332e-01
   1.7238018e+00   8.8759167e-01
   1.7278018e+00   8.8632608e-01
   1.7318018e+00   8.8591570e-01
   1.7358018e+00   8.8707084e-01
   1.7398018e+00   8.8562600e-01
   1.7438018e+00   8.8762367e-01
   1.7478018e+00   8.8598097e-01
   1.7518018e+00   8.8522830e-01
   1.7558018e+00   8.8568506e-01
   1.7598018e+00   8.8539753e-01
   1.7638018e+00   8.8668446e-01
   1.7678018e+00   8.8570891e-01
   1.7718018e+00   8.8580695e-01
   1.7758018e+00   8.8584531e-01
   1.7798018e+00   8.8539511e-01
   1.7838018e+00   8.8629842e-01
   1.7878018e+00   8.8488861e-01
   1.7918018e+00   8.8610959e-01
   1.7958018e+00   8.8614878e-01
   1.7998018e+00   8.8445760e-01
   1.8038018e+00   8.8643931e-01
   1.8078018e+00   8.8511485e-01
   1.8118018e+00   8.8544372e-01
   1.8158018e+00   8.8596327e-01
   1.8198018e+00   8.8428249e-01
   1.8238018e+00   8.8573164e-01
   1.8278018e+00   8.8482679e-01
   1.8318018e+00   8.8423141e-01
   1.8358018e+00   8.8549718e-01
   1.8398018e+00   8.8368519e-01
   1.8438018e+00   8.8586386e-01
   1.8478018e+00   8.8417159e-01
   1.8518018e+00   8.8419729e-01
   1.8558018e+00   8.8462926e-01
   1.8598018e+00   8.8352613e-01
   1.8638018e+00   8.8509987e-01
   1.8678018e+00   8.8348495e-01
   1.8718018e+00   8.8334108e-01
   1.8758018e+00   8.8407698e-01
   1.8798018e+00   8.8309025e-01
   1.8838018e+00   8.8462469e-01
   1.8878018e+00   8.8299327e-01
   1.8918018e+00   8.8331479e-01
   1.8958018e+00   8.8463221e-01
