  -1.6705069e-01   8.7232595e-01
  -1.5905069e-01   8.7242004e-01
  -1.5105069e-01   8.7077146e-01
  -1.4305069e-01   8.7023550e-01
  -1.3505069e-01   8.7073841e-01
  -1.2705069e-01   8.7169610e-01
  -1.1905069e-01   8.7447884e-01
  -1.1105069e-01   8.7561905e-01
  -1.0305069e-01   8.8237181e-01
  -9.5050691e-02   8.8780914e-01
  -8.7050691e-02   8.9670394e-01
  -7.9050691e-02   9.0465373e-01
  -7.1050691e-02   9.1444019e-01
  -6.3050691e-02   9.2507157e-01
  -5.5050691e-02   9.3750164e-01
  -4.7050691e-02   9.4958782e-01
  -3.9050691e-02   9.6003452e-01
  -3.1050691e-02   9.7249260e-01
  -2.3050691e-02   9.8303067e-01
  -1.5050691e-02   9.9143530e-01
  -7.0506912e-03   9.9756479e-01
   9.4930876e-04   1.0000000e+00
   8.9493088e-03   9.9681527e-01
   1.6949309e-02   9.9092461e-01
   2.4949309e-02   9.8440969e-01
   3.2949309e-02   9.7291271e-01
   4.0949309e-02   9.6177428e-01
   4.8949309e-02   9.4884783e-01
   5.6949309e-02   9.3567054e-01
   6.4949309e-02   9.2633556e-01
   7.2949309e-02   9.1395191e-01
   8.0949309e-02   9.0402188e-01
   8.8949309e-02   8.9435254e-01
   9.6949309e-02   8.8650830e-01
   1.0494931e-01   8.7968980e-01
   1.1294931e-01   8.7480169e-01
   1.2094931e-01   8.7257608e-01
   1.2894931e-01   8.6863343e-01
   1.3694931e-01   8.6701747e-01
   1.4494931e-01   8.6598891e-01
   1.5294931e-01   8.6835079e-01
   1.6094931e-01   8.6801158e-01
   1.6894931e-01   8.6814656e-01
   1.7694931e-01   8.6653705e-01
   1.8494931e-01   8.7009415e-01
   1.9294931e-01   8.7165836e-01
   2.0094931e-01   8.7325168e-01
   2.0894931e-01   8.7225276e-01
   2.1694931e-01   8.7232240e-01
   2.2494931e-01   8.7206963e-01
   2.3294931e-01   8.7565831e-01
   2.4094931e-01   8.7557382e-01
   2.4894931e-01   8.7661256e-01
   2.5694931e-01   8.7803219e-01
   2.6494931e-01   8.7746211e-01
   2.7294931e-01   8.7839507e-01
   2.8094931e-01   8.8035670e-01
   2.8894931e-01   8.7978151e-01
   2.9694931e-01   8.7834728e-01
   3.0494931e-01   8.7911030e-01
   3.1294931e-01   8.7915154e-01
   3.2094931e-01   8.8026517e-01
   3.2894931e-01   8.7659432e-01
   3.3694931e-01   8.7457079e-01
   3.4494931e-01   8.7351074e-01
   3.5294931e-01   8.7282795e-01
   3.6094931e-01   8.6809747e-01
   3.6894931e-01   8.6418447e-01
   3.7694931e-01   8.6177259e-01
   3.8494931e-01   8.5919008e-01
   3.9294931e-01   8.5526205e-01
   4.0094931e-01   8.5374172e-01
   4.0894931e-01   8.4895555e-01
   4.1694931e-01   8.4558299e-01
   4.2494931e-01   8.4507186e-01
   4.3294931e-01   8.4484479e-01
   4.4094931e-01   8.4269684e-01
   4.4894931e-01   8.4255624e-01
   4.5694931e-01   8.4134566e-01
   4.6494931e-01   8.4076121e-01
   4.7294931e-01   8.4252336e-01
   4.8094931e-01   8.4101062e-01
   4.8894931e-01   8.4495642e-01
   4.9694931e-01   8.4408725e-01
   5.0494931e-01   8.4580635e-01
   5.1294931e-01   8.4897316e-01
   5.2094931e-01   8.5090119e-01
   5.2894931e-01   8.5061038e-01
   5.3694931e-01   8.5023999e-01
   5.4494931e-01   8.5354994e-01
   5.5294931e-01   8.5345112e-01
   5.6094931e-01   8.5754733e-01
   5.6894931e-01   8.5542126e-01
   5.7694931e-01   8.5536944e-01
   5.8494931e-01   8.5742520e-01
   5.9294931e-01   8.5643702e-01
   6.0094931e-01   8.5664022e-01
   6.0894931e-01   8.5427844e-01
   6.1694931e-01   8.5345037e-01
   6.2494931e-01   8.5091103e-01
   6.3294931e-01   8.4907888e-01
   6.4094931e-01   8.4706129e-01
   6.4894931e-01   8.4658700e-01
   6.5694931e-01   8.4161775e-01
   6.6494931e-01   8.4096529e-01
   6.7294931e-01   8.3992692e-01
   6.8094931e-01   8.3564313e-01
   6.8894931e-01   8.3479661e-01
   6.9694931e-01   8.3002930e-01
   7.0494931e-01   8.3172329e-01
   7.1294931e-01   8.3154044e-01
   7.2094931e-01   8.3029015e-01
   7.2894931e-01   8.2738552e-01
   7.3694931e-01   8.2751054e-01
   7.4494931e-01   8.2855858e-01
   7.5294931e-01   8.2904612e-01
   7.6094931e-01   8.2949710e-01
   7.6894931e-01   8.3129033e-01
   7.7694931e-01   8.3093485e-01
   7.8494931e-01   8.3284200e-01
   7.9294931e-01   8.3370653e-01
   8.0094931e-01   8.3488501e-01
   8.0894931e-01   8.3560045e-01
   8.1694931e-01   8.3559553e-01
   8.2494931e-01   8.3832978e-01
   8.3294931e-01   8.3951265e-01
   8.4094931e-01   8.3898937e-01
   8.4894931e-01   8.3940192e-01
   8.5694931e-01   8.3965729e-01
   8.6494931e-01   8.4118055e-01
   8.7294931e-01   8.4051272e-01
   8.8094931e-01   8.4129031e-01
   8.8894931e-01   8.3903448e-01
   8.9694931e-01   8.3763085e-01
   9.0494931e-01   8.3731191e-01
   9.1294931e-01   8.3517534e-01
   9.2094931e-01   8.3457427e-01
   9.2894931e-01   8.3284375e-01
   9.3694931e-01   8.3070973e-01
   9.4494931e-01   8.2840462e-01
   9.5294931e-01   8.2857500e-01
   9.6094931e-01   8.2809947e-01
   9.6894931e-01   8.2393999e-01
   9.7694931e-01   8.2507212e-01
   9.8494931e-01   8.2387651e-01
   9.9294931e-01   8.2204213e-01
   1.0009493e+00   8.2338351e-01
   1.0089493e+00   8.2258302e-01
   1.0169493e+00   8.2045557e-01
   1.0249493e+00   8.2151082e-01
   1.0329493e+00   8.2263426e-01
   1.0409493e+00   8.2495823e-01
   1.0489493e+00   8.2337740e-01
   1.0569493e+00   8.2143367e-01
   1.0649493e+00   8.2353630e-01
   1.0729493e+00   8.2570683e-01
   1.0809493e+00   8.2791312e-01
   1.0889493e+00   8.2918680e-01
   1.0969493e+00   8.2678585e-01
   1.1049493e+00   8.3026898e-01
   1.1129493e+00   8.2944278e-01
   1.1209493e+00   8.3133407e-01
   1.1289493e+00   8.3009654e-01
   1.1369493e+00   8.3023164e-01
   1.1449493e+00   8.2913364e-01
   1.1529493e+00   8.3123373e-01
   1.1609493e+00   8.3110426e-01
   1.1689493e+00   8.3053560e-01
   1.1769493e+00   8.2735510e-01
   1.1849493e+00   8.2745013e-01
   1.1929493e+00   8.2765721e-01
   1.2009493e+00   8.2692637e-01
   1.2089493e+00   8.2353031e-01
   1.2169493e+00   8.2240580e-01
   1.2249493e+00   8.2200108e-01
   1.2329493e+00   8.2068480e-01
   1.2409493e+00   8.1877319e-01
   1.2489493e+00   8.1944708e-01
   1.2569493e+00   8.1806865e-01
   1.2649493e+00   8.1683946e-01
   1.2729493e+00   8.1572242e-01
   1.2809493e+00   8.1744361e-01
   1.2889493e+00   8.1369207e-01
   1.2969493e+00   8.1491696e-01
   1.3049493e+00   8.1527641e-01
   1.3129493e+00   8.1717000e-01
   1.3209493e+00   8.1807668e-01
   1.3289493e+00   8.1713968e-01
   1.3369493e+00   8.1600614e-01
   1.3449493e+00   8.1714247e-01
   1.3529493e+00   8.1985642e-01
   1.3609493e+00   8.1948030e-01
   1.3689493e+00   8.2045912e-01
   1.3769493e+00   8.2277441e-01
   1.3849493e+00   8.2184378e-01
   1.3929493e+00   8.2115875e-01
   1.4009493e+00   8.2211319e-01
   1.4089493e+00   8.2393859e-01
   1.4169493e+00   8.2085624e-01
   1.4249493e+00   8.2325971e-01
   1.4329493e+00   8.2296804e-01
   1.4409493e+00   8.2246439e-01
   1.4489493e+00   8.2054614e-01
   1.4569493e+00   8.2025019e-01
   1.4649493e+00   8.2004402e-01
   1.4729493e+00   8.1866534e-01
   1.4809493e+00   8.1802518e-01
   1.4889493e+00   8.1677927e-01
   1.4969493e+00   8.1514007e-01
   1.5049493e+00   8.1533787e-01
   1.5129493e+00   8.1400030e-01
   1.5209493e+00   8.1428343e-01
   1.5289493e+00   8.1326000e-01
   1.5369493e+00   8.1112981e-01
   1.5449493e+00   8.1027678e-01
   1.5529493e+00   8.1176431e-01
   1.5609493e+00   8.1195882e-01
   1.5689493e+00   8.1180434e-01
   1.5769493e+00   8.1018723e-01
   1.5849493e+00   8.1033236e-01
   1.5929493e+00   8.1224562e-01
   1.6009493e+00   8.1305729e-01
   1.6089493e+00   8.1400068e-01
   1.6169493e+00   8.1193851e-01
   1.6249493e+00   8.1339427e-01
   1.6329493e+00   8.1494178e-01
   1.6409493e+00   8.1761642e-01
   1.6489493e+00   8.1508964e-01
   1.6569493e+00   8.1488159e-01
   1.6649493e+00   8.1459865e-01
   1.6729493e+00   8.1768615e-01
   1.6809493e+00   8.1527186e-01
   1.6889493e+00   8.1604059e-01
   1.6969493e+00   8.1604500e-01
   1.7049493e+00   8.1764441e-01
   1.7129493e+00   8.1865534e-01
   1.7209493e+00   8.1610752e-01
   1.7289493e+00   8.1554351e-01
   1.7369493e+00   8.1602381e-01
   1.7449493e+00   8.1370170e-01
   1.7529493e+00   8.1281058e-01
   1.7609493e+00   8.1511651e-01
   1.7689493e+00   8.1263939e-01
   1.7769493e+00   8.1238169e-01
   1.7849493e+00   8.1144689e-01
   1.7929493e+00   8.1065369e-01
   1.8009493e+00   8.1211894e-01
   1.8089493e+00   8.1038282e-01
   1.8169493e+00   8.0780791e-01
   1.8249493e+00   8.0890152e-01
   1.8329493e+00   8.0627257e-01
   1.8409493e+00   8.0731848e-01
   1.8489493e+00   8.0825489e-01
   1.8569493e+00   8.0854471e-01
   1.8649493e+00   8.0619387e-01
   1.8729493e+00   8.0816799e-01
   1.8809493e+00   8.1015585e-01
   1.8889493e+00   8.0919418e-01
   1.8969493e+00   8.0873547e-01
   1.9049493e+00   8.1118701e-01
   1.9129493e+00   8.1151551e-01
   1.9209493e+00   8.1230270e-01
   1.9289493e+00   8.1361820e-01
   1.9369493e+00   8.1141089e-01
   1.9449493e+00   8.1392294e-01
   1.9529493e+00   8.1408072e-01
   1.9609493e+00   8.1389948e-01
   1.9689493e+00   8.1384217e-01
   1.9769493e+00   8.1127101e-01
   1.9849493e+00   8.1255288e-01
   1.9929493e+00   8.1287972e-01
   2.0009493e+00   8.1307258e-01
   2.0089493e+00   8.1198882e-01
   2.0169493e+00   8.1044651e-01
   2.0249493e+00   8.0991821e-01
   2.0329493e+00   8.1194667e-01
   2.0409493e+00   8.1135009e-01
   2.0489493e+00   8.0865950e-01
   2.0569493e+00   8.0835797e-01
   2.0649493e+00   8.1015979e-01
   2.0729493e+00   8.0754037e-01
   2.0809493e+00   8.0717343e-01
   2.0889493e+00   8.0712904e-01
