  1.2800000e-001  9.2058371e-001  9.1316159e-001  9.3076181e-001  9.1627672e-001  9.2516171e-001  8.9843924e-001  9.2102674e-001  9.1201604e-001  9.1216656e-001  9.2308034e-001
  1.3600000e-001  9.1669660e-001  9.2612309e-001  9.0525924e-001  9.2249745e-001  9.0512170e-001  9.0207336e-001  9.1242618e-001  9.0895739e-001  9.0511494e-001  9.1750098e-001
  1.4400000e-001  9.0955269e-001  9.1698907e-001  9.1996628e-001  9.1931354e-001  9.2411327e-001  8.9607752e-001  9.0596181e-001  9.0777341e-001  9.0486783e-001  9.1816585e-001
  1.5200000e-001  8.9285584e-001  8.9038317e-001  9.2378591e-001  9.1851806e-001  8.9919602e-001  8.8408769e-001  9.0337458e-001  9.0333274e-001  9.1017815e-001  9.0027822e-001
  1.6000000e-001  8.9648886e-001  9.0874205e-001  8.9015304e-001  9.0313170e-001  8.9245212e-001  8.6982627e-001  9.0051850e-001  8.7803986e-001  8.8798217e-001  8.9658398e-001
  1.6800000e-001  8.8600185e-001  9.1385285e-001  8.9386559e-001  8.7608539e-001  9.0202331e-001  8.8111514e-001  8.8783005e-001  8.8571659e-001  8.9433834e-001  8.9593902e-001
  1.7600000e-001  8.9100485e-001  8.8096786e-001  9.0815296e-001  9.1059236e-001  8.8515201e-001  8.8098358e-001  8.8868954e-001  8.8441375e-001  8.8311643e-001  8.8079136e-001
  1.8400000e-001  8.7597176e-001  8.8503915e-001  8.6856331e-001  8.9384061e-001  8.8111482e-001  8.4857621e-001  8.8594537e-001  8.8163862e-001  8.7455807e-001  8.7604541e-001
  1.9200000e-001  8.8700969e-001  8.6898282e-001  8.7906912e-001  8.5991241e-001  8.8639065e-001  8.6779394e-001  8.7486888e-001  8.8074621e-001  8.6540535e-001  8.7154922e-001
  2.0000000e-001  8.8054098e-001  8.6370783e-001  8.6156285e-001  8.8099233e-001  8.6620703e-001  8.6072509e-001  8.7235445e-001  8.7816479e-001  8.5796077e-001  8.5588070e-001
  2.0800000e-001  8.8238177e-001  8.6978189e-001  8.8838059e-001  8.6428057e-001  8.7398909e-001  8.5766907e-001  8.7645928e-001  8.7015308e-001  8.7306716e-001  8.7016672e-001
  2.1600000e-001  8.7269707e-001  8.7616292e-001  8.5742899e-001  8.7405021e-001  8.7043409e-001  8.4448115e-001  8.6875457e-001  8.7987383e-001  8.5790749e-001  8.6727104e-001
  2.2400000e-001  8.7255891e-001  8.6395777e-001  8.6388721e-001  8.5988182e-001  8.7686241e-001  8.4375480e-001  8.6766522e-001  8.5741551e-001  8.6093617e-001  8.7523529e-001
  2.3200000e-001  8.5488118e-001  8.4285232e-001  8.8580637e-001  8.3480917e-001  8.4998408e-001  8.4021883e-001  8.5209815e-001  8.4793182e-001  8.6143452e-001  8.5848423e-001
  2.4000000e-001  8.3941241e-001  8.6908857e-001  8.4656873e-001  8.3891387e-001  8.6943848e-001  8.3892674e-001  8.4455671e-001  8.4130579e-001  8.4858856e-001  8.6738993e-001
  2.4800000e-001  8.5452271e-001  8.5877533e-001  8.6478648e-001  8.5098915e-001  8.4877617e-001  8.2675098e-001  8.4071492e-001  8.3964011e-001  8.4447649e-001  8.5317932e-001
  2.5600000e-001  8.5278864e-001  8.3993163e-001  8.3945881e-001  8.4347107e-001  8.2954104e-001  8.1971753e-001  8.4281569e-001  8.3752738e-001  8.2844151e-001  8.5101218e-001
  2.6400000e-001  8.5110652e-001  8.5716990e-001  8.4710629e-001  8.3219737e-001  8.4076238e-001  8.2445358e-001  8.4033535e-001  8.3865697e-001  8.2589239e-001  8.3736098e-001
  2.7200000e-001  8.3814489e-001  8.3337130e-001  8.3026812e-001  8.2277500e-001  8.4744714e-001  8.2295462e-001  8.4364518e-001  8.4473170e-001  8.2775939e-001  8.4322670e-001
  2.8000000e-001  8.3378765e-001  8.3774931e-001  8.2496750e-001  8.4791580e-001  8.4110876e-001  8.2571282e-001  8.3610971e-001  8.4538459e-001  8.3245373e-001  8.3420288e-001
  2.8800000e-001  8.3109897e-001  8.5088660e-001  8.1197569e-001  8.1954952e-001  8.3387971e-001  8.1526350e-001  8.3243335e-001  8.4425110e-001  8.1046238e-001  8.2716676e-001
  2.9600000e-001  8.2925802e-001  8.0998555e-001  8.2850855e-001  8.2070439e-001  8.2448146e-001  7.9041902e-001  8.2746456e-001  8.2908347e-001  8.2261608e-001  8.3242069e-001
  3.0400000e-001  8.2261566e-001  8.0290140e-001  8.1547925e-001  8.0900848e-001  8.2064476e-001  8.1152830e-001  8.2124745e-001  8.1687850e-001  8.2149604e-001  8.3437346e-001
  3.1200000e-001  8.0764570e-001  7.9588238e-001  8.0557917e-001  8.1413528e-001  8.1111593e-001  7.9842611e-001  8.1160114e-001  8.1409704e-001  8.1129952e-001  8.1746271e-001
  3.2000000e-001  8.1951707e-001  7.8628380e-001  8.1911480e-001  7.9005949e-001  8.0902297e-001  8.0517327e-001  8.0390832e-001  8.1248471e-001  8.0727209e-001  8.0813815e-001
  3.2800000e-001  8.0798798e-001  8.0406308e-001  8.2725259e-001  8.1221960e-001  8.0128941e-001  8.0058082e-001  8.0327225e-001  8.1598717e-001  8.0146066e-001  8.1545321e-001
  3.3600000e-001  8.0901028e-001  7.8418672e-001  8.0688608e-001  7.9422576e-001  8.1034081e-001  7.8735006e-001  8.1225231e-001  8.1007284e-001  7.9242460e-001  8.0166354e-001
  3.4400000e-001  8.1066996e-001  8.0447305e-001  8.0863572e-001  7.7524458e-001  8.0263842e-001  7.8545462e-001  7.9885237e-001  8.1003687e-001  7.9227242e-001  8.0557700e-001
  3.5200000e-001  8.0569885e-001  7.8972807e-001  7.8519498e-001  7.9555168e-001  7.9582421e-001  7.8911517e-001  7.9813821e-001  7.9649217e-001  7.9511855e-001  8.0359864e-001
  3.6000000e-001  7.8545571e-001  8.0152359e-001  7.9712185e-001  7.9376334e-001  7.9697302e-001  7.7750244e-001  7.9521530e-001  8.1153399e-001  7.9408737e-001  8.0493232e-001
  3.6800000e-001  7.7592595e-001  7.8981497e-001  8.0024103e-001  7.7639202e-001  7.6886732e-001  7.8024463e-001  7.9097879e-001  7.9348742e-001  7.9465292e-001  7.9989372e-001
  3.7600000e-001  7.8255381e-001  7.6799113e-001  7.8736716e-001  7.8965763e-001  7.7341657e-001  7.7604374e-001  7.8870005e-001  7.8797356e-001  7.8956281e-001  7.9950696e-001
  3.8400000e-001  7.8929074e-001  7.5638334e-001  7.7022646e-001  7.6497434e-001  7.7398433e-001  7.7777078e-001  7.7590721e-001  7.9415283e-001  7.8170906e-001  7.8923790e-001
  3.9200000e-001  7.7045640e-001  7.7780242e-001  7.8350464e-001  7.7176291e-001  7.7635421e-001  7.7712093e-001  7.8400512e-001  7.8261116e-001  7.7625396e-001  7.8816625e-001
  4.0000000e-001  7.6955648e-001  7.5322694e-001  7.7020769e-001  7.7379182e-001  7.5556721e-001  7.6259915e-001  7.7635326e-001  7.8688534e-001  7.6374655e-001  7.8327200e-001
  4.0800000e-001  7.6414485e-001  7.8946980e-001  7.6857510e-001  7.7485629e-001  7.6351913e-001  7.5935689e-001  7.8278787e-001  7.8744583e-001  7.6363313e-001  7.7786258e-001
  4.1600000e-001  7.6236616e-001  7.8748375e-001  7.8738228e-001  7.8049271e-001  7.6438511e-001  7.6670419e-001  7.8102015e-001  7.8602908e-001  7.5875511e-001  7.8231720e-001
  4.2400000e-001  7.5961459e-001  7.5587687e-001  7.7527031e-001  7.6666645e-001  7.6221636e-001  7.4945610e-001  7.7401273e-001  7.8197227e-001  7.6827731e-001  7.8517825e-001
  4.3200000e-001  7.5436022e-001  7.8920154e-001  7.6217033e-001  7.7426375e-001  7.5567342e-001  7.5767543e-001  7.7382151e-001  7.7387496e-001  7.5568228e-001  7.7663315e-001
  4.4000000e-001  7.5522906e-001  7.5926065e-001  7.5345515e-001  7.5256702e-001  7.4742791e-001  7.3554943e-001  7.5878651e-001  7.6366674e-001  7.6030063e-001  7.8257940e-001
  4.4800000e-001  7.4838606e-001  7.5881513e-001  7.4514432e-001  7.4277015e-001  7.5567002e-001  7.4132800e-001  7.5804988e-001  7.6605077e-001  7.4887786e-001  7.8336685e-001
  4.5600000e-001  7.6445075e-001  7.6178186e-001  7.5175226e-001  7.5350678e-001  7.4447837e-001  7.5292410e-001  7.5794453e-001  7.7332251e-001  7.5099795e-001  7.7367650e-001
  4.6400000e-001  7.3540828e-001  7.3160863e-001  7.4301538e-001  7.5746816e-001  7.5673448e-001  7.4499657e-001  7.6288082e-001  7.7403500e-001  7.4182395e-001  7.6618974e-001
  4.7200000e-001  7.3938873e-001  7.5917994e-001  7.5436035e-001  7.5314651e-001  7.4089502e-001  7.3965718e-001  7.4837415e-001  7.6380603e-001  7.4354354e-001  7.6748234e-001
  4.8000000e-001  7.5033106e-001  7.4878770e-001  7.5325908e-001  7.3343894e-001  7.4851433e-001  7.3476319e-001  7.5201586e-001  7.6625185e-001  7.4022258e-001  7.7455731e-001
  4.8800000e-001  7.3725073e-001  7.5502241e-001  7.5302483e-001  7.3095503e-001  7.4291764e-001  7.4869772e-001  7.5755906e-001  7.6933237e-001  7.5093028e-001  7.6911338e-001
  4.9600000e-001  7.4915372e-001  7.5102735e-001  7.4544630e-001  7.4283881e-001  7.2034352e-001  7.3011014e-001  7.5237258e-001  7.7018985e-001  7.4183486e-001  7.6692633e-001
  5.0400000e-001  7.3467990e-001  7.3266703e-001  7.5021045e-001  7.4449745e-001  7.3139359e-001  7.5453136e-001  7.4925441e-001  7.4940255e-001  7.4175351e-001  7.5647707e-001
  5.1200000e-001  7.4085035e-001  7.5836624e-001  7.4107933e-001  7.1482105e-001  7.2673377e-001  7.3316687e-001  7.4657078e-001  7.4997364e-001  7.3278352e-001  7.6074461e-001
  5.2000000e-001  7.2037446e-001  7.4749185e-001  7.3227230e-001  7.2737088e-001  7.2387074e-001  7.1741865e-001  7.4010637e-001  7.4932501e-001  7.4126842e-001  7.6084062e-001
  5.2800000e-001  7.3019300e-001  7.1056743e-001  7.4323812e-001  7.5356526e-001  7.2191981e-001  7.2229223e-001  7.3777165e-001  7.4571729e-001  7.4190605e-001  7.5011680e-001
  5.3600000e-001  7.3539158e-001  7.0690982e-001  7.3378655e-001  7.1502669e-001  7.1567353e-001  7.3160861e-001  7.4497047e-001  7.6794474e-001  7.3082706e-001  7.5360963e-001
  5.4400000e-001  7.3107649e-001  7.3278609e-001  7.4329543e-001  7.1602590e-001  7.1648453e-001  7.4550671e-001  7.3886267e-001  7.5910732e-001  7.3065341e-001  7.4843140e-001
  5.5200000e-001  7.4800112e-001  7.0925584e-001  7.3403393e-001  7.0955571e-001  7.1796000e-001  7.2244308e-001  7.2877549e-001  7.3957870e-001  7.2187433e-001  7.3862519e-001
  5.6000000e-001  7.2284809e-001  7.0849274e-001  7.3710550e-001  7.1939746e-001  7.3099156e-001  7.3432638e-001  7.3729974e-001  7.5051397e-001  7.2253342e-001  7.5198893e-001
  5.6800000e-001  7.2137902e-001  7.0205927e-001  7.2704177e-001  7.2442032e-001  7.1280117e-001  7.1835019e-001  7.2743016e-001  7.5150020e-001  7.2381550e-001  7.4279523e-001
  5.7600000e-001  7.3168130e-001  7.0947018e-001  7.3061751e-001  7.3793903e-001  6.9982820e-001  7.1306645e-001  7.2614539e-001  7.4813930e-001  7.2381400e-001  7.4775496e-001
  5.8400000e-001  7.1913999e-001  7.1124820e-001  7.1803802e-001  7.0644880e-001  7.1310353e-001  7.1229808e-001  7.2854140e-001  7.3337487e-001  7.1770879e-001  7.3341509e-001
  5.9200000e-001  7.1872807e-001  7.1622237e-001  7.3621949e-001  7.1164341e-001  7.1030169e-001  7.1494641e-001  7.1630489e-001  7.3073979e-001  7.1210640e-001  7.3622086e-001
  6.0000000e-001  7.0365266e-001  7.2198889e-001  7.3368531e-001  7.1617104e-001  7.0654287e-001  7.0341716e-001  7.2201974e-001  7.2296423e-001  7.1371550e-001  7.3890227e-001
  6.0800000e-001  7.1446076e-001  7.2121456e-001  7.0950995e-001  7.4648604e-001  6.9374616e-001  7.1561832e-001  7.2350883e-001  7.3466305e-001  7.0368183e-001  7.4241696e-001
  6.1600000e-001  7.2324330e-001  7.0100534e-001  7.0646424e-001  7.0129852e-001  7.0746737e-001  7.1683813e-001  7.1770402e-001  7.2780817e-001  7.1659276e-001  7.3283755e-001
  6.2400000e-001  7.1669023e-001  7.1162465e-001  7.1201886e-001  7.2864024e-001  7.0994438e-001  7.2623619e-001  7.1393057e-001  7.3904911e-001  7.0768691e-001  7.3194733e-001
  6.3200000e-001  7.0809187e-001  7.0417163e-001  7.2027146e-001  7.0165373e-001  6.9548573e-001  7.1255775e-001  7.2631129e-001  7.2236364e-001  7.1040506e-001  7.3224989e-001
  6.4000000e-001  7.0964051e-001  7.1408523e-001  7.1751123e-001  7.2105235e-001  6.9782439e-001  6.9484233e-001  7.1383421e-001  7.2852506e-001  7.0940572e-001  7.2123942e-001
  6.4800000e-001  7.1404027e-001  7.0362802e-001  7.0676569e-001  7.0098204e-001  7.0075880e-001  7.2045823e-001  7.0490895e-001  7.3755618e-001  7.1313918e-001  7.2421205e-001
  6.5600000e-001  7.0080603e-001  6.8136179e-001  7.1829247e-001  6.9288263e-001  7.1101038e-001  6.9287820e-001  7.1772828e-001  7.2909175e-001  7.0227702e-001  7.2845884e-001
  6.6400000e-001  7.0811758e-001  7.1857313e-001  7.1618705e-001  7.0628888e-001  6.9314662e-001  6.9826641e-001  7.0382623e-001  7.2734728e-001  7.0734092e-001  7.3154005e-001
  6.7200000e-001  6.9353050e-001  7.0870464e-001  6.9912808e-001  7.1155866e-001  6.9963328e-001  6.9157843e-001  7.0522372e-001  7.2229659e-001  7.0127495e-001  7.2956002e-001
  6.8000000e-001  7.1494893e-001  7.0877161e-001  7.0925437e-001  6.9435128e-001  7.0313744e-001  6.9964753e-001  7.1019103e-001  7.3026297e-001  7.0060305e-001  7.4168968e-001
  6.8800000e-001  6.9598662e-001  7.0615654e-001  7.1394284e-001  6.8427388e-001  6.8826568e-001  7.0283678e-001  7.1336428e-001  7.1779994e-001  7.0324281e-001  7.2170414e-001
  6.9600000e-001  6.9704423e-001  6.9090938e-001  7.0276296e-001  7.0745048e-001  6.8536355e-001  7.0916719e-001  7.0870119e-001  7.2582642e-001  7.1204929e-001  7.2573089e-001
  7.0400000e-001  7.0388945e-001  7.2748342e-001  7.0979676e-001  7.1963976e-001  7.1268656e-001  6.8902731e-001  7.0747868e-001  7.3119964e-001  6.9618439e-001  7.2929174e-001
  7.1200000e-001  6.9520420e-001  6.8459868e-001  6.9471851e-001  7.0612692e-001  6.9581499e-001  7.1317752e-001  7.1267846e-001  7.3107164e-001  6.9832205e-001  7.1951803e-001
  7.2000000e-001  6.8724371e-001  6.9583537e-001  6.9245058e-001  6.9805848e-001  6.8247740e-001  6.8446997e-001  7.0655796e-001  7.1500793e-001  7.0062986e-001  7.2081523e-001
  7.2800000e-001  6.8547818e-001  7.1549162e-001  6.8986459e-001  6.8593320e-001  6.9567506e-001  6.7941458e-001  7.0723339e-001  7.1205446e-001  6.8721689e-001  7.2011162e-001
  7.3600000e-001  6.9429958e-001  6.8133151e-001  6.7864751e-001  6.9575531e-001  7.0318505e-001  6.8979803e-001  7.0388053e-001  7.1041296e-001  6.9311894e-001  7.1862856e-001
  7.4400000e-001  6.9128348e-001  6.6249399e-001  7.0473771e-001  7.0901900e-001  6.8430525e-001  7.0350398e-001  7.0014743e-001  7.0391725e-001  7.0133857e-001  7.1558070e-001
  7.5200000e-001  6.8501053e-001  6.8563045e-001  6.9774476e-001  6.9904891e-001  6.8905371e-001  6.8725503e-001  6.9962521e-001  7.1521655e-001  6.9612312e-001  7.1002606e-001
  7.6000000e-001  6.8938238e-001  6.9020510e-001  7.1531991e-001  6.9316466e-001  6.9158163e-001  6.8202973e-001  6.9758770e-001  7.1555229e-001  6.9308845e-001  7.1492188e-001
  7.6800000e-001  7.0108135e-001  6.8301598e-001  7.0691821e-001  6.8333383e-001  7.1212440e-001  6.8572170e-001  6.9424136e-001  7.2139423e-001  6.8695387e-001  7.0687007e-001
  7.7600000e-001  6.9383794e-001  7.0043983e-001  6.9532733e-001  6.9156196e-001  6.9935324e-001  6.9287740e-001  7.1209214e-001  7.0455602e-001  6.9593506e-001  7.0851705e-001
  7.8400000e-001  7.0918314e-001  6.9891226e-001  6.9552935e-001  7.0423725e-001  6.7548762e-001  6.9743368e-001  7.0571764e-001  7.1475244e-001  6.9298015e-001  7.0666311e-001
  7.9200000e-001  6.8557835e-001  6.8922568e-001  6.9881371e-001  6.7826435e-001  6.9882256e-001  7.0552115e-001  6.8978157e-001  7.1319147e-001  6.8681393e-001  7.1525187e-001
  8.0000000e-001  6.9423662e-001  6.9377762e-001  6.9201372e-001  6.8682946e-001  6.8819306e-001  6.9687989e-001  6.9846589e-001  7.1519192e-001  6.8719747e-001  7.1549888e-001
  8.0800000e-001  6.8465531e-001  6.8387614e-001  6.8796806e-001  7.0106088e-001  6.7787275e-001  6.8647880e-001  6.9164801e-001  7.0044360e-001  6.8438793e-001  6.9539688e-001
  8.1600000e-001  6.9447479e-001  6.7617658e-001  6.7964427e-001  7.0570920e-001  6.6793722e-001  6.9205318e-001  6.9430017e-001  7.0585640e-001  6.9271385e-001  7.0461611e-001
  8.2400000e-001  6.9209133e-001  7.1716166e-001  6.8206693e-001  6.8667447e-001  6.6803426e-001  6.8616310e-001  6.8644813e-001  7.0926037e-001  6.8568152e-001  7.0654042e-001
  8.3200000e-001  6.8772278e-001  6.9860284e-001  6.8364122e-001  6.7641420e-001  6.8796851e-001  6.9410242e-001  6.9787836e-001  7.1126383e-001  6.8875488e-001  6.9916445e-001
  8.4000000e-001  6.8775432e-001  6.8353537e-001  6.8636098e-001  6.7702645e-001  6.9208349e-001  6.9663235e-001  6.8887240e-001  7.0920259e-001  6.7766248e-001  6.9576489e-001
  8.4800000e-001  6.9344685e-001  7.1014235e-001  6.9896460e-001  6.7334244e-001  6.9736876e-001  6.8611633e-001  6.8924729e-001  7.0462457e-001  6.9040392e-001  7.0439289e-001
  8.5600000e-001  6.8180392e-001  6.8693768e-001  6.9809590e-001  6.7471158e-001  6.8791931e-001  6.7964423e-001  6.9104028e-001  7.1556301e-001  6.8377208e-001  7.1475230e-001
  8.6400000e-001  6.8860022e-001  6.7031640e-001  6.9843770e-001  6.9916967e-001  6.9000961e-001  6.8082611e-001  6.9380447e-001  7.0110315e-001  6.8976162e-001  7.0632046e-001
  8.7200000e-001  6.7282063e-001  7.0073804e-001  6.8658083e-001  6.8696705e-001  6.7762461e-001  6.8201057e-001  6.9837119e-001  6.9438958e-001  6.8737997e-001  7.0281900e-001
  8.8000000e-001  6.9055297e-001  6.9939772e-001  6.9517784e-001  6.9382324e-001  6.7226203e-001  6.9539488e-001  6.8653569e-001  7.1176529e-001  6.8257819e-001  6.9821854e-001
  8.8800000e-001  6.9290158e-001  7.0881188e-001  6.8004063e-001  6.9610462e-001  6.8038629e-001  6.8594143e-001  6.8576946e-001  6.9147576e-001  6.8908999e-001  6.9618799e-001
  8.9600000e-001  6.9180812e-001  6.8071041e-001  6.8501334e-001  6.9445372e-001  6.9318353e-001  6.7577148e-001  6.8530727e-001  6.9860639e-001  6.7886148e-001  7.0543181e-001
  9.0400000e-001  6.8461785e-001  6.9373935e-001  6.9569704e-001  6.8677697e-001  6.8796453e-001  6.8009752e-001  6.9656653e-001  6.9804942e-001  6.8403227e-001  7.0288701e-001
  9.1200000e-001  6.8583941e-001  6.7424436e-001  6.7332985e-001  6.8920991e-001  6.6796478e-001  6.9319595e-001  6.9641895e-001  7.1017892e-001  6.9477037e-001  7.0386773e-001
  9.2000000e-001  6.8469430e-001  6.7516673e-001  6.8057500e-001  6.7163242e-001  6.7476861e-001  6.8377369e-001  6.8601474e-001  6.9912441e-001  6.8214049e-001  7.0309905e-001
  9.2800000e-001  6.8432822e-001  6.8455267e-001  6.9276045e-001  6.9568567e-001  6.6416027e-001  6.7566292e-001  6.9532095e-001  6.9433532e-001  6.8635545e-001  6.9629037e-001
  9.3600000e-001  6.7772028e-001  6.9448742e-001  6.8481504e-001  6.9562814e-001  6.8835080e-001  6.8492066e-001  6.8437221e-001  6.9792049e-001  6.8273550e-001  7.0271095e-001
  9.4400000e-001  6.7706625e-001  6.8253142e-001  7.0507059e-001  6.8061414e-001  6.5838951e-001  6.7113810e-001  6.9745533e-001  6.9502806e-001  6.7943222e-001  6.8957544e-001
  9.5200000e-001  6.7572645e-001  6.8428154e-001  6.9896828e-001  6.7748344e-001  6.7445403e-001  6.8751171e-001  6.9170383e-001  6.9582473e-001  6.8014651e-001  6.9517103e-001
  9.6000000e-001  6.7733070e-001  6.9709618e-001  6.7302877e-001  6.9026038e-001  6.7734157e-001  6.7153220e-001  6.7418185e-001  6.8497517e-001  6.7745859e-001  7.0015706e-001
  9.6800000e-001  6.9054751e-001  6.9217065e-001  6.8074739e-001  6.8053449e-001  6.7278185e-001  6.8730772e-001  6.9150083e-001  6.9885434e-001  6.8079795e-001  6.9383657e-001
  9.7600000e-001  6.7490992e-001  6.9959257e-001  6.7763995e-001  6.7018843e-001  6.9318697e-001  6.9172527e-001  6.8626370e-001  6.9621219e-001  6.7912271e-001  6.9598972e-001
  9.8400000e-001  6.8327332e-001  6.7920800e-001  6.8921897e-001  6.9213801e-001  6.7171879e-001  6.8316041e-001  6.8242213e-001  6.9479183e-001  6.8941118e-001  6.8867747e-001
  9.9200000e-001  6.8275447e-001  6.7828691e-001  6.7303123e-001  6.7759881e-001  6.9012302e-001  6.7782805e-001  6.8532075e-001  6.9916208e-001  6.7819786e-001  7.1129244e-001
  1.0000000e+000  6.8359416e-001  6.7360740e-001  6.9318740e-001  6.9999710e-001  6.9107504e-001  6.8827839e-001  6.8815656e-001  7.0009956e-001  6.8317564e-001  6.9481059e-001
  1.0080000e+000  6.8627463e-001  6.7998279e-001  6.6851804e-001  6.8025415e-001  6.7610843e-001  6.7381602e-001  6.8249846e-001  7.0367859e-001  6.8435489e-001  6.8248625e-001
  1.0160000e+000  6.8585114e-001  6.7421724e-001  6.7709974e-001  6.8416354e-001  6.8200794e-001  6.7924673e-001  6.8658554e-001  6.8398927e-001  6.8217099e-001  6.9561085e-001
  1.0240000e+000  6.8830121e-001  6.8660758e-001  6.8165691e-001  6.7203030e-001  6.6697290e-001  6.7386369e-001  6.8536643e-001  6.8943748e-001  6.7939626e-001  6.8260792e-001
  1.0320000e+000  6.8159596e-001  6.8319777e-001  6.8881910e-001  6.7417567e-001  6.7615611e-001  6.7794474e-001  6.8453744e-001  6.8704063e-001  6.7039769e-001  6.8333429e-001
  1.0400000e+000  6.7681257e-001  6.7826978e-001  6.7292907e-001  6.9123601e-001  6.7386160e-001  6.7942482e-001  6.8884540e-001  7.1355721e-001  6.8066570e-001  6.8475845e-001
  1.0480000e+000  6.8370282e-001  7.1743996e-001  6.8554078e-001  6.5783673e-001  6.6992497e-001  6.7596015e-001  6.9005004e-001  6.9013336e-001  6.8153731e-001  6.8375511e-001
  1.0560000e+000  6.7800434e-001  6.9280810e-001  6.9057376e-001  7.0183008e-001  6.8190473e-001  6.7110156e-001  6.8591096e-001  6.9278953e-001  6.8900104e-001  6.9754499e-001
  1.0640000e+000  6.8620101e-001  6.7102593e-001  6.6659755e-001  6.7903757e-001  6.6790253e-001  6.6744246e-001  6.9180029e-001  6.8689405e-001  6.8418780e-001  6.9326885e-001
  1.0720000e+000  6.9556226e-001  6.6950577e-001  6.7800884e-001  6.8173977e-001  6.6950930e-001  6.8375237e-001  6.8557226e-001  6.9944001e-001  6.8478051e-001  6.8794308e-001
  1.0800000e+000  6.8666805e-001  6.8529955e-001  6.8694556e-001  6.7346882e-001  6.7375109e-001  6.6072983e-001  6.7823089e-001  6.9082916e-001  6.8694007e-001  6.9204474e-001
  1.0880000e+000  6.9149131e-001  6.8182685e-001  6.7872088e-001  6.7782215e-001  6.8003504e-001  6.7659221e-001  6.7939312e-001  6.8732973e-001  6.7078110e-001  6.7942521e-001
  1.0960000e+000  6.8475467e-001  6.7437664e-001  6.7907890e-001  6.5339309e-001  6.6842270e-001  6.8326341e-001  6.8932725e-001  6.8824485e-001  6.6805619e-001  6.9209977e-001
  1.1040000e+000  6.7719738e-001  6.8289523e-001  6.7689680e-001  6.7316646e-001  6.6174048e-001  6.6794730e-001  6.8397640e-001  6.8742573e-001  6.7931236e-001  6.8450801e-001
  1.1120000e+000  6.9401742e-001  6.8561092e-001  6.8020595e-001  6.8325330e-001  6.5941320e-001  6.8463150e-001  6.8187704e-001  6.7840167e-001  6.8074929e-001  6.8412241e-001
  1.1200000e+000  6.7886004e-001  6.9095149e-001  6.9692109e-001  6.8353586e-001  6.6142517e-001  6.9106018e-001  6.8422525e-001  6.8469539e-001  6.8177088e-001  6.8117783e-001
  1.1280000e+000  6.7798353e-001  7.0435934e-001  6.7741582e-001  6.9913525e-001  6.7772144e-001  6.9601847e-001  6.8039339e-001  6.6965337e-001  6.8645993e-001  6.7556139e-001
  1.1360000e+000  6.9151738e-001  6.7170512e-001  6.8657493e-001  6.7600288e-001  6.9259088e-001  6.8138313e-001  6.8916214e-001  6.8102682e-001  6.8910929e-001  6.8025683e-001
  1.1440000e+000  6.8131340e-001  6.9014073e-001  6.8836014e-001  6.8628992e-001  6.7158735e-001  6.7852707e-001  6.9286216e-001  6.7952364e-001  6.7492937e-001  6.8428099e-001
  1.1520000e+000  6.8499185e-001  6.7180430e-001  6.7537938e-001  6.9153761e-001  6.8538993e-001  6.8364627e-001  6.8223902e-001  6.8049653e-001  6.9349651e-001  6.7273286e-001
  1.1600000e+000  6.8672904e-001  6.9996997e-001  6.8724657e-001  6.9169183e-001  6.6638460e-001  6.8357268e-001  6.8275870e-001  6.7982712e-001  6.8043394e-001  6.8854062e-001
  1.1680000e+000  6.8457252e-001  6.4855491e-001  6.9408521e-001  6.6495150e-001  6.7094224e-001  6.8047006e-001  6.7740873e-001  6.6710290e-001  6.9184107e-001  6.7514199e-001
  1.1760000e+000  6.9585837e-001  6.8200617e-001  6.7967717e-001  6.7344720e-001  6.5868363e-001  6.8315951e-001  6.8134161e-001  6.7557811e-001  6.7444911e-001  6.8220848e-001
  1.1840000e+000  6.9441657e-001  6.8727160e-001  6.8123929e-001  6.6777782e-001  6.7575108e-001  6.9079071e-001  6.9256641e-001  6.7471893e-001  6.8707724e-001  6.7400367e-001
  1.1920000e+000  6.9261418e-001  6.8097646e-001  6.8565078e-001  6.8764316e-001  7.1090435e-001  6.8204335e-001  6.8036727e-001  6.8205442e-001  6.9176016e-001  6.8372179e-001
  1.2000000e+000  6.8146631e-001  6.9863943e-001  6.8037009e-001  6.8192731e-001  6.8806182e-001  6.7902278e-001  6.8924164e-001  6.9506320e-001  6.8983310e-001  6.7474077e-001
  1.2080000e+000  6.8176948e-001  6.8172481e-001  6.8972573e-001  6.7628646e-001  6.8341638e-001  6.8088976e-001  6.8329633e-001  6.9531511e-001  6.8865809e-001  6.8196011e-001
  1.2160000e+000  6.7623183e-001  6.8392982e-001  6.9999261e-001  6.7875839e-001  6.7836199e-001  6.8258390e-001  6.8666245e-001  6.8501433e-001  6.8885347e-001  6.8484736e-001
  1.2240000e+000  6.8149589e-001  6.8550946e-001  6.9514020e-001  6.6707191e-001  6.8769360e-001  6.7553336e-001  6.8522703e-001  6.7850617e-001  6.9546496e-001  6.8153041e-001
  1.2320000e+000  6.8402624e-001  6.9232613e-001  6.8344015e-001  6.8444349e-001  6.9430970e-001  6.6738532e-001  6.9530634e-001  6.8494538e-001  6.8458759e-001  6.7702349e-001
  1.2400000e+000  6.8441538e-001  6.7663890e-001  6.8939220e-001  6.8661205e-001  6.7187060e-001  6.7609032e-001  6.8145259e-001  6.8090219e-001  6.8593040e-001  6.8130068e-001
  1.2480000e+000  6.8022354e-001  6.7016098e-001  6.9531006e-001  6.9145135e-001  6.6745318e-001  6.8406195e-001  6.8351439e-001  6.8779937e-001  6.7984425e-001  6.7875627e-001
  1.2560000e+000  6.7827323e-001  6.8921919e-001  6.7924002e-001  6.9017316e-001  6.7863251e-001  6.9372132e-001  6.8651553e-001  6.7665731e-001  6.8831891e-001  6.8222068e-001
  1.2640000e+000  6.9812134e-001  6.7772474e-001  6.8242088e-001  6.8739648e-001  6.6683581e-001  6.7749595e-001  6.8628256e-001  6.9083206e-001  6.7991087e-001  6.7432716e-001
  1.2720000e+000  6.7866201e-001  6.9483910e-001  6.8894478e-001  6.6934969e-001  6.7668729e-001  6.9547369e-001  6.8467046e-001  6.7693252e-001  6.8674807e-001  6.7340358e-001
  1.2800000e+000  6.8282956e-001  6.4565259e-001  6.7340385e-001  6.9984626e-001  6.8500512e-001  6.8432488e-001  6.8713999e-001  6.7767413e-001  6.7810088e-001  6.6715146e-001
  1.2880000e+000  6.8553702e-001  6.8677886e-001  6.9322848e-001  6.8088662e-001  6.9306958e-001  6.9430365e-001  6.7594468e-001  6.7801916e-001  6.8209006e-001  6.7579224e-001
  1.2960000e+000  6.8143745e-001  6.8738496e-001  6.7850194e-001  6.5878896e-001  6.8193201e-001  6.9349330e-001  6.7841473e-001  6.7762469e-001  6.8612243e-001  6.7688168e-001
  1.3040000e+000  6.7305767e-001  6.9533316e-001  6.9812391e-001  6.8204202e-001  6.7586573e-001  6.6993384e-001  6.8324336e-001  6.7169911e-001  6.8142959e-001  6.6915212e-001
  1.3120000e+000  6.7757867e-001  6.9179397e-001  6.7225406e-001  6.7555721e-001  6.7022565e-001  6.7576276e-001  6.8011913e-001  6.7768777e-001  6.7592520e-001  6.7338313e-001
  1.3200000e+000  6.6823841e-001  6.9461062e-001  6.8955134e-001  6.6885240e-001  6.6954019e-001  6.9186169e-001  6.8734908e-001  6.7307110e-001  6.8399279e-001  6.7802685e-001
  1.3280000e+000  6.8343700e-001  6.8589015e-001  6.8948528e-001  6.9084370e-001  6.8671481e-001  6.9811590e-001  6.7845087e-001  6.7540084e-001  6.8592481e-001  6.6539732e-001
  1.3360000e+000  6.7167117e-001  6.6516887e-001  6.8713357e-001  6.9783572e-001  6.7306335e-001  6.7724572e-001  6.8728588e-001  6.8529372e-001  6.9049627e-001  6.9073335e-001
  1.3440000e+000  7.0103158e-001  6.5164894e-001  6.8488619e-001  6.7296555e-001  6.7743296e-001  6.9189867e-001  6.7845491e-001  6.8161453e-001  6.8046764e-001  6.6690831e-001
  1.3520000e+000  6.7553736e-001  6.8468581e-001  6.9890127e-001  7.1169210e-001  6.9307510e-001  6.8524146e-001  6.8648814e-001  6.7639047e-001  6.8816281e-001  6.7513306e-001
  1.3600000e+000  6.7654528e-001  6.6703196e-001  6.7849497e-001  6.9774881e-001  6.7817887e-001  6.7892259e-001  6.8189724e-001  6.7389536e-001  6.7096328e-001  6.7473131e-001
  1.3680000e+000  6.7955857e-001  6.9182785e-001  6.5984876e-001  6.9281699e-001  6.7986646e-001  6.9391276e-001  6.7621927e-001  6.7156216e-001  6.7793499e-001  6.7868524e-001
  1.3760000e+000  6.7658265e-001  6.8436822e-001  6.8040581e-001  6.6903655e-001  6.7165290e-001  6.7658530e-001  6.8138101e-001  6.8043990e-001  6.7961240e-001  6.8593054e-001
  1.3840000e+000  6.7885114e-001  6.8973913e-001  6.9851307e-001  6.9602591e-001  6.7662562e-001  6.8133700e-001  6.8488128e-001  6.7331668e-001  6.8115478e-001  6.6580051e-001
  1.3920000e+000  6.8127067e-001  6.7321024e-001  6.8260781e-001  6.9401150e-001  6.5815856e-001  6.7721121e-001  6.8055931e-001  6.7195188e-001  6.8041506e-001  6.7363681e-001
  1.4000000e+000  6.8643896e-001  6.7743468e-001  6.7976849e-001  6.8247817e-001  6.8341794e-001  6.8608466e-001  6.7208400e-001  6.7679411e-001  6.9145956e-001  6.8251252e-001
  1.4080000e+000  6.9046865e-001  6.9773244e-001  6.9206602e-001  6.8764778e-001  6.8407838e-001  6.7107970e-001  6.8001681e-001  6.7845691e-001  6.8172487e-001  6.7497468e-001
  1.4160000e+000  6.8248171e-001  6.7709191e-001  6.6993371e-001  6.7281385e-001  6.9374451e-001  6.8597480e-001  6.8805139e-001  6.7428407e-001  6.8488269e-001  6.7363210e-001
  1.4240000e+000  6.7606258e-001  7.1762990e-001  6.7993150e-001  6.7630886e-001  6.6798856e-001  6.8538270e-001  6.8012553e-001  6.6975729e-001  6.7983731e-001  6.6870687e-001
  1.4320000e+000  6.7675450e-001  6.9098202e-001  6.8987631e-001  6.9520895e-001  6.9354936e-001  6.7088601e-001  6.8647161e-001  6.7538506e-001  6.8433679e-001  6.6865412e-001
  1.4400000e+000  6.7222227e-001  6.9258725e-001  6.8782707e-001  6.7979441e-001  6.7253654e-001  6.8879398e-001  6.7827751e-001  6.6520045e-001  6.8663644e-001  6.6727043e-001
  1.4480000e+000  6.7719786e-001  6.9311609e-001  6.8169770e-001  6.7816903e-001  6.7650804e-001  6.8277922e-001  6.7195531e-001  6.8025284e-001  6.8228707e-001  6.6266310e-001
  1.4560000e+000  6.7978049e-001  6.6865164e-001  6.8220235e-001  6.7036139e-001  6.7647317e-001  6.8782442e-001  6.7931703e-001  6.6298503e-001  6.8357131e-001  6.7514372e-001
  1.4640000e+000  6.8261405e-001  6.8954974e-001  6.7610489e-001  6.6933635e-001  6.7809693e-001  6.8310553e-001  6.8281039e-001  6.6178543e-001  6.6842761e-001  6.6631503e-001
  1.4720000e+000  6.8748012e-001  6.8592602e-001  6.6748783e-001  6.8629623e-001  6.7729365e-001  6.7899201e-001  6.7889845e-001  6.6421300e-001  6.7595368e-001  6.6122989e-001
  1.4800000e+000  6.8453566e-001  6.6863629e-001  6.6776641e-001  6.6466774e-001  6.9435361e-001  6.7658225e-001  6.8629743e-001  6.7317842e-001  6.8414647e-001  6.7046051e-001
  1.4880000e+000  6.8431329e-001  7.0486507e-001  6.7972536e-001  6.6982900e-001  6.8917104e-001  6.8789176e-001  6.8341305e-001  6.8520262e-001  6.8192544e-001  6.6335367e-001
  1.4960000e+000  6.9399251e-001  6.8128409e-001  6.7761754e-001  6.9207156e-001  6.6772159e-001  6.7321778e-001  6.7619632e-001  6.8556161e-001  6.8168631e-001  6.6855191e-001
  1.5040000e+000  6.8442972e-001  6.8662144e-001  6.6741075e-001  6.6905275e-001  6.7255278e-001  6.8108607e-001  6.8035997e-001  6.7233862e-001  6.7544593e-001  6.6183663e-001
  1.5120000e+000  6.7469048e-001  6.7926726e-001  6.8752804e-001  6.6545705e-001  6.7633505e-001  6.7581272e-001  6.7931608e-001  6.6941601e-001  6.7756697e-001  6.7095797e-001
  1.5200000e+000  6.9842740e-001  6.7008620e-001  6.7162085e-001  6.8145242e-001  6.7703124e-001  6.7907304e-001  6.7594441e-001  6.7076399e-001  6.8303425e-001  6.6441446e-001
  1.5280000e+000  6.6922026e-001  6.7304249e-001  6.7047337e-001  6.8805902e-001  6.7212439e-001  6.6217018e-001  6.7760706e-001  6.6554548e-001  6.8326676e-001  6.7154019e-001
  1.5360000e+000  6.7596609e-001  6.6617584e-001  6.7271380e-001  6.9336972e-001  6.8285471e-001  6.8195106e-001  6.7012370e-001  6.7077569e-001  6.8040137e-001  6.7025749e-001
  1.5440000e+000  6.7793629e-001  6.7516539e-001  6.8584186e-001  6.5689347e-001  6.8143208e-001  6.8613061e-001  6.6814536e-001  6.6713581e-001  6.7720494e-001  6.7584376e-001
  1.5520000e+000  6.7729718e-001  6.8304886e-001  6.8553064e-001  6.9033807e-001  6.8858608e-001  6.7948355e-001  6.8100477e-001  6.7270000e-001  6.8414882e-001  6.6459166e-001
  1.5600000e+000  6.8544995e-001  6.9533896e-001  6.9056184e-001  6.5961342e-001  6.8330374e-001  6.8202084e-001  6.8095407e-001  6.6964334e-001  6.8068856e-001  6.6746297e-001
  1.5680000e+000  6.8336835e-001  6.8332244e-001  6.6786194e-001  6.6498231e-001  6.6789869e-001  6.7099837e-001  6.7734954e-001  6.6345349e-001  6.8623625e-001  6.6075450e-001
  1.5760000e+000  6.6758841e-001  6.7833909e-001  6.9946160e-001  6.9502046e-001  6.7225654e-001  6.7175124e-001  6.8447518e-001  6.6048866e-001  6.6812157e-001  6.6122650e-001
  1.5840000e+000  6.7335092e-001  6.6909388e-001  6.5413575e-001  6.6223406e-001  6.8426151e-001  6.7481309e-001  6.8277751e-001  6.6431417e-001  6.9269129e-001  6.6095302e-001
  1.5920000e+000  6.8004687e-001  6.8103908e-001  6.5445495e-001  6.6293919e-001  6.6782911e-001  6.7588930e-001  6.7105700e-001  6.5962208e-001  6.7640550e-001  6.6089587e-001
  1.6000000e+000  6.6763236e-001  6.6186261e-001  6.5793163e-001  6.7635924e-001  6.8179095e-001  6.7642756e-001  6.6980460e-001  6.6828910e-001  6.7426711e-001  6.6207474e-001
  1.6080000e+000  6.7692050e-001  7.0862025e-001  6.7263682e-001  6.8256711e-001  6.8833446e-001  6.7736958e-001  6.7657779e-001  6.6857077e-001  6.7426197e-001  6.5457302e-001
  1.6160000e+000  6.6017238e-001  6.8383274e-001  6.8067574e-001  6.6807887e-001  6.7686876e-001  6.8560457e-001  6.6943388e-001  6.4926829e-001  6.7807739e-001  6.6208432e-001
  1.6240000e+000  6.7883937e-001  6.8228776e-001  6.7898481e-001  6.5487804e-001  6.8862533e-001  6.8158273e-001  6.7859791e-001  6.6686817e-001  6.8486068e-001  6.6104226e-001
  1.6320000e+000  6.8059997e-001  6.6128629e-001  6.6516709e-001  7.0524225e-001  6.9873301e-001  6.7698470e-001  6.7701650e-001  6.6552370e-001  6.8513767e-001  6.7136326e-001
  1.6400000e+000  6.7756610e-001  7.0389754e-001  6.7196102e-001  6.5786361e-001  6.6733443e-001  6.7807201e-001  6.7369768e-001  6.5579995e-001  6.8633901e-001  6.6460490e-001
  1.6480000e+000  6.8284135e-001  6.9819717e-001  6.7137975e-001  6.6434470e-001  6.8020228e-001  6.7820576e-001  6.7808320e-001  6.6809813e-001  6.7644980e-001  6.5869337e-001
  1.6560000e+000  6.6583381e-001  6.7678171e-001  6.6768868e-001  6.7884383e-001  6.7737624e-001  6.8467120e-001  6.7524152e-001  6.8072042e-001  6.7764628e-001  6.5797681e-001
  1.6640000e+000  6.7507411e-001  6.7609058e-001  6.6357610e-001  6.6921777e-001  6.6692838e-001  6.7763292e-001  6.6593289e-001  6.6239085e-001  6.7887732e-001  6.6427171e-001
  1.6720000e+000  6.7629731e-001  6.6114630e-001  6.6945216e-001  6.7309886e-001  6.7239514e-001  6.6044052e-001  6.6973561e-001  6.6262507e-001  6.7667559e-001  6.5170008e-001
  1.6800000e+000  6.8696548e-001  6.8313768e-001  6.7454805e-001  6.7016262e-001  6.7445281e-001  6.7946837e-001  6.5800323e-001  6.6967721e-001  6.6548799e-001  6.5298768e-001
  1.6880000e+000  6.7988005e-001  6.6656171e-001  6.7137141e-001  6.7755919e-001  6.8322506e-001  6.6942172e-001  6.7825663e-001  6.6004110e-001  6.6680419e-001  6.6544146e-001
  1.6960000e+000  6.8243357e-001  6.8440253e-001  6.6540955e-001  6.7707415e-001  6.8277506e-001  6.6855198e-001  6.6880484e-001  6.6877666e-001  6.7627556e-001  6.6894476e-001
  1.7040000e+000  6.7153292e-001  6.9149498e-001  6.8052436e-001  6.7589174e-001  6.9873478e-001  6.8806341e-001  6.7921447e-001  6.6958603e-001  6.8293750e-001  6.6947652e-001
  1.7120000e+000  6.7830023e-001  6.7747825e-001  6.7562560e-001  6.7723321e-001  6.7948805e-001  6.7696861e-001  6.7352263e-001  6.6031725e-001  6.7459312e-001  6.6271446e-001
  1.7200000e+000  6.8242590e-001  6.8473522e-001  6.7255380e-001  6.6309629e-001  6.9702463e-001  6.6480304e-001  6.7119728e-001  6.6853257e-001  6.7045362e-001  6.5816944e-001
  1.7280000e+000  6.6413335e-001  6.6928881e-001  6.5803143e-001  6.7799022e-001  6.7740530e-001  6.7537836e-001  6.6927094e-001  6.5569871e-001  6.7454366e-001  6.5840356e-001
  1.7360000e+000  6.6672835e-001  6.8185462e-001  6.5683984e-001  6.5001873e-001  6.6489221e-001  6.6597666e-001  6.6980466e-001  6.6678961e-001  6.7047972e-001  6.5123819e-001
  1.7440000e+000  6.6480607e-001  6.4824540e-001  6.8736128e-001  6.6599015e-001  6.6794676e-001  6.7398083e-001  6.6273373e-001  6.6517849e-001  6.7187168e-001  6.6102160e-001
  1.7520000e+000  6.8719287e-001  6.7127470e-001  6.6612100e-001  7.0530217e-001  6.6408752e-001  6.7004360e-001  6.7364324e-001  6.7222398e-001  6.8009456e-001  6.6453572e-001
  1.7600000e+000  6.7625140e-001  6.9319104e-001  6.7809543e-001  6.7431911e-001  6.9265847e-001  6.7685105e-001  6.6828787e-001  6.5496543e-001  6.6535481e-001  6.6143753e-001
  1.7680000e+000  6.7998597e-001  6.3756011e-001  6.6015441e-001  6.7204399e-001  6.7935028e-001  6.6453747e-001  6.6373309e-001  6.5167022e-001  6.7035413e-001  6.5350299e-001
  1.7760000e+000  6.7536157e-001  6.6174793e-001  6.7487595e-001  6.6397903e-001  7.0163877e-001  6.7625346e-001  6.7845488e-001  6.6409259e-001  6.8263378e-001  6.5679098e-001
  1.7840000e+000  6.7519232e-001  6.6814930e-001  6.6785972e-001  6.9741011e-001  6.7341844e-001  6.8526339e-001  6.7109958e-001  6.6755715e-001  6.7586383e-001  6.6559621e-001
  1.7920000e+000  6.6280164e-001  6.5857338e-001  6.6592240e-001  6.7168894e-001  6.6745563e-001  6.7607144e-001  6.6325757e-001  6.6029305e-001  6.6906461e-001  6.5220089e-001
  1.8000000e+000  6.6936452e-001  6.7211431e-001  6.4313605e-001  6.4329572e-001  6.8687663e-001  6.6622257e-001  6.6755488e-001  6.5136083e-001  6.6590795e-001  6.4523750e-001
  1.8080000e+000  6.5998681e-001  6.9636018e-001  6.6604815e-001  6.6347082e-001  6.6688050e-001  6.7289826e-001  6.5859991e-001  6.5510781e-001  6.6129791e-001  6.5377879e-001
  1.8160000e+000  6.7039593e-001  6.5441005e-001  6.6608456e-001  6.7741009e-001  6.6263648e-001  6.6992414e-001  6.5994434e-001  6.4927329e-001  6.7141631e-001  6.4626453e-001
  1.8240000e+000  6.7294846e-001  6.7196348e-001  6.5996038e-001  6.5897041e-001  6.7233307e-001  6.7666618e-001  6.6946787e-001  6.5885984e-001  6.8146932e-001  6.5131368e-001
  1.8320000e+000  6.8196848e-001  7.0341436e-001  6.5972134e-001  6.7229187e-001  6.6333047e-001  6.7359502e-001  6.6992595e-001  6.6254693e-001  6.7505638e-001  6.6119142e-001
  1.8400000e+000  6.7036547e-001  6.8573061e-001  6.6110045e-001  6.6123631e-001  6.7570789e-001  6.7511496e-001  6.6451896e-001  6.5360672e-001  6.6513104e-001  6.6194298e-001
  1.8480000e+000  6.6899136e-001  6.6482586e-001  6.5484674e-001  6.5974101e-001  6.7888953e-001  6.5887176e-001  6.7356550e-001  6.6805486e-001  6.7482574e-001  6.6186401e-001
  1.8560000e+000  6.7463089e-001  6.9540385e-001  6.8389493e-001  6.5014995e-001  6.8182004e-001  6.8340962e-001  6.7012192e-001  6.5861871e-001  6.6933851e-001  6.5951991e-001
  1.8640000e+000  6.5751890e-001  6.6683655e-001  6.5174364e-001  6.8638133e-001  6.5622395e-001  6.6686323e-001  6.6321859e-001  6.5690828e-001  6.7513180e-001  6.5889062e-001
  1.8720000e+000  6.6081770e-001  6.4705910e-001  6.5450941e-001  6.7643275e-001  6.6915674e-001  6.7064864e-001  6.5276188e-001  6.4884865e-001  6.5451727e-001  6.4844559e-001
  1.8800000e+000  6.4626512e-001  6.5301810e-001  6.7318947e-001  6.6126069e-001  6.6080218e-001  6.6866059e-001  6.6069802e-001  6.5005592e-001  6.6712455e-001  6.5419925e-001
  1.8880000e+000  6.6761101e-001  6.7049809e-001  6.7248410e-001  6.6202482e-001  6.7420318e-001  6.6313523e-001  6.5770940e-001  6.5874265e-001  6.7982500e-001  6.4856093e-001
  1.8960000e+000  6.7159068e-001  6.6679276e-001  6.5337640e-001  6.7301273e-001  6.5580897e-001  6.6313665e-001  6.7092522e-001  6.5635740e-001  6.6218178e-001  6.5729660e-001
  1.9040000e+000  6.5748536e-001  6.4403510e-001  6.6341178e-001  6.8346741e-001  6.7747153e-001  6.8547026e-001  6.7132981e-001  6.5766903e-001  6.7225101e-001  6.5762966e-001
  1.9120000e+000  6.6973522e-001  6.7889061e-001  6.8327860e-001  6.8837071e-001  6.7035400e-001  6.7411755e-001  6.7166055e-001  6.6318898e-001  6.8181797e-001  6.6206600e-001
  1.9200000e+000  6.8223144e-001  6.8155209e-001  6.7069685e-001  6.6591416e-001  6.8275701e-001  6.7399280e-001  6.5952253e-001  6.6113602e-001  6.6252043e-001  6.5607966e-001
  1.9280000e+000  6.5702933e-001  6.5369164e-001  6.6212014e-001  6.6998743e-001  6.7150860e-001  6.7197322e-001  6.6513234e-001  6.6413548e-001  6.6715554e-001  6.5404180e-001
  1.9360000e+000  6.6619288e-001  6.5227875e-001  6.6239328e-001  6.4785257e-001  6.8032563e-001  6.6046770e-001  6.5968574e-001  6.5084081e-001  6.7355716e-001  6.5817977e-001
  1.9440000e+000  6.7184313e-001  6.5696677e-001  6.7540982e-001  6.6529163e-001  6.6274573e-001  6.7253523e-001  6.5993273e-001  6.5887072e-001  6.6250671e-001  6.5249175e-001
  1.9520000e+000  6.5183678e-001  6.5931208e-001  6.5191018e-001  6.5281808e-001  6.7285556e-001  6.6841970e-001  6.5265946e-001  6.6716724e-001  6.7169293e-001  6.5728367e-001
  1.9600000e+000  6.6671357e-001  6.7805913e-001  6.6497513e-001  6.6210273e-001  6.7338570e-001  6.7631881e-001  6.6426145e-001  6.6159861e-001  6.6706746e-001  6.6572533e-001
  1.9680000e+000  6.7263976e-001  6.9824720e-001  6.7300350e-001  6.6155074e-001  6.7467477e-001  6.7573211e-001  6.6272218e-001  6.5612481e-001  6.6060812e-001  6.5261330e-001
  1.9760000e+000  6.8387253e-001  6.8183541e-001  6.6621890e-001  6.7055473e-001  6.5975678e-001  6.8317636e-001  6.6701465e-001  6.7456653e-001  6.8308889e-001  6.7568600e-001
  1.9840000e+000  6.6775246e-001  6.7224014e-001  6.6390060e-001  6.7700436e-001  6.6739679e-001  6.8843840e-001  6.6502829e-001  6.4830000e-001  6.6342840e-001  6.6261756e-001
  1.9920000e+000  6.7057459e-001  6.5180075e-001  6.6126873e-001  6.6389717e-001  6.7121740e-001  6.7183039e-001  6.6440461e-001  6.5866371e-001  6.7165142e-001  6.7332743e-001
  2.0000000e+000  6.7100438e-001  6.6136600e-001  6.5917351e-001  6.6731940e-001  6.6022884e-001  6.6894949e-001  6.6320381e-001  6.4057729e-001  6.6394263e-001  6.6329475e-001
  2.0080000e+000  6.6121468e-001  6.4988924e-001  6.5883980e-001  6.4953624e-001  6.6443658e-001  6.6247787e-001  6.6615826e-001  6.4767479e-001  6.5733520e-001  6.6803596e-001
  2.0160000e+000  6.7921910e-001  6.5371288e-001  6.8639154e-001  6.4849036e-001  6.7311086e-001  6.5967621e-001  6.6433809e-001  6.5741626e-001  6.6338259e-001  6.6310992e-001
  2.0240000e+000  6.6116772e-001  6.5408931e-001  6.7162627e-001  6.7265676e-001  6.5847214e-001  6.5928157e-001  6.5845221e-001  6.4743458e-001  6.5829182e-001  6.3865416e-001
  2.0320000e+000  6.7265048e-001  6.6183565e-001  6.5950830e-001  6.5451922e-001  6.6327919e-001  6.6091733e-001  6.5770647e-001  6.5453803e-001  6.5742953e-001  6.6898292e-001
  2.0400000e+000  6.7411931e-001  6.5121926e-001  6.5678974e-001  6.4760515e-001  6.6913093e-001  6.6347161e-001  6.6133263e-001  6.6254706e-001  6.6973217e-001  6.6016144e-001
  2.0480000e+000  6.7377261e-001  6.5208983e-001  6.5748266e-001  6.6187231e-001  6.6450485e-001  6.7190323e-001  6.6031540e-001  6.6566405e-001  6.7192170e-001  6.5418310e-001
  2.0560000e+000  6.6471473e-001  6.4690744e-001  6.5682935e-001  6.8831657e-001  6.6768283e-001  6.7187565e-001  6.6302257e-001  6.5317772e-001  6.6708088e-001  6.5640075e-001
  2.0640000e+000  6.6419540e-001  6.6527239e-001  6.6770120e-001  6.7607573e-001  6.7456580e-001  6.6998089e-001  6.5739527e-001  6.5272625e-001  6.7187906e-001  6.5765719e-001
  2.0720000e+000  6.6998617e-001  6.5893924e-001  6.6409710e-001  6.8039854e-001  6.7459295e-001  6.6522757e-001  6.6052164e-001  6.4477949e-001  6.6936314e-001  6.5941793e-001
  2.0800000e+000  6.6180741e-001  6.6374038e-001  6.5519504e-001  6.4654992e-001  6.7034931e-001  6.5783958e-001  6.4593253e-001  6.6621413e-001  6.6350486e-001  6.5646080e-001
  2.0880000e+000  6.6414415e-001  6.6719614e-001  6.5920025e-001  6.6006090e-001  6.7334614e-001  6.7184922e-001  6.6079680e-001  6.5147081e-001  6.6236874e-001  6.5841699e-001
  2.0960000e+000  6.5985215e-001  6.6306239e-001  6.6516141e-001  6.6755304e-001  6.5943655e-001  6.5445790e-001  6.6334930e-001  6.5118202e-001  6.6174208e-001  6.6238442e-001
  2.1040000e+000  6.6224430e-001  6.8119948e-001  6.6339160e-001  6.6564339e-001  6.7583624e-001  6.7636590e-001  6.5998884e-001  6.5500214e-001  6.6749781e-001  6.5716861e-001
  2.1120000e+000  6.5551906e-001  6.6708580e-001  6.7174908e-001  6.8392181e-001  6.8140545e-001  6.6440951e-001  6.5527003e-001  6.6955880e-001  6.6478915e-001  6.6150984e-001
  2.1200000e+000  6.5789982e-001  6.5473453e-001  6.6746489e-001  6.8584544e-001  6.8558752e-001  6.6778821e-001  6.7330999e-001  6.6403749e-001  6.7584437e-001  6.5591359e-001
  2.1280000e+000  6.7868491e-001  6.5906306e-001  6.6372476e-001  6.6853005e-001  6.7698762e-001  6.8066246e-001  6.5997919e-001  6.6404046e-001  6.6949417e-001  6.6355398e-001
  2.1360000e+000  6.7120170e-001  6.5105033e-001  6.5370613e-001  6.5130903e-001  6.8154150e-001  6.7332758e-001  6.6424456e-001  6.5752716e-001  6.6738403e-001  6.6433959e-001
  2.1440000e+000  6.6597167e-001  6.6690653e-001  6.5815294e-001  6.7755447e-001  6.8717615e-001  6.6042705e-001  6.6226035e-001  6.6918599e-001  6.6533395e-001  6.6220029e-001
  2.1520000e+000  6.6668833e-001  6.6167660e-001  6.5279268e-001  6.7071347e-001  6.6232497e-001  6.5192262e-001  6.5620168e-001  6.4803779e-001  6.5840909e-001  6.5350097e-001
  2.1600000e+000  6.6563963e-001  6.5554790e-001  6.5362647e-001  6.5529668e-001  6.6221946e-001  6.6249468e-001  6.4998323e-001  6.6251187e-001  6.5400005e-001  6.5830925e-001
  2.1680000e+000  6.6985409e-001  6.5094292e-001  6.5806255e-001  6.6260463e-001  6.6233377e-001  6.6079267e-001  6.5187181e-001  6.4815913e-001  6.5823576e-001  6.5469728e-001
  2.1760000e+000  6.6993316e-001  6.7806059e-001  6.5997699e-001  6.6283699e-001  6.6870610e-001  6.6391617e-001  6.5296421e-001  6.5858406e-001  6.6179976e-001  6.5873196e-001
  2.1840000e+000  6.6066128e-001  6.6347143e-001  6.7362510e-001  6.9934713e-001  6.6324388e-001  6.5889122e-001  6.6110319e-001  6.6613096e-001  6.6757070e-001  6.5317906e-001
  2.1920000e+000  6.6642542e-001  6.6912933e-001  6.6274462e-001  6.6897795e-001  6.7596590e-001  6.8514741e-001  6.6100594e-001  6.6517042e-001  6.6938879e-001  6.6718575e-001
  2.2000000e+000  6.6788016e-001  6.8190923e-001  6.7961574e-001  6.7230663e-001  6.8349537e-001  6.7440280e-001  6.6677516e-001  6.6887766e-001  6.6818993e-001  6.6473933e-001
  2.2080000e+000  6.4645334e-001  6.5248262e-001  6.7202794e-001  6.6508030e-001  6.9343881e-001  6.6055312e-001  6.7021387e-001  6.6305216e-001  6.7119442e-001  6.6348385e-001
  2.2160000e+000  6.6451419e-001  6.7634880e-001  6.6017843e-001  6.7795427e-001  6.7073066e-001  6.8046052e-001  6.6088917e-001  6.6875149e-001  6.6582930e-001  6.6313188e-001
  2.2240000e+000  6.6693758e-001  6.6049568e-001  6.4895713e-001  6.6279327e-001  6.6121992e-001  6.7592404e-001  6.5552263e-001  6.5641794e-001  6.5821132e-001  6.5531605e-001
  2.2320000e+000  6.6159099e-001  6.7038464e-001  6.4577300e-001  6.4487320e-001  6.5457883e-001  6.6466446e-001  6.4701421e-001  6.4449295e-001  6.5014317e-001  6.5754903e-001
  2.2400000e+000  6.6575667e-001  6.4865723e-001  6.5958380e-001  6.4231728e-001  6.6587714e-001  6.5866639e-001  6.4498903e-001  6.4862658e-001  6.5302021e-001  6.5754616e-001
  2.2480000e+000  6.5101368e-001  6.6943792e-001  6.6750112e-001  6.7136159e-001  6.5533603e-001  6.6377147e-001  6.6176795e-001  6.5819405e-001  6.5719250e-001  6.6882410e-001
  2.2560000e+000  6.6335926e-001  6.6679555e-001  6.6867283e-001  6.7508553e-001  6.8772368e-001  6.7099613e-001  6.6367234e-001  6.6689679e-001  6.6618260e-001  6.7091730e-001
  2.2640000e+000  6.6423294e-001  6.7469226e-001  6.8698580e-001  6.6290264e-001  6.8239794e-001  6.8738758e-001  6.6399650e-001  6.6486468e-001  6.7401677e-001  6.7137759e-001
  2.2720000e+000  6.6013613e-001  6.6450915e-001  6.7020182e-001  7.0411853e-001  6.9652413e-001  6.7347449e-001  6.7021596e-001  6.7627127e-001  6.7029221e-001  6.7466660e-001
  2.2800000e+000  6.7333253e-001  6.7256484e-001  6.8148390e-001  6.7977414e-001  6.9925846e-001  6.6084722e-001  6.6603244e-001  6.6648957e-001  6.7418118e-001  6.7428407e-001
  2.2880000e+000  6.7070146e-001  6.6956375e-001  6.5351537e-001  6.7514161e-001  6.5511366e-001  6.6043440e-001  6.6092205e-001  6.5776688e-001  6.7164668e-001  6.6185090e-001
  2.2960000e+000  6.6084321e-001  6.5250655e-001  6.6434526e-001  6.5247808e-001  6.6911366e-001  6.6583313e-001  6.5211877e-001  6.6002640e-001  6.5955199e-001  6.6018201e-001
  2.3040000e+000  6.5452660e-001  6.4976537e-001  6.6377653e-001  6.6320122e-001  6.6845484e-001  6.6267959e-001  6.4265804e-001  6.4106278e-001  6.5158104e-001  6.4589242e-001
  2.3120000e+000  6.5183822e-001  6.7826689e-001  6.5951684e-001  6.7120925e-001  6.6257445e-001  6.6284360e-001  6.5864325e-001  6.3635021e-001  6.4711327e-001  6.5274822e-001
  2.3200000e+000  6.6167600e-001  6.6035011e-001  6.6087857e-001  6.7615815e-001  6.7332254e-001  6.8614987e-001  6.5258094e-001  6.4822253e-001  6.5442091e-001  6.5714139e-001
  2.3280000e+000  6.6930818e-001  6.5657555e-001  6.7091916e-001  6.7534524e-001  6.7877085e-001  6.7916329e-001  6.5796258e-001  6.5676717e-001  6.7825781e-001  6.6031182e-001
  2.3360000e+000  6.7120571e-001  6.6521840e-001  6.6523131e-001  6.7813923e-001  6.8161330e-001  6.7907176e-001  6.7491311e-001  6.6186675e-001  6.8850499e-001  6.6566118e-001
  2.3440000e+000  6.7230122e-001  6.5713002e-001  6.7558329e-001  6.9579247e-001  7.0165527e-001  6.8303593e-001  6.6543680e-001  6.7191100e-001  6.8320044e-001  6.6681208e-001
  2.3520000e+000  6.7756413e-001  6.6894064e-001  6.8061456e-001  6.8428819e-001  6.9437538e-001  6.7579063e-001  6.6759609e-001  6.6796516e-001  6.7145220e-001  6.6398672e-001
  2.3600000e+000  6.6251086e-001  6.5327032e-001  6.6084826e-001  6.6742134e-001  6.9228657e-001  6.5951089e-001  6.5816014e-001  6.6344558e-001  6.6195059e-001  6.5794464e-001
  2.3680000e+000  6.5530250e-001  6.4547841e-001  6.4882705e-001  6.6184320e-001  6.6676188e-001  6.6685418e-001  6.4921314e-001  6.4292727e-001  6.5228426e-001  6.4943561e-001
  2.3760000e+000  6.4863869e-001  6.4147292e-001  6.4865978e-001  6.4652924e-001  6.4917372e-001  6.5161515e-001  6.4874800e-001  6.3289989e-001  6.3940995e-001  6.5146111e-001
  2.3840000e+000  6.5401528e-001  6.5423789e-001  6.5962875e-001  6.5641298e-001  6.6496631e-001  6.6128946e-001  6.4316437e-001  6.4029557e-001  6.4212454e-001  6.5442876e-001
  2.3920000e+000  6.5461968e-001  6.6818407e-001  6.5208997e-001  6.7979855e-001  6.5680254e-001  6.8208283e-001  6.5615896e-001  6.4121750e-001  6.6800289e-001  6.6656510e-001
  2.4000000e+000  6.6583679e-001  6.8215421e-001  6.7952366e-001  6.6907894e-001  6.9563002e-001  7.0566124e-001  6.6604217e-001  6.5822326e-001  6.7205555e-001  6.7453713e-001
