  1.0000000e+000  0.0000000e+000
  1.0045023e+000  0.0000000e+000
  1.0090045e+000  0.0000000e+000
  1.0135068e+000  0.0000000e+000
  1.0180090e+000  0.0000000e+000
  1.0225113e+000  0.0000000e+000
  1.0270135e+000  0.0000000e+000
  1.0315158e+000  0.0000000e+000
  1.0360180e+000  0.0000000e+000
  1.0405203e+000  0.0000000e+000
  1.0450225e+000  0.0000000e+000
  1.0495248e+000  0.0000000e+000
  1.0540270e+000  0.0000000e+000
  1.0585293e+000  0.0000000e+000
  1.0630315e+000  0.0000000e+000
  1.0675338e+000  0.0000000e+000
  1.0720360e+000  0.0000000e+000
  1.0765383e+000  0.0000000e+000
  1.0810405e+000  0.0000000e+000
  1.0855428e+000  0.0000000e+000
  1.0900450e+000  0.0000000e+000
  1.0945473e+000  0.0000000e+000
  1.0990495e+000  0.0000000e+000
  1.1035518e+000  0.0000000e+000
  1.1080540e+000  0.0000000e+000
  1.1125563e+000  0.0000000e+000
  1.1170585e+000  0.0000000e+000
  1.1215608e+000  0.0000000e+000
  1.1260630e+000  0.0000000e+000
  1.1305653e+000  0.0000000e+000
  1.1350675e+000  0.0000000e+000
  1.1395698e+000  0.0000000e+000
  1.1440720e+000  0.0000000e+000
  1.1485743e+000  0.0000000e+000
  1.1530765e+000  0.0000000e+000
  1.1575788e+000  0.0000000e+000
  1.1620810e+000  0.0000000e+000
  1.1665833e+000  0.0000000e+000
  1.1710855e+000  0.0000000e+000
  1.1755878e+000  0.0000000e+000
  1.1800900e+000  0.0000000e+000
  1.1845923e+000  0.0000000e+000
  1.1890945e+000  0.0000000e+000
  1.1935968e+000  0.0000000e+000
  1.1980990e+000  0.0000000e+000
  1.2026013e+000  0.0000000e+000
  1.2071036e+000  0.0000000e+000
  1.2116058e+000  0.0000000e+000
  1.2161081e+000  0.0000000e+000
  1.2206103e+000  0.0000000e+000
  1.2251126e+000  0.0000000e+000
  1.2296148e+000  0.0000000e+000
  1.2341171e+000  0.0000000e+000
  1.2386193e+000  0.0000000e+000
  1.2431216e+000  0.0000000e+000
  1.2476238e+000  0.0000000e+000
  1.2521261e+000  0.0000000e+000
  1.2566283e+000  0.0000000e+000
  1.2611306e+000  0.0000000e+000
  1.2656328e+000  0.0000000e+000
  1.2701351e+000  0.0000000e+000
  1.2746373e+000  0.0000000e+000
  1.2791396e+000  0.0000000e+000
  1.2836418e+000  0.0000000e+000
  1.2881441e+000  0.0000000e+000
  1.2926463e+000  0.0000000e+000
  1.2971486e+000  0.0000000e+000
  1.3016508e+000  0.0000000e+000
  1.3061531e+000  0.0000000e+000
  1.3106553e+000  0.0000000e+000
  1.3151576e+000  0.0000000e+000
  1.3196598e+000  0.0000000e+000
  1.3241621e+000  0.0000000e+000
  1.3286643e+000  0.0000000e+000
  1.3331666e+000  0.0000000e+000
  1.3376688e+000  0.0000000e+000
  1.3421711e+000  0.0000000e+000
  1.3466733e+000  0.0000000e+000
  1.3511756e+000  0.0000000e+000
  1.3556778e+000  0.0000000e+000
  1.3601801e+000  0.0000000e+000
  1.3646823e+000  0.0000000e+000
  1.3691846e+000  0.0000000e+000
  1.3736868e+000  0.0000000e+000
  1.3781891e+000  0.0000000e+000
  1.3826913e+000  0.0000000e+000
  1.3871936e+000  0.0000000e+000
  1.3916958e+000  0.0000000e+000
  1.3961981e+000  0.0000000e+000
  1.4007004e+000  0.0000000e+000
  1.4052026e+000  0.0000000e+000
  1.4097049e+000  0.0000000e+000
  1.4142071e+000  0.0000000e+000
  1.4187094e+000  0.0000000e+000
  1.4232116e+000  0.0000000e+000
  1.4277139e+000  0.0000000e+000
  1.4322161e+000  0.0000000e+000
  1.4367184e+000  0.0000000e+000
  1.4412206e+000  0.0000000e+000
  1.4457229e+000  0.0000000e+000
  1.4502251e+000  0.0000000e+000
  1.4547274e+000  0.0000000e+000
  1.4592296e+000  0.0000000e+000
  1.4637319e+000  0.0000000e+000
  1.4682341e+000  0.0000000e+000
  1.4727364e+000  0.0000000e+000
  1.4772386e+000  0.0000000e+000
  1.4817409e+000  0.0000000e+000
  1.4862431e+000  0.0000000e+000
  1.4907454e+000  0.0000000e+000
  1.4952476e+000  0.0000000e+000
  1.4997499e+000  0.0000000e+000
  1.5042521e+000  1.5065221e-004
  1.5087544e+000  1.4953677e-004
  1.5132566e+000  1.4842166e-004
  1.5177589e+000  1.4730686e-004
  1.5222611e+000  1.4619238e-004
  1.5267634e+000  1.4507796e-004
  1.5312656e+000  1.4396363e-004
  1.5357679e+000  1.4284980e-004
  1.5402701e+000  1.4173686e-004
  1.5447724e+000  1.4062514e-004
  1.5492746e+000  1.3951373e-004
  1.5537769e+000  1.3840293e-004
  1.5582791e+000  1.3729372e-004
  1.5627814e+000  1.3618706e-004
  1.5672836e+000  1.3508364e-004
  1.5717859e+000  1.3398209e-004
  1.5762881e+000  1.3288293e-004
  1.5807904e+000  1.3178712e-004
  1.5852926e+000  1.3069567e-004
  1.5897949e+000  1.2960891e-004
  1.5942971e+000  1.2852561e-004
  1.5987994e+000  1.2744647e-004
  1.6033017e+000  1.2637235e-004
  1.6078039e+000  1.2530413e-004
  1.6123062e+000  1.2424171e-004
  1.6168084e+000  1.2318420e-004
  1.6213107e+000  1.2213239e-004
  1.6258129e+000  1.2108710e-004
  1.6303152e+000  1.2004912e-004
  1.6348174e+000  1.1901784e-004
  1.6393197e+000  1.1799288e-004
  1.6438219e+000  1.1697501e-004
  1.6483242e+000  1.1596500e-004
  1.6528264e+000  1.1496354e-004
  1.6573287e+000  1.1396956e-004
  1.6618309e+000  1.1298316e-004
  1.6663332e+000  1.1200517e-004
  1.6708354e+000  1.1103642e-004
  1.6753377e+000  1.1007745e-004
  1.6798399e+000  1.0912702e-004
  1.6843422e+000  1.0818547e-004
  1.6888444e+000  1.0725356e-004
  1.6933467e+000  1.0633204e-004
  1.6978489e+000  1.0542107e-004
  1.7023512e+000  1.0451940e-004
  1.7068534e+000  1.0362764e-004
  1.7113557e+000  1.0274653e-004
  1.7158579e+000  1.0187680e-004
  1.7203602e+000  1.0101811e-004
  1.7248624e+000  1.0016942e-004
  1.7293647e+000  9.9331479e-005
  1.7338669e+000  9.8505047e-005
  1.7383692e+000  9.7690883e-005
  1.7428714e+000  9.6887926e-005
  1.7473737e+000  9.6095597e-005
  1.7518759e+000  9.5314709e-005
  1.7563782e+000  9.4546080e-005
  1.7608804e+000  9.3790384e-005
  1.7653827e+000  9.3045877e-005
  1.7698849e+000  9.2312473e-005
  1.7743872e+000  9.1591060e-005
  1.7788894e+000  9.0882523e-005
  1.7833917e+000  9.0187215e-005
  1.7878939e+000  8.9502653e-005
  1.7923962e+000  8.8829336e-005
  1.7968984e+000  8.8168400e-005
  1.8014007e+000  8.7520980e-005
  1.8059030e+000  8.6887162e-005
  1.8104052e+000  8.6264565e-005
  1.8149075e+000  8.5653483e-005
  1.8194097e+000  8.5054426e-005
  1.8239120e+000  8.4467905e-005
  1.8284142e+000  8.3894142e-005
  1.8329165e+000  8.3332990e-005
  1.8374187e+000  8.2784575e-005
  1.8419210e+000  8.2249031e-005
  1.8464232e+000  8.1726483e-005
  1.8509255e+000  8.1216161e-005
  1.8554277e+000  8.0717877e-005
  1.8599300e+000  8.0232199e-005
  1.8644322e+000  7.9759700e-005
  1.8689345e+000  7.9300795e-005
  1.8734367e+000  7.8853651e-005
  1.8779390e+000  7.8418334e-005
  1.8824412e+000  7.7995834e-005
  1.8869435e+000  7.7587139e-005
  1.8914457e+000  7.7192473e-005
  1.8959480e+000  7.6808496e-005
  1.9004502e+000  7.6436194e-005
  1.9049525e+000  7.6077367e-005
  1.9094547e+000  7.5733815e-005
  1.9139570e+000  7.5405412e-005
  1.9184592e+000  7.5087900e-005
  1.9229615e+000  7.4781702e-005
  1.9274637e+000  7.4487574e-005
  1.9319660e+000  7.4206273e-005
  1.9364682e+000  7.3938530e-005
  1.9409705e+000  7.3684545e-005
  1.9454727e+000  7.3444216e-005
  1.9499750e+000  7.3217437e-005
  1.9544772e+000  7.3004095e-005
  1.9589795e+000  7.2803303e-005
  1.9634817e+000  7.2614961e-005
  1.9679840e+000  7.2439681e-005
  1.9724862e+000  7.2278077e-005
  1.9769885e+000  7.2130547e-005
  1.9814907e+000  7.1994686e-005
  1.9859930e+000  7.1870553e-005
  1.9904952e+000  7.1759297e-005
  1.9949975e+000  7.1662067e-005
  1.9994997e+000  7.1579020e-005
  2.0040020e+000  7.1506006e-005
  2.0085043e+000  7.1444063e-005
  2.0130065e+000  7.1395136e-005
  2.0175088e+000  7.1361170e-005
  2.0220110e+000  7.1340922e-005
  2.0265133e+000  7.1328259e-005
  2.0310155e+000  7.1325782e-005
  2.0355178e+000  7.1336596e-005
  2.0400200e+000  7.1363805e-005
  2.0445223e+000  7.1405079e-005
  2.0490245e+000  7.1454371e-005
  2.0535268e+000  7.1511728e-005
  2.0580290e+000  7.1577231e-005
  2.0625313e+000  7.1651028e-005
  2.0670335e+000  7.1737755e-005
  2.0715358e+000  7.1838664e-005
  2.0760380e+000  7.1951578e-005
  2.0805403e+000  7.2074319e-005
  2.0850425e+000  7.2204986e-005
  2.0895448e+000  7.2345531e-005
  2.0940470e+000  7.2496373e-005
  2.0985493e+000  7.2656912e-005
  2.1030515e+000  7.2826545e-005
  2.1075538e+000  7.3005017e-005
  2.1120560e+000  7.3193361e-005
  2.1165583e+000  7.3390782e-005
  2.1210605e+000  7.3596202e-005
  2.1255628e+000  7.3808545e-005
  2.1300650e+000  7.4028285e-005
  2.1345673e+000  7.4258093e-005
  2.1390695e+000  7.4496660e-005
  2.1435718e+000  7.4742477e-005
  2.1480740e+000  7.4994034e-005
  2.1525763e+000  7.5251893e-005
  2.1570785e+000  7.5517443e-005
  2.1615808e+000  7.5789657e-005
  2.1660830e+000  7.6067500e-005
  2.1705853e+000  7.6349973e-005
  2.1750875e+000  7.6638147e-005
  2.1795898e+000  7.6932263e-005
  2.1840920e+000  7.7231343e-005
  2.1885943e+000  7.7534406e-005
  2.1930965e+000  7.7840732e-005
  2.1975988e+000  7.8152280e-005
  2.2021011e+000  7.8468416e-005
  2.2066033e+000  7.8787546e-005
  2.2111056e+000  7.9108077e-005
  2.2156078e+000  7.9429651e-005
  2.2201101e+000  7.9756436e-005
  2.2246123e+000  8.0086900e-005
  2.2291146e+000  8.0418669e-005
  2.2336168e+000  8.0749371e-005
  2.2381191e+000  8.1079333e-005
  2.2426213e+000  8.1413196e-005
  2.2471236e+000  8.1749871e-005
  2.2516258e+000  8.2087996e-005
  2.2561281e+000  8.2426209e-005
  2.2606303e+000  8.2763787e-005
  2.2651326e+000  8.3101061e-005
  2.2696348e+000  8.3438143e-005
  2.2741371e+000  8.3775146e-005
  2.2786393e+000  8.4112137e-005
  2.2831416e+000  8.4447376e-005
  2.2876438e+000  8.4780495e-005
  2.2921461e+000  8.5112327e-005
  2.2966483e+000  8.5443702e-005
  2.3011506e+000  8.5775021e-005
  2.3056528e+000  8.6102539e-005
  2.3101551e+000  8.6426283e-005
  2.3146573e+000  8.6747615e-005
  2.3191596e+000  8.7067899e-005
  2.3236618e+000  8.7387479e-005
  2.3281641e+000  8.7702857e-005
  2.3326663e+000  8.8014381e-005
  2.3371686e+000  8.8322967e-005
  2.3416708e+000  8.8629534e-005
  2.3461731e+000  8.8934555e-005
  2.3506753e+000  8.9236916e-005
  2.3551776e+000  8.9535545e-005
  2.3596798e+000  8.9829391e-005
  2.3641821e+000  9.0117404e-005
  2.3686843e+000  9.0402929e-005
  2.3731866e+000  9.0689118e-005
  2.3776888e+000  9.0973974e-005
  2.3821911e+000  9.1255499e-005
  2.3866933e+000  9.1531777e-005
  2.3911956e+000  9.1804703e-005
  2.3956978e+000  9.2075918e-005
  2.4002001e+000  9.2345529e-005
  2.4047024e+000  9.2613645e-005
  2.4092046e+000  9.2880113e-005
  2.4137069e+000  9.3142677e-005
  2.4182091e+000  9.3401523e-005
  2.4227114e+000  9.3657566e-005
  2.4272136e+000  9.3911719e-005
  2.4317159e+000  9.4164397e-005
  2.4362181e+000  9.4414164e-005
  2.4407204e+000  9.4661210e-005
  2.4452226e+000  9.4905958e-005
  2.4497249e+000  9.5148831e-005
  2.4542271e+000  9.5389744e-005
  2.4587294e+000  9.5628064e-005
  2.4632316e+000  9.5864217e-005
  2.4677339e+000  9.6098664e-005
  2.4722361e+000  9.6331865e-005
  2.4767384e+000  9.6563508e-005
  2.4812406e+000  9.6793316e-005
  2.4857429e+000  9.7021830e-005
  2.4902451e+000  9.7249589e-005
  2.4947474e+000  9.7477108e-005
  2.4992496e+000  9.7703970e-005
  2.5037519e+000  9.7930158e-005
  2.5082541e+000  9.8156094e-005
  2.5127564e+000  9.8382200e-005
  2.5172586e+000  9.8608831e-005
  2.5217609e+000  9.8835726e-005
  2.5262631e+000  9.9062961e-005
  2.5307654e+000  9.9290748e-005
  2.5352676e+000  9.9519300e-005
  2.5397699e+000  9.9748763e-005
  2.5442721e+000  9.9979061e-005
  2.5487744e+000  1.0021032e-004
  2.5532766e+000  1.0044271e-004
  2.5577789e+000  1.0067639e-004
  2.5622811e+000  1.0091136e-004
  2.5667834e+000  1.0114759e-004
  2.5712856e+000  1.0138536e-004
  2.5757879e+000  1.0162497e-004
  2.5802901e+000  1.0186670e-004
  2.5847924e+000  1.0211044e-004
  2.5892946e+000  1.0235616e-004
  2.5937969e+000  1.0260427e-004
  2.5982991e+000  1.0285517e-004
  2.6028014e+000  1.0310923e-004
  2.6073037e+000  1.0336625e-004
  2.6118059e+000  1.0362629e-004
  2.6163082e+000  1.0388962e-004
  2.6208104e+000  1.0415653e-004
  2.6253127e+000  1.0442728e-004
  2.6298149e+000  1.0470180e-004
  2.6343172e+000  1.0498008e-004
  2.6388194e+000  1.0526211e-004
  2.6433217e+000  1.0554792e-004
  2.6478239e+000  1.0583758e-004
  2.6523262e+000  1.0613117e-004
  2.6568284e+000  1.0642854e-004
  2.6613307e+000  1.0672951e-004
  2.6658329e+000  1.0703388e-004
  2.6703352e+000  1.0734157e-004
  2.6748374e+000  1.0765261e-004
  2.6793397e+000  1.0796691e-004
  2.6838419e+000  1.0828436e-004
  2.6883442e+000  1.0860484e-004
  2.6928464e+000  1.0892786e-004
  2.6973487e+000  1.0925328e-004
  2.7018509e+000  1.0958146e-004
  2.7063532e+000  1.0991274e-004
  2.7108554e+000  1.1024737e-004
  2.7153577e+000  1.1058322e-004
  2.7198599e+000  1.1092055e-004
  2.7243622e+000  1.1126096e-004
  2.7288644e+000  1.1160602e-004
  2.7333667e+000  1.1195663e-004
  2.7378689e+000  1.1230858e-004
  2.7423712e+000  1.1266143e-004
  2.7468734e+000  1.1301583e-004
  2.7513757e+000  1.1337244e-004
  2.7558779e+000  1.1373213e-004
  2.7603802e+000  1.1409599e-004
  2.7648824e+000  1.1446420e-004
  2.7693847e+000  1.1483686e-004
  2.7738869e+000  1.1521408e-004
  2.7783892e+000  1.1559531e-004
  2.7828914e+000  1.1597928e-004
  2.7873937e+000  1.1636567e-004
  2.7918959e+000  1.1675417e-004
  2.7963982e+000  1.1714445e-004
  2.8009005e+000  1.1753940e-004
  2.8054027e+000  1.1794038e-004
  2.8099050e+000  1.1834578e-004
  2.8144072e+000  1.1875396e-004
  2.8189095e+000  1.1916347e-004
  2.8234117e+000  1.1957688e-004
  2.8279140e+000  1.1999506e-004
  2.8324162e+000  1.2041736e-004
  2.8369185e+000  1.2084313e-004
  2.8414207e+000  1.2127174e-004
  2.8459230e+000  1.2170323e-004
  2.8504252e+000  1.2213847e-004
  2.8549275e+000  1.2257838e-004
  2.8594297e+000  1.2302391e-004
  2.8639320e+000  1.2347488e-004
  2.8684342e+000  1.2392854e-004
  2.8729365e+000  1.2438550e-004
  2.8774387e+000  1.2484663e-004
  2.8819410e+000  1.2531282e-004
  2.8864432e+000  1.2578544e-004
  2.8909455e+000  1.2626502e-004
  2.8954477e+000  1.2675055e-004
  2.8999500e+000  1.2724101e-004
  2.9044522e+000  1.2773538e-004
  2.9089545e+000  1.2823743e-004
  2.9134567e+000  1.2874950e-004
  2.9179590e+000  1.2927011e-004
  2.9224612e+000  1.2979775e-004
  2.9269635e+000  1.3033120e-004
  2.9314657e+000  1.3087396e-004
  2.9359680e+000  1.3142678e-004
  2.9404702e+000  1.3198857e-004
  2.9449725e+000  1.3255823e-004
  2.9494747e+000  1.3313534e-004
  2.9539770e+000  1.3372332e-004
  2.9584792e+000  1.3432172e-004
  2.9629815e+000  1.3492920e-004
  2.9674837e+000  1.3554446e-004
  2.9719860e+000  1.3616770e-004
  2.9764882e+000  1.3680219e-004
  2.9809905e+000  1.3744666e-004
  2.9854927e+000  1.3809946e-004
  2.9899950e+000  1.3875896e-004
  2.9944972e+000  1.3942639e-004
  2.9989995e+000  1.4010442e-004
  3.0035018e+000  1.4079114e-004
  3.0080040e+000  1.4148463e-004
  3.0125063e+000  1.4218295e-004
  3.0170085e+000  1.4288888e-004
  3.0215108e+000  1.4360388e-004
  3.0260130e+000  1.4432601e-004
  3.0305153e+000  1.4505329e-004
  3.0350175e+000  1.4578405e-004
  3.0395198e+000  1.4652120e-004
  3.0440220e+000  1.4726527e-004
  3.0485243e+000  1.4801516e-004
  3.0530265e+000  1.4876979e-004
  3.0575288e+000  1.4952834e-004
  3.0620310e+000  1.5029170e-004
  3.0665333e+000  1.5105979e-004
  3.0710355e+000  1.5183222e-004
  3.0755378e+000  1.5260866e-004
  3.0800400e+000  1.5338914e-004
  3.0845423e+000  1.5417452e-004
  3.0890445e+000  1.5496463e-004
  3.0935468e+000  1.5575920e-004
  3.0980490e+000  1.5655800e-004
  3.1025513e+000  1.5736139e-004
  3.1070535e+000  1.5817020e-004
  3.1115558e+000  1.5898436e-004
  3.1160580e+000  1.5980380e-004
  3.1205603e+000  1.6062846e-004
  3.1250625e+000  1.6145910e-004
  3.1295648e+000  1.6229624e-004
  3.1340670e+000  1.6313991e-004
  3.1385693e+000  1.6399011e-004
  3.1430715e+000  1.6484692e-004
  3.1475738e+000  1.6571125e-004
  3.1520760e+000  1.6658340e-004
  3.1565783e+000  1.6746337e-004
  3.1610805e+000  1.6835113e-004
  3.1655828e+000  1.6924680e-004
  3.1700850e+000  1.7015113e-004
  3.1745873e+000  1.7106427e-004
  3.1790895e+000  1.7198625e-004
  3.1835918e+000  1.7291711e-004
  3.1880940e+000  1.7385696e-004
  3.1925963e+000  1.7480591e-004
  3.1970985e+000  1.7576384e-004
  3.2016008e+000  1.7673059e-004
  3.2061031e+000  1.7770601e-004
  3.2106053e+000  1.7869098e-004
  3.2151076e+000  1.7968591e-004
  3.2196098e+000  1.8068933e-004
  3.2241121e+000  1.8169979e-004
  3.2286143e+000  1.8271587e-004
  3.2331166e+000  1.8374139e-004
  3.2376188e+000  1.8477762e-004
  3.2421211e+000  1.8582221e-004
  3.2466233e+000  1.8687279e-004
  3.2511256e+000  1.8792750e-004
  3.2556278e+000  1.8899064e-004
  3.2601301e+000  1.9006218e-004
  3.2646323e+000  1.9113998e-004
  3.2691346e+000  1.9222191e-004
  3.2736368e+000  1.9330703e-004
  3.2781391e+000  1.9439957e-004
  3.2826413e+000  1.9549849e-004
  3.2871436e+000  1.9660179e-004
  3.2916458e+000  1.9770749e-004
  3.2961481e+000  1.9881571e-004
  3.3006503e+000  1.9993012e-004
  3.3051526e+000  2.0104929e-004
  3.3096548e+000  2.0217150e-004
  3.3141571e+000  2.0329505e-004
  3.3186593e+000  2.0442131e-004
  3.3231616e+000  2.0555285e-004
  3.3276638e+000  2.0668841e-004
  3.3321661e+000  2.0782671e-004
  3.3366683e+000  2.0896655e-004
  3.3411706e+000  2.1011031e-004
  3.3456728e+000  2.1125936e-004
  3.3501751e+000  2.1241300e-004
  3.3546773e+000  2.1357056e-004
  3.3591796e+000  2.1473158e-004
  3.3636818e+000  2.1589861e-004
  3.3681841e+000  2.1707247e-004
  3.3726863e+000  2.1825312e-004
  3.3771886e+000  2.1944051e-004
  3.3816908e+000  2.2063498e-004
  3.3861931e+000  2.2183868e-004
  3.3906953e+000  2.2305243e-004
  3.3951976e+000  2.2427679e-004
  3.3996998e+000  2.2551232e-004
  3.4042021e+000  2.2675993e-004
  3.4087044e+000  2.2802130e-004
  3.4132066e+000  2.2929746e-004
  3.4177089e+000  2.3058942e-004
  3.4222111e+000  2.3189818e-004
  3.4267134e+000  2.3322501e-004
  3.4312156e+000  2.3457131e-004
  3.4357179e+000  2.3593824e-004
  3.4402201e+000  2.3732699e-004
  3.4447224e+000  2.3873872e-004
  3.4492246e+000  2.4017511e-004
  3.4537269e+000  2.4163747e-004
  3.4582291e+000  2.4312676e-004
  3.4627314e+000  2.4464394e-004
  3.4672336e+000  2.4619015e-004
  3.4717359e+000  2.4776791e-004
  3.4762381e+000  2.4937816e-004
  3.4807404e+000  2.5102130e-004
  3.4852426e+000  2.5269774e-004
  3.4897449e+000  2.5440864e-004
  3.4942471e+000  2.5615769e-004
  3.4987494e+000  2.5794492e-004
  3.5032516e+000  2.5976990e-004
  3.5077539e+000  2.6163219e-004
  3.5122561e+000  2.6353364e-004
  3.5167584e+000  2.6547859e-004
  3.5212606e+000  2.6746582e-004
  3.5257629e+000  2.6949391e-004
  3.5302651e+000  2.7156143e-004
  3.5347674e+000  2.7367202e-004
  3.5392696e+000  2.7582931e-004
  3.5437719e+000  2.7803083e-004
  3.5482741e+000  2.8027411e-004
  3.5527764e+000  2.8255686e-004
  3.5572786e+000  2.8488537e-004
  3.5617809e+000  2.8726100e-004
  3.5662831e+000  2.8968029e-004
  3.5707854e+000  2.9213973e-004
  3.5752876e+000  2.9463702e-004
  3.5797899e+000  2.9718034e-004
  3.5842921e+000  2.9976849e-004
  3.5887944e+000  3.0239705e-004
  3.5932966e+000  3.0506159e-004
  3.5977989e+000  3.0776076e-004
  3.6023012e+000  3.1050342e-004
  3.6068034e+000  3.1328589e-004
  3.6113057e+000  3.1610288e-004
  3.6158079e+000  3.1894908e-004
  3.6203102e+000  3.2182541e-004
  3.6248124e+000  3.2473963e-004
  3.6293147e+000  3.2768610e-004
  3.6338169e+000  3.3065869e-004
  3.6383192e+000  3.3365128e-004
  3.6428214e+000  3.3666857e-004
  3.6473237e+000  3.3971522e-004
  3.6518259e+000  3.4278427e-004
  3.6563282e+000  3.4586876e-004
  3.6608304e+000  3.4896219e-004
  3.6653327e+000  3.5207378e-004
  3.6698349e+000  3.5520390e-004
  3.6743372e+000  3.5834463e-004
  3.6788394e+000  3.6148802e-004
  3.6833417e+000  3.6462846e-004
  3.6878439e+000  3.6777936e-004
  3.6923462e+000  3.7093676e-004
  3.6968484e+000  3.7409117e-004
  3.7013507e+000  3.7723312e-004
  3.7058529e+000  3.8036022e-004
  3.7103552e+000  3.8349078e-004
  3.7148574e+000  3.8661525e-004
  3.7193597e+000  3.8972082e-004
  3.7238619e+000  3.9279467e-004
  3.7283642e+000  3.9584024e-004
  3.7328664e+000  3.9887900e-004
  3.7373687e+000  4.0190086e-004
  3.7418709e+000  4.0489477e-004
  3.7463732e+000  4.0784968e-004
  3.7508754e+000  4.1076632e-004
  3.7553777e+000  4.1365115e-004
  3.7598799e+000  4.1650204e-004
  3.7643822e+000  4.1931685e-004
  3.7688844e+000  4.2209321e-004
  3.7733867e+000  4.2482176e-004
  3.7778889e+000  4.2749867e-004
  3.7823912e+000  4.3012402e-004
  3.7868934e+000  4.3269785e-004
  3.7913957e+000  4.3522018e-004
  3.7958979e+000  4.3768950e-004
  3.8004002e+000  4.4010261e-004
  3.8049025e+000  4.4245622e-004
  3.8094047e+000  4.4474701e-004
  3.8139070e+000  4.4697381e-004
  3.8184092e+000  4.4914102e-004
  3.8229115e+000  4.5124496e-004
  3.8274137e+000  4.5328116e-004
  3.8319160e+000  4.5524510e-004
  3.8364182e+000  4.5713834e-004
  3.8409205e+000  4.5896758e-004
  3.8454227e+000  4.6072776e-004
  3.8499250e+000  4.6241349e-004
  3.8544272e+000  4.6401941e-004
  3.8589295e+000  4.6555296e-004
  3.8634317e+000  4.6701978e-004
  3.8679340e+000  4.6841355e-004
  3.8724362e+000  4.6972794e-004
  3.8769385e+000  4.7095747e-004
  3.8814407e+000  4.7211745e-004
  3.8859430e+000  4.7321000e-004
  3.8904452e+000  4.7422734e-004
  3.8949475e+000  4.7516173e-004
  3.8994497e+000  4.7600953e-004
  3.9039520e+000  4.7679509e-004
  3.9084542e+000  4.7751502e-004
  3.9129565e+000  4.7815862e-004
  3.9174587e+000  4.7871516e-004
  3.9219610e+000  4.7918734e-004
  3.9264632e+000  4.7961063e-004
  3.9309655e+000  4.7997282e-004
  3.9354677e+000  4.8025714e-004
  3.9399700e+000  4.8044678e-004
  3.9444722e+000  4.8055171e-004
  3.9489745e+000  4.8061051e-004
  3.9534767e+000  4.8061969e-004
  3.9579790e+000  4.8057481e-004
  3.9624812e+000  4.8047141e-004
  3.9669835e+000  4.8030177e-004
  3.9714857e+000  4.8006333e-004
  3.9759880e+000  4.7975846e-004
  3.9804902e+000  4.7938950e-004
  3.9849925e+000  4.7895924e-004
  3.9894947e+000  4.7847957e-004
  3.9939970e+000  4.7795587e-004
  3.9984992e+000  4.7738928e-004
  4.0030015e+000  4.7678093e-004
  4.0075038e+000  4.7612965e-004
  4.0120060e+000  4.7542265e-004
  4.0165083e+000  4.7466669e-004
  4.0210105e+000  4.7387252e-004
  4.0255128e+000  4.7305091e-004
  4.0300150e+000  4.7220408e-004
  4.0345173e+000  4.7131262e-004
  4.0390195e+000  4.7038258e-004
  4.0435218e+000  4.6942242e-004
  4.0480240e+000  4.6844058e-004
  4.0525263e+000  4.6743934e-004
  4.0570285e+000  4.6641352e-004
  4.0615308e+000  4.6536596e-004
  4.0660330e+000  4.6429962e-004
  4.0705353e+000  4.6321749e-004
  4.0750375e+000  4.6211823e-004
  4.0795398e+000  4.6100556e-004
  4.0840420e+000  4.5988840e-004
  4.0885443e+000  4.5877563e-004
  4.0930465e+000  4.5767437e-004
  4.0975488e+000  4.5655866e-004
  4.1020510e+000  4.5542792e-004
  4.1065533e+000  4.5429618e-004
  4.1110555e+000  4.5317747e-004
  4.1155578e+000  4.5208049e-004
  4.1200600e+000  4.5098171e-004
  4.1245623e+000  4.4988570e-004
  4.1290645e+000  4.4880392e-004
  4.1335668e+000  4.4774780e-004
  4.1380690e+000  4.4671806e-004
  4.1425713e+000  4.4569250e-004
  4.1470735e+000  4.4468178e-004
  4.1515758e+000  4.4369919e-004
  4.1560780e+000  4.4275799e-004
  4.1605803e+000  4.4184623e-004
  4.1650825e+000  4.4094060e-004
  4.1695848e+000  4.4006036e-004
  4.1740870e+000  4.3922528e-004
  4.1785893e+000  4.3845494e-004
  4.1830915e+000  4.3772383e-004
  4.1875938e+000  4.3700911e-004
  4.1920960e+000  4.3631811e-004
  4.1965983e+000  4.3565815e-004
  4.2011006e+000  4.3503745e-004
  4.2056028e+000  4.3447485e-004
  4.2101051e+000  4.3396925e-004
  4.2146073e+000  4.3351238e-004
  4.2191096e+000  4.3309597e-004
  4.2236118e+000  4.3271601e-004
  4.2281141e+000  4.3239302e-004
  4.2326163e+000  4.3212761e-004
  4.2371186e+000  4.3191577e-004
  4.2416208e+000  4.3175351e-004
  4.2461231e+000  4.3163919e-004
  4.2506253e+000  4.3157905e-004
  4.2551276e+000  4.3157590e-004
  4.2596298e+000  4.3163218e-004
  4.2641321e+000  4.3175031e-004
  4.2686343e+000  4.3192367e-004
  4.2731366e+000  4.3214451e-004
  4.2776388e+000  4.3242082e-004
  4.2821411e+000  4.3276075e-004
  4.2866433e+000  4.3317232e-004
  4.2911456e+000  4.3364594e-004
  4.2956478e+000  4.3417081e-004
  4.3001501e+000  4.3474601e-004
  4.3046523e+000  4.3537063e-004
  4.3091546e+000  4.3604558e-004
  4.3136568e+000  4.3679510e-004
  4.3181591e+000  4.3761634e-004
  4.3226613e+000  4.3849535e-004
  4.3271636e+000  4.3941821e-004
  4.3316658e+000  4.4037968e-004
  4.3361681e+000  4.4141712e-004
  4.3406703e+000  4.4252432e-004
  4.3451726e+000  4.4368654e-004
  4.3496748e+000  4.4488902e-004
  4.3541771e+000  4.4613215e-004
  4.3586793e+000  4.4744559e-004
  4.3631816e+000  4.4882018e-004
  4.3676838e+000  4.5024422e-004
  4.3721861e+000  4.5170597e-004
  4.3766883e+000  4.5321208e-004
  4.3811906e+000  4.5477829e-004
  4.3856928e+000  4.5639571e-004
  4.3901951e+000  4.5805529e-004
  4.3946973e+000  4.5974818e-004
  4.3991996e+000  4.6148555e-004
  4.4037019e+000  4.6327250e-004
  4.4082041e+000  4.6510125e-004
  4.4127064e+000  4.6696400e-004
  4.4172086e+000  4.6885437e-004
  4.4217109e+000  4.7078452e-004
  4.4262131e+000  4.7275370e-004
  4.4307154e+000  4.7475475e-004
  4.4352176e+000  4.7678050e-004
  4.4397199e+000  4.7882710e-004
  4.4442221e+000  4.8090580e-004
  4.4487244e+000  4.8301251e-004
  4.4532266e+000  4.8514032e-004
  4.4577289e+000  4.8728235e-004
  4.4622311e+000  4.8943770e-004
  4.4667334e+000  4.9161549e-004
  4.4712356e+000  4.9380966e-004
  4.4757379e+000  4.9601332e-004
  4.4802401e+000  4.9821954e-004
  4.4847424e+000  5.0043125e-004
  4.4892446e+000  5.0265429e-004
  4.4937469e+000  5.0488151e-004
  4.4982491e+000  5.0710573e-004
  4.5027514e+000  5.0931995e-004
  4.5072536e+000  5.1153200e-004
  4.5117559e+000  5.1374340e-004
  4.5162581e+000  5.1594622e-004
  4.5207604e+000  5.1813253e-004
  4.5252626e+000  5.2029612e-004
  4.5297649e+000  5.2245046e-004
  4.5342671e+000  5.2459240e-004
  4.5387694e+000  5.2671182e-004
  4.5432716e+000  5.2879865e-004
  4.5477739e+000  5.3084827e-004
  4.5522761e+000  5.3287937e-004
  4.5567784e+000  5.3488707e-004
  4.5612806e+000  5.3686250e-004
  4.5657829e+000  5.3879681e-004
  4.5702851e+000  5.4068851e-004
  4.5747874e+000  5.4254722e-004
  4.5792896e+000  5.4436480e-004
  4.5837919e+000  5.4613220e-004
  4.5882941e+000  5.4784041e-004
  4.5927964e+000  5.4949674e-004
  4.5972986e+000  5.5111277e-004
  4.6018009e+000  5.5268012e-004
  4.6063032e+000  5.5419038e-004
  4.6108054e+000  5.5563541e-004
  4.6153077e+000  5.5702298e-004
  4.6198099e+000  5.5835313e-004
  4.6243122e+000  5.5961622e-004
  4.6288144e+000  5.6080262e-004
  4.6333167e+000  5.6190595e-004
  4.6378189e+000  5.6295323e-004
  4.6423212e+000  5.6394097e-004
  4.6468234e+000  5.6485433e-004
  4.6513257e+000  5.6567845e-004
  4.6558279e+000  5.6640635e-004
  4.6603302e+000  5.6706484e-004
  4.6648324e+000  5.6765277e-004
  4.6693347e+000  5.6816424e-004
  4.6738369e+000  5.6859339e-004
  4.6783392e+000  5.6893585e-004
  4.6828414e+000  5.6918978e-004
  4.6873437e+000  5.6935026e-004
  4.6918459e+000  5.6941221e-004
  4.6963482e+000  5.6937057e-004
  4.7008504e+000  5.6923460e-004
  4.7053527e+000  5.6901647e-004
  4.7098549e+000  5.6871229e-004
  4.7143572e+000  5.6831812e-004
  4.7188594e+000  5.6782996e-004
  4.7233617e+000  5.6724077e-004
  4.7278639e+000  5.6654762e-004
  4.7323662e+000  5.6575011e-004
  4.7368684e+000  5.6484784e-004
  4.7413707e+000  5.6384047e-004
  4.7458729e+000  5.6273003e-004
  4.7503752e+000  5.6152150e-004
  4.7548774e+000  5.6022003e-004
  4.7593797e+000  5.5883077e-004
  4.7638819e+000  5.5734737e-004
  4.7683842e+000  5.5573044e-004
  4.7728864e+000  5.5399642e-004
  4.7773887e+000  5.5216862e-004
  4.7818909e+000  5.5027037e-004
  4.7863932e+000  5.4828789e-004
  4.7908954e+000  5.4616239e-004
  4.7953977e+000  5.4391494e-004
  4.7998999e+000  5.4156965e-004
  4.8044022e+000  5.3915066e-004
  4.8089045e+000  5.3663659e-004
  4.8134067e+000  5.3399753e-004
  4.8179090e+000  5.3124986e-004
  4.8224112e+000  5.2840997e-004
  4.8269135e+000  5.2549311e-004
  4.8314157e+000  5.2247148e-004
  4.8359180e+000  5.1933650e-004
  4.8404202e+000  5.1610148e-004
  4.8449225e+000  5.1277973e-004
  4.8494247e+000  5.0938046e-004
  4.8539270e+000  5.0587643e-004
  4.8584292e+000  5.0226915e-004
  4.8629315e+000  4.9857019e-004
  4.8674337e+000  4.9479113e-004
  4.8719360e+000  4.9093545e-004
  4.8764382e+000  4.8698002e-004
  4.8809405e+000  4.8293149e-004
  4.8854427e+000  4.7880033e-004
  4.8899450e+000  4.7459699e-004
  4.8944472e+000  4.7031916e-004
  4.8989495e+000  4.6595011e-004
  4.9034517e+000  4.6149869e-004
  4.9079540e+000  4.5697458e-004
  4.9124562e+000  4.5238746e-004
  4.9169585e+000  4.4772902e-004
  4.9214607e+000  4.4299052e-004
  4.9259630e+000  4.3818110e-004
  4.9304652e+000  4.3330987e-004
  4.9349675e+000  4.2838530e-004
  4.9394697e+000  4.2339486e-004
  4.9439720e+000  4.1833695e-004
  4.9484742e+000  4.1322031e-004
  4.9529765e+000  4.0805363e-004
  4.9574787e+000  4.0284318e-004
  4.9619810e+000  3.9757529e-004
  4.9664832e+000  3.9225309e-004
  4.9709855e+000  3.8688501e-004
  4.9754877e+000  3.8147946e-004
  4.9799900e+000  3.7603965e-004
  4.9844922e+000  3.7055310e-004
  4.9889945e+000  3.6502590e-004
  4.9934967e+000  3.5946625e-004
  4.9979990e+000  3.5388233e-004
  5.0025013e+000  3.4827351e-004
  5.0070035e+000  3.4263045e-004
  5.0115058e+000  3.3696073e-004
  5.0160080e+000  3.3127240e-004
  5.0205103e+000  3.2557350e-004
  5.0250125e+000  3.1985871e-004
  5.0295148e+000  3.1412352e-004
  5.0340170e+000  3.0837589e-004
  5.0385193e+000  3.0262376e-004
  5.0430215e+000  2.9687449e-004
  5.0475238e+000  2.9111896e-004
  5.0520260e+000  2.8535736e-004
  5.0565283e+000  2.7959758e-004
  5.0610305e+000  2.7384753e-004
  5.0655328e+000  2.6811282e-004
  5.0700350e+000  2.6238249e-004
  5.0745373e+000  2.5666023e-004
  5.0790395e+000  2.5095394e-004
  5.0835418e+000  2.4527152e-004
  5.0880440e+000  2.3961578e-004
  5.0925463e+000  2.3397579e-004
  5.0970485e+000  2.2835768e-004
  5.1015508e+000  2.2276939e-004
  5.1060530e+000  2.1721885e-004
  5.1105553e+000  2.1170485e-004
  5.1150575e+000  2.0621840e-004
  5.1195598e+000  2.0076715e-004
  5.1240620e+000  1.9535909e-004
  5.1285643e+000  1.9000221e-004
  5.1330665e+000  1.8468980e-004
  5.1375688e+000  1.7941708e-004
  5.1420710e+000  1.7419216e-004
  5.1465733e+000  1.6902316e-004
  5.1510755e+000  1.6391737e-004
  5.1555778e+000  1.5886306e-004
  5.1600800e+000  1.5386006e-004
  5.1645823e+000  1.4891663e-004
  5.1690845e+000  1.4404102e-004
  5.1735868e+000  1.3923848e-004
  5.1780890e+000  1.3449420e-004
  5.1825913e+000  1.2981178e-004
  5.1870935e+000  1.2519966e-004
  5.1915958e+000  1.2066627e-004
  5.1960980e+000  1.1621314e-004
  5.2006003e+000  1.1182462e-004
  5.2051026e+000  1.0750729e-004
  5.2096048e+000  1.0326978e-004
  5.2141071e+000  9.9120769e-005
  5.2186093e+000  9.5056017e-005
  5.2231116e+000  9.1061886e-005
  5.2276138e+000  8.7146872e-005
  5.2321161e+000  8.3319882e-005
  5.2366183e+000  7.9589765e-005
  5.2411206e+000  7.5944194e-005
  5.2456228e+000  7.2374955e-005
  5.2501251e+000  6.8891236e-005
  5.2546273e+000  6.5502226e-005
  5.2591296e+000  6.2215737e-005
  5.2636318e+000  5.9012095e-005
  5.2681341e+000  5.5889190e-005
  5.2726363e+000  5.2856528e-005
  5.2771386e+000  4.9923615e-005
  5.2816408e+000  4.7095151e-005
  5.2861431e+000  4.4346767e-005
  5.2906453e+000  4.1681674e-005
  5.2951476e+000  3.9109728e-005
  5.2996498e+000  3.6640784e-005
  5.3041521e+000  3.4273854e-005
  5.3086543e+000  3.1983345e-005
  5.3131566e+000  2.9776702e-005
  5.3176588e+000  2.7664166e-005
  5.3221611e+000  2.5655979e-005
  5.3266633e+000  2.3742318e-005
  5.3311656e+000  2.1900827e-005
  5.3356678e+000  2.0141679e-005
  5.3401701e+000  1.8475524e-005
  5.3446723e+000  1.6912864e-005
  5.3491746e+000  1.5431693e-005
  5.3536768e+000  1.4018041e-005
  5.3581791e+000  1.2682990e-005
  5.3626813e+000  1.1437622e-005
  5.3671836e+000  1.0290672e-005
  5.3716858e+000  9.2096844e-006
  5.3761881e+000  8.1897000e-006
  5.3806903e+000  7.2422416e-006
  5.3851926e+000  6.3788325e-006
  5.3896948e+000  5.6033373e-006
  5.3941971e+000  4.8771445e-006
  5.3986993e+000  4.2030074e-006
  5.4032016e+000  3.5928421e-006
  5.4077039e+000  3.0585645e-006
  5.4122061e+000  2.5956101e-006
  5.4167084e+000  2.1649689e-006
  5.4212106e+000  1.7749037e-006
  5.4257129e+000  1.4372783e-006
  5.4302151e+000  1.1639566e-006
  5.4347174e+000  9.3987920e-007
  5.4392196e+000  7.3360543e-007
  5.4437219e+000  5.5328797e-007
  5.4482241e+000  4.0752686e-007
  5.4527264e+000  3.0473271e-007
  5.4572286e+000  2.2476154e-007
  5.4617309e+000  1.5304332e-007
  5.4662331e+000  9.4549209e-008
  5.4707354e+000  5.4250383e-008
  5.4752376e+000  3.5981088e-008
  5.4797399e+000  2.4719474e-008
  5.4842421e+000  1.4921598e-008
  5.4887444e+000  7.3656758e-009
  5.4932466e+000  2.8299215e-009
  5.4977489e+000  1.5771069e-009
  5.5022511e+000  9.5483040e-010
  5.5067534e+000  4.7647973e-010
  5.5112556e+000  1.5630772e-010
  5.5157579e+000  8.5672365e-012
  5.5202601e+000  0.0000000e+000
  5.5247624e+000  0.0000000e+000
  5.5292646e+000  0.0000000e+000
  5.5337669e+000  0.0000000e+000
  5.5382691e+000  0.0000000e+000
  5.5427714e+000  0.0000000e+000
  5.5472736e+000  0.0000000e+000
  5.5517759e+000  0.0000000e+000
  5.5562781e+000  0.0000000e+000
  5.5607804e+000  0.0000000e+000
  5.5652826e+000  0.0000000e+000
  5.5697849e+000  0.0000000e+000
  5.5742871e+000  0.0000000e+000
  5.5787894e+000  0.0000000e+000
  5.5832916e+000  0.0000000e+000
  5.5877939e+000  0.0000000e+000
  5.5922961e+000  0.0000000e+000
  5.5967984e+000  0.0000000e+000
  5.6013007e+000  0.0000000e+000
  5.6058029e+000  0.0000000e+000
  5.6103052e+000  0.0000000e+000
  5.6148074e+000  0.0000000e+000
  5.6193097e+000  0.0000000e+000
  5.6238119e+000  0.0000000e+000
  5.6283142e+000  0.0000000e+000
  5.6328164e+000  0.0000000e+000
  5.6373187e+000  0.0000000e+000
  5.6418209e+000  0.0000000e+000
  5.6463232e+000  0.0000000e+000
  5.6508254e+000  0.0000000e+000
  5.6553277e+000  0.0000000e+000
  5.6598299e+000  0.0000000e+000
  5.6643322e+000  0.0000000e+000
  5.6688344e+000  0.0000000e+000
  5.6733367e+000  0.0000000e+000
  5.6778389e+000  0.0000000e+000
  5.6823412e+000  0.0000000e+000
  5.6868434e+000  0.0000000e+000
  5.6913457e+000  0.0000000e+000
  5.6958479e+000  0.0000000e+000
  5.7003502e+000  0.0000000e+000
  5.7048524e+000  0.0000000e+000
  5.7093547e+000  0.0000000e+000
  5.7138569e+000  0.0000000e+000
  5.7183592e+000  0.0000000e+000
  5.7228614e+000  0.0000000e+000
  5.7273637e+000  0.0000000e+000
  5.7318659e+000  0.0000000e+000
  5.7363682e+000  0.0000000e+000
  5.7408704e+000  0.0000000e+000
  5.7453727e+000  0.0000000e+000
  5.7498749e+000  0.0000000e+000
  5.7543772e+000  0.0000000e+000
  5.7588794e+000  0.0000000e+000
  5.7633817e+000  0.0000000e+000
  5.7678839e+000  0.0000000e+000
  5.7723862e+000  0.0000000e+000
  5.7768884e+000  0.0000000e+000
  5.7813907e+000  0.0000000e+000
  5.7858929e+000  0.0000000e+000
  5.7903952e+000  0.0000000e+000
  5.7948974e+000  0.0000000e+000
  5.7993997e+000  0.0000000e+000
  5.8039020e+000  0.0000000e+000
  5.8084042e+000  0.0000000e+000
  5.8129065e+000  0.0000000e+000
  5.8174087e+000  0.0000000e+000
  5.8219110e+000  0.0000000e+000
  5.8264132e+000  0.0000000e+000
  5.8309155e+000  0.0000000e+000
  5.8354177e+000  0.0000000e+000
  5.8399200e+000  0.0000000e+000
  5.8444222e+000  0.0000000e+000
  5.8489245e+000  0.0000000e+000
  5.8534267e+000  0.0000000e+000
  5.8579290e+000  0.0000000e+000
  5.8624312e+000  0.0000000e+000
  5.8669335e+000  0.0000000e+000
  5.8714357e+000  0.0000000e+000
  5.8759380e+000  0.0000000e+000
  5.8804402e+000  0.0000000e+000
  5.8849425e+000  0.0000000e+000
  5.8894447e+000  0.0000000e+000
  5.8939470e+000  0.0000000e+000
  5.8984492e+000  0.0000000e+000
  5.9029515e+000  0.0000000e+000
  5.9074537e+000  0.0000000e+000
  5.9119560e+000  0.0000000e+000
  5.9164582e+000  0.0000000e+000
  5.9209605e+000  0.0000000e+000
  5.9254627e+000  0.0000000e+000
  5.9299650e+000  0.0000000e+000
  5.9344672e+000  0.0000000e+000
  5.9389695e+000  0.0000000e+000
  5.9434717e+000  0.0000000e+000
  5.9479740e+000  0.0000000e+000
  5.9524762e+000  0.0000000e+000
  5.9569785e+000  0.0000000e+000
  5.9614807e+000  0.0000000e+000
  5.9659830e+000  0.0000000e+000
  5.9704852e+000  0.0000000e+000
  5.9749875e+000  0.0000000e+000
  5.9794897e+000  0.0000000e+000
  5.9839920e+000  0.0000000e+000
  5.9884942e+000  0.0000000e+000
  5.9929965e+000  0.0000000e+000
  5.9974987e+000  0.0000000e+000
  6.0020010e+000  0.0000000e+000
  6.0065033e+000  0.0000000e+000
  6.0110055e+000  0.0000000e+000
  6.0155078e+000  0.0000000e+000
  6.0200100e+000  0.0000000e+000
  6.0245123e+000  0.0000000e+000
  6.0290145e+000  0.0000000e+000
  6.0335168e+000  0.0000000e+000
  6.0380190e+000  0.0000000e+000
  6.0425213e+000  0.0000000e+000
  6.0470235e+000  0.0000000e+000
  6.0515258e+000  0.0000000e+000
  6.0560280e+000  0.0000000e+000
  6.0605303e+000  0.0000000e+000
  6.0650325e+000  0.0000000e+000
  6.0695348e+000  0.0000000e+000
  6.0740370e+000  0.0000000e+000
  6.0785393e+000  0.0000000e+000
  6.0830415e+000  0.0000000e+000
  6.0875438e+000  0.0000000e+000
  6.0920460e+000  0.0000000e+000
  6.0965483e+000  0.0000000e+000
  6.1010505e+000  0.0000000e+000
  6.1055528e+000  0.0000000e+000
  6.1100550e+000  0.0000000e+000
  6.1145573e+000  0.0000000e+000
  6.1190595e+000  0.0000000e+000
  6.1235618e+000  0.0000000e+000
  6.1280640e+000  0.0000000e+000
  6.1325663e+000  0.0000000e+000
  6.1370685e+000  0.0000000e+000
  6.1415708e+000  0.0000000e+000
  6.1460730e+000  0.0000000e+000
  6.1505753e+000  0.0000000e+000
  6.1550775e+000  0.0000000e+000
  6.1595798e+000  0.0000000e+000
  6.1640820e+000  0.0000000e+000
  6.1685843e+000  0.0000000e+000
  6.1730865e+000  0.0000000e+000
  6.1775888e+000  0.0000000e+000
  6.1820910e+000  0.0000000e+000
  6.1865933e+000  0.0000000e+000
  6.1910955e+000  0.0000000e+000
  6.1955978e+000  0.0000000e+000
  6.2001001e+000  0.0000000e+000
  6.2046023e+000  0.0000000e+000
  6.2091046e+000  0.0000000e+000
  6.2136068e+000  0.0000000e+000
  6.2181091e+000  0.0000000e+000
  6.2226113e+000  0.0000000e+000
  6.2271136e+000  0.0000000e+000
  6.2316158e+000  0.0000000e+000
  6.2361181e+000  0.0000000e+000
  6.2406203e+000  0.0000000e+000
  6.2451226e+000  0.0000000e+000
  6.2496248e+000  0.0000000e+000
  6.2541271e+000  0.0000000e+000
  6.2586293e+000  0.0000000e+000
  6.2631316e+000  0.0000000e+000
  6.2676338e+000  0.0000000e+000
  6.2721361e+000  0.0000000e+000
  6.2766383e+000  0.0000000e+000
  6.2811406e+000  0.0000000e+000
  6.2856428e+000  0.0000000e+000
  6.2901451e+000  0.0000000e+000
  6.2946473e+000  0.0000000e+000
  6.2991496e+000  0.0000000e+000
  6.3036518e+000  0.0000000e+000
  6.3081541e+000  0.0000000e+000
  6.3126563e+000  0.0000000e+000
  6.3171586e+000  0.0000000e+000
  6.3216608e+000  0.0000000e+000
  6.3261631e+000  0.0000000e+000
  6.3306653e+000  0.0000000e+000
  6.3351676e+000  0.0000000e+000
  6.3396698e+000  0.0000000e+000
  6.3441721e+000  0.0000000e+000
  6.3486743e+000  0.0000000e+000
  6.3531766e+000  0.0000000e+000
  6.3576788e+000  0.0000000e+000
  6.3621811e+000  0.0000000e+000
  6.3666833e+000  0.0000000e+000
  6.3711856e+000  0.0000000e+000
  6.3756878e+000  0.0000000e+000
  6.3801901e+000  0.0000000e+000
  6.3846923e+000  0.0000000e+000
  6.3891946e+000  0.0000000e+000
  6.3936968e+000  0.0000000e+000
  6.3981991e+000  0.0000000e+000
  6.4027014e+000  0.0000000e+000
  6.4072036e+000  0.0000000e+000
  6.4117059e+000  0.0000000e+000
  6.4162081e+000  0.0000000e+000
  6.4207104e+000  0.0000000e+000
  6.4252126e+000  0.0000000e+000
  6.4297149e+000  0.0000000e+000
  6.4342171e+000  0.0000000e+000
  6.4387194e+000  0.0000000e+000
  6.4432216e+000  0.0000000e+000
  6.4477239e+000  0.0000000e+000
  6.4522261e+000  0.0000000e+000
  6.4567284e+000  0.0000000e+000
  6.4612306e+000  0.0000000e+000
  6.4657329e+000  0.0000000e+000
  6.4702351e+000  0.0000000e+000
  6.4747374e+000  0.0000000e+000
  6.4792396e+000  0.0000000e+000
  6.4837419e+000  0.0000000e+000
  6.4882441e+000  0.0000000e+000
  6.4927464e+000  0.0000000e+000
  6.4972486e+000  0.0000000e+000
  6.5017509e+000  0.0000000e+000
  6.5062531e+000  0.0000000e+000
  6.5107554e+000  0.0000000e+000
  6.5152576e+000  0.0000000e+000
  6.5197599e+000  0.0000000e+000
  6.5242621e+000  0.0000000e+000
  6.5287644e+000  0.0000000e+000
  6.5332666e+000  0.0000000e+000
  6.5377689e+000  0.0000000e+000
  6.5422711e+000  0.0000000e+000
  6.5467734e+000  0.0000000e+000
  6.5512756e+000  0.0000000e+000
  6.5557779e+000  0.0000000e+000
  6.5602801e+000  0.0000000e+000
  6.5647824e+000  0.0000000e+000
  6.5692846e+000  0.0000000e+000
  6.5737869e+000  0.0000000e+000
  6.5782891e+000  0.0000000e+000
  6.5827914e+000  0.0000000e+000
  6.5872936e+000  0.0000000e+000
  6.5917959e+000  0.0000000e+000
  6.5962981e+000  0.0000000e+000
  6.6008004e+000  0.0000000e+000
  6.6053027e+000  0.0000000e+000
  6.6098049e+000  0.0000000e+000
  6.6143072e+000  0.0000000e+000
  6.6188094e+000  0.0000000e+000
  6.6233117e+000  0.0000000e+000
  6.6278139e+000  0.0000000e+000
  6.6323162e+000  0.0000000e+000
  6.6368184e+000  0.0000000e+000
  6.6413207e+000  0.0000000e+000
  6.6458229e+000  0.0000000e+000
  6.6503252e+000  0.0000000e+000
  6.6548274e+000  0.0000000e+000
  6.6593297e+000  0.0000000e+000
  6.6638319e+000  0.0000000e+000
  6.6683342e+000  0.0000000e+000
  6.6728364e+000  0.0000000e+000
  6.6773387e+000  0.0000000e+000
  6.6818409e+000  0.0000000e+000
  6.6863432e+000  0.0000000e+000
  6.6908454e+000  0.0000000e+000
  6.6953477e+000  0.0000000e+000
  6.6998499e+000  0.0000000e+000
  6.7043522e+000  0.0000000e+000
  6.7088544e+000  0.0000000e+000
  6.7133567e+000  0.0000000e+000
  6.7178589e+000  0.0000000e+000
  6.7223612e+000  0.0000000e+000
  6.7268634e+000  0.0000000e+000
  6.7313657e+000  0.0000000e+000
  6.7358679e+000  0.0000000e+000
  6.7403702e+000  0.0000000e+000
  6.7448724e+000  0.0000000e+000
  6.7493747e+000  0.0000000e+000
  6.7538769e+000  0.0000000e+000
  6.7583792e+000  0.0000000e+000
  6.7628814e+000  0.0000000e+000
  6.7673837e+000  0.0000000e+000
  6.7718859e+000  0.0000000e+000
  6.7763882e+000  0.0000000e+000
  6.7808904e+000  0.0000000e+000
  6.7853927e+000  0.0000000e+000
  6.7898949e+000  0.0000000e+000
  6.7943972e+000  0.0000000e+000
  6.7988994e+000  0.0000000e+000
  6.8034017e+000  0.0000000e+000
  6.8079040e+000  0.0000000e+000
  6.8124062e+000  0.0000000e+000
  6.8169085e+000  0.0000000e+000
  6.8214107e+000  0.0000000e+000
  6.8259130e+000  0.0000000e+000
  6.8304152e+000  0.0000000e+000
  6.8349175e+000  0.0000000e+000
  6.8394197e+000  0.0000000e+000
  6.8439220e+000  0.0000000e+000
  6.8484242e+000  0.0000000e+000
  6.8529265e+000  0.0000000e+000
  6.8574287e+000  0.0000000e+000
  6.8619310e+000  0.0000000e+000
  6.8664332e+000  0.0000000e+000
  6.8709355e+000  0.0000000e+000
  6.8754377e+000  0.0000000e+000
  6.8799400e+000  0.0000000e+000
  6.8844422e+000  0.0000000e+000
  6.8889445e+000  0.0000000e+000
  6.8934467e+000  0.0000000e+000
  6.8979490e+000  0.0000000e+000
  6.9024512e+000  0.0000000e+000
  6.9069535e+000  0.0000000e+000
  6.9114557e+000  0.0000000e+000
  6.9159580e+000  0.0000000e+000
  6.9204602e+000  0.0000000e+000
  6.9249625e+000  0.0000000e+000
  6.9294647e+000  0.0000000e+000
  6.9339670e+000  0.0000000e+000
  6.9384692e+000  0.0000000e+000
  6.9429715e+000  0.0000000e+000
  6.9474737e+000  0.0000000e+000
  6.9519760e+000  0.0000000e+000
  6.9564782e+000  0.0000000e+000
  6.9609805e+000  0.0000000e+000
  6.9654827e+000  0.0000000e+000
  6.9699850e+000  0.0000000e+000
  6.9744872e+000  0.0000000e+000
  6.9789895e+000  0.0000000e+000
  6.9834917e+000  0.0000000e+000
  6.9879940e+000  0.0000000e+000
  6.9924962e+000  0.0000000e+000
  6.9969985e+000  0.0000000e+000
  7.0015008e+000  0.0000000e+000
  7.0060030e+000  0.0000000e+000
  7.0105053e+000  0.0000000e+000
  7.0150075e+000  0.0000000e+000
  7.0195098e+000  0.0000000e+000
  7.0240120e+000  0.0000000e+000
  7.0285143e+000  0.0000000e+000
  7.0330165e+000  0.0000000e+000
  7.0375188e+000  0.0000000e+000
  7.0420210e+000  0.0000000e+000
  7.0465233e+000  0.0000000e+000
  7.0510255e+000  0.0000000e+000
  7.0555278e+000  0.0000000e+000
  7.0600300e+000  0.0000000e+000
  7.0645323e+000  0.0000000e+000
  7.0690345e+000  0.0000000e+000
  7.0735368e+000  0.0000000e+000
  7.0780390e+000  0.0000000e+000
  7.0825413e+000  0.0000000e+000
  7.0870435e+000  0.0000000e+000
  7.0915458e+000  0.0000000e+000
  7.0960480e+000  0.0000000e+000
  7.1005503e+000  0.0000000e+000
  7.1050525e+000  0.0000000e+000
  7.1095548e+000  0.0000000e+000
  7.1140570e+000  0.0000000e+000
  7.1185593e+000  0.0000000e+000
  7.1230615e+000  0.0000000e+000
  7.1275638e+000  0.0000000e+000
  7.1320660e+000  0.0000000e+000
  7.1365683e+000  0.0000000e+000
  7.1410705e+000  0.0000000e+000
  7.1455728e+000  0.0000000e+000
  7.1500750e+000  0.0000000e+000
  7.1545773e+000  0.0000000e+000
  7.1590795e+000  0.0000000e+000
  7.1635818e+000  0.0000000e+000
  7.1680840e+000  0.0000000e+000
  7.1725863e+000  0.0000000e+000
  7.1770885e+000  0.0000000e+000
  7.1815908e+000  0.0000000e+000
  7.1860930e+000  0.0000000e+000
  7.1905953e+000  0.0000000e+000
  7.1950975e+000  0.0000000e+000
  7.1995998e+000  0.0000000e+000
  7.2041021e+000  0.0000000e+000
  7.2086043e+000  0.0000000e+000
  7.2131066e+000  0.0000000e+000
  7.2176088e+000  0.0000000e+000
  7.2221111e+000  0.0000000e+000
  7.2266133e+000  0.0000000e+000
  7.2311156e+000  0.0000000e+000
  7.2356178e+000  0.0000000e+000
  7.2401201e+000  0.0000000e+000
  7.2446223e+000  0.0000000e+000
  7.2491246e+000  0.0000000e+000
  7.2536268e+000  0.0000000e+000
  7.2581291e+000  0.0000000e+000
  7.2626313e+000  0.0000000e+000
  7.2671336e+000  0.0000000e+000
  7.2716358e+000  0.0000000e+000
  7.2761381e+000  0.0000000e+000
  7.2806403e+000  0.0000000e+000
  7.2851426e+000  0.0000000e+000
  7.2896448e+000  0.0000000e+000
  7.2941471e+000  0.0000000e+000
  7.2986493e+000  0.0000000e+000
  7.3031516e+000  0.0000000e+000
  7.3076538e+000  0.0000000e+000
  7.3121561e+000  0.0000000e+000
  7.3166583e+000  0.0000000e+000
  7.3211606e+000  0.0000000e+000
  7.3256628e+000  0.0000000e+000
  7.3301651e+000  0.0000000e+000
  7.3346673e+000  0.0000000e+000
  7.3391696e+000  0.0000000e+000
  7.3436718e+000  0.0000000e+000
  7.3481741e+000  0.0000000e+000
  7.3526763e+000  0.0000000e+000
  7.3571786e+000  0.0000000e+000
  7.3616808e+000  0.0000000e+000
  7.3661831e+000  0.0000000e+000
  7.3706853e+000  0.0000000e+000
  7.3751876e+000  0.0000000e+000
  7.3796898e+000  0.0000000e+000
  7.3841921e+000  0.0000000e+000
  7.3886943e+000  0.0000000e+000
  7.3931966e+000  0.0000000e+000
  7.3976988e+000  0.0000000e+000
  7.4022011e+000  0.0000000e+000
  7.4067034e+000  0.0000000e+000
  7.4112056e+000  0.0000000e+000
  7.4157079e+000  0.0000000e+000
  7.4202101e+000  0.0000000e+000
  7.4247124e+000  0.0000000e+000
  7.4292146e+000  0.0000000e+000
  7.4337169e+000  0.0000000e+000
  7.4382191e+000  0.0000000e+000
  7.4427214e+000  0.0000000e+000
  7.4472236e+000  0.0000000e+000
  7.4517259e+000  0.0000000e+000
  7.4562281e+000  0.0000000e+000
  7.4607304e+000  0.0000000e+000
  7.4652326e+000  0.0000000e+000
  7.4697349e+000  0.0000000e+000
  7.4742371e+000  0.0000000e+000
  7.4787394e+000  0.0000000e+000
  7.4832416e+000  0.0000000e+000
  7.4877439e+000  0.0000000e+000
  7.4922461e+000  0.0000000e+000
  7.4967484e+000  0.0000000e+000
  7.5012506e+000  0.0000000e+000
  7.5057529e+000  0.0000000e+000
  7.5102551e+000  0.0000000e+000
  7.5147574e+000  0.0000000e+000
  7.5192596e+000  0.0000000e+000
  7.5237619e+000  0.0000000e+000
  7.5282641e+000  0.0000000e+000
  7.5327664e+000  0.0000000e+000
  7.5372686e+000  0.0000000e+000
  7.5417709e+000  0.0000000e+000
  7.5462731e+000  0.0000000e+000
  7.5507754e+000  1.4379535e-010
  7.5552776e+000  6.4515687e-010
  7.5597799e+000  1.4237447e-009
  7.5642821e+000  2.3932922e-009
  7.5687844e+000  3.4686877e-009
  7.5732866e+000  5.3246855e-009
  7.5777889e+000  8.3909016e-009
  7.5822911e+000  1.2383491e-008
  7.5867934e+000  1.7018610e-008
  7.5912956e+000  2.2098724e-008
  7.5957979e+000  2.9270939e-008
  7.6003002e+000  3.8851787e-008
  7.6048024e+000  5.0295911e-008
  7.6093047e+000  6.3057956e-008
  7.6138069e+000  7.7021383e-008
  7.6183092e+000  9.4773995e-008
  7.6228114e+000  1.1621421e-007
  7.6273137e+000  1.4057076e-007
  7.6318159e+000  1.6707241e-007
  7.6363182e+000  1.9603172e-007
  7.6408204e+000  2.3034616e-007
  7.6453227e+000  2.6942705e-007
  7.6498249e+000  3.1236939e-007
  7.6543272e+000  3.5826817e-007
  7.6588294e+000  4.0859486e-007
  7.6633317e+000  4.6633919e-007
  7.6678339e+000  5.3035483e-007
  7.6723362e+000  5.9942475e-007
  7.6768384e+000  6.7234402e-007
  7.6813407e+000  7.5195055e-007
  7.6858429e+000  8.4019188e-007
  7.6903452e+000  9.3572798e-007
  7.6948474e+000  1.0372189e-006
  7.6993497e+000  1.1435592e-006
  7.7038519e+000  1.2582062e-006
  7.7083542e+000  1.3817770e-006
  7.7128564e+000  1.5130144e-006
  7.7173587e+000  1.6506613e-006
  7.7218609e+000  1.7941219e-006
  7.7263632e+000  1.9467574e-006
  7.7308654e+000  2.1082689e-006
  7.7353677e+000  2.2774826e-006
  7.7398699e+000  2.4532249e-006
  7.7443722e+000  2.6355336e-006
  7.7488744e+000  2.8271887e-006
  7.7533767e+000  3.0273922e-006
  7.7578789e+000  3.2350487e-006
  7.7623812e+000  3.4490627e-006
  7.7668834e+000  3.6701626e-006
  7.7713857e+000  3.9002321e-006
  7.7758879e+000  4.1382885e-006
  7.7803902e+000  4.3833093e-006
  7.7848924e+000  4.6342844e-006
  7.7893947e+000  4.8926085e-006
  7.7938969e+000  5.1591222e-006
  7.7983992e+000  5.4328715e-006
  7.8029015e+000  5.7129025e-006
  7.8074037e+000  5.9984062e-006
  7.8119060e+000  6.2910610e-006
  7.8164082e+000  6.5909429e-006
  7.8209105e+000  6.8971643e-006
  7.8254127e+000  7.2088378e-006
  7.8299150e+000  7.5254591e-006
  7.8344172e+000  7.8486338e-006
  7.8389195e+000  8.1779772e-006
  7.8434217e+000  8.5126662e-006
  7.8479240e+000  8.8518776e-006
  7.8524262e+000  9.1954731e-006
  7.8569285e+000  9.5447416e-006
  7.8614307e+000  9.8990680e-006
  7.8659330e+000  1.0257695e-005
  7.8704352e+000  1.0619864e-005
  7.8749375e+000  1.0985832e-005
  7.8794397e+000  1.1356415e-005
  7.8839420e+000  1.1730939e-005
  7.8884442e+000  1.2108715e-005
  7.8929465e+000  1.2489066e-005
  7.8974487e+000  1.2872611e-005
  7.9019510e+000  1.3259637e-005
  7.9064532e+000  1.3649530e-005
  7.9109555e+000  1.4041678e-005
  7.9154577e+000  1.4435552e-005
  7.9199600e+000  1.4831907e-005
  7.9244622e+000  1.5230677e-005
  7.9289645e+000  1.5631334e-005
  7.9334667e+000  1.6033350e-005
  7.9379690e+000  1.6436394e-005
  7.9424712e+000  1.6841153e-005
  7.9469735e+000  1.7247391e-005
  7.9514757e+000  1.7654682e-005
  7.9559780e+000  1.8062598e-005
  7.9604802e+000  1.8471011e-005
  7.9649825e+000  1.8880411e-005
  7.9694847e+000  1.9290540e-005
  7.9739870e+000  1.9701088e-005
  7.9784892e+000  2.0111748e-005
  7.9829915e+000  2.0522452e-005
  7.9874937e+000  2.0933422e-005
  7.9919960e+000  2.1344660e-005
  7.9964982e+000  2.1756166e-005
  8.0010005e+000  0.0000000e+000
  8.0055028e+000  0.0000000e+000
  8.0100050e+000  0.0000000e+000
  8.0145073e+000  0.0000000e+000
  8.0190095e+000  0.0000000e+000
  8.0235118e+000  0.0000000e+000
  8.0280140e+000  0.0000000e+000
  8.0325163e+000  0.0000000e+000
  8.0370185e+000  0.0000000e+000
  8.0415208e+000  0.0000000e+000
  8.0460230e+000  0.0000000e+000
  8.0505253e+000  0.0000000e+000
  8.0550275e+000  0.0000000e+000
  8.0595298e+000  0.0000000e+000
  8.0640320e+000  0.0000000e+000
  8.0685343e+000  0.0000000e+000
  8.0730365e+000  0.0000000e+000
  8.0775388e+000  0.0000000e+000
  8.0820410e+000  0.0000000e+000
  8.0865433e+000  0.0000000e+000
  8.0910455e+000  0.0000000e+000
  8.0955478e+000  0.0000000e+000
  8.1000500e+000  0.0000000e+000
  8.1045523e+000  0.0000000e+000
  8.1090545e+000  0.0000000e+000
  8.1135568e+000  0.0000000e+000
  8.1180590e+000  0.0000000e+000
  8.1225613e+000  0.0000000e+000
  8.1270635e+000  0.0000000e+000
  8.1315658e+000  0.0000000e+000
  8.1360680e+000  0.0000000e+000
  8.1405703e+000  0.0000000e+000
  8.1450725e+000  0.0000000e+000
  8.1495748e+000  0.0000000e+000
  8.1540770e+000  0.0000000e+000
  8.1585793e+000  0.0000000e+000
  8.1630815e+000  0.0000000e+000
  8.1675838e+000  0.0000000e+000
  8.1720860e+000  0.0000000e+000
  8.1765883e+000  0.0000000e+000
  8.1810905e+000  0.0000000e+000
  8.1855928e+000  0.0000000e+000
  8.1900950e+000  0.0000000e+000
  8.1945973e+000  0.0000000e+000
  8.1990995e+000  0.0000000e+000
  8.2036018e+000  0.0000000e+000
  8.2081041e+000  0.0000000e+000
  8.2126063e+000  0.0000000e+000
  8.2171086e+000  0.0000000e+000
  8.2216108e+000  0.0000000e+000
  8.2261131e+000  0.0000000e+000
  8.2306153e+000  0.0000000e+000
  8.2351176e+000  0.0000000e+000
  8.2396198e+000  0.0000000e+000
  8.2441221e+000  0.0000000e+000
  8.2486243e+000  0.0000000e+000
  8.2531266e+000  0.0000000e+000
  8.2576288e+000  0.0000000e+000
  8.2621311e+000  0.0000000e+000
  8.2666333e+000  0.0000000e+000
  8.2711356e+000  0.0000000e+000
  8.2756378e+000  0.0000000e+000
  8.2801401e+000  0.0000000e+000
  8.2846423e+000  0.0000000e+000
  8.2891446e+000  0.0000000e+000
  8.2936468e+000  0.0000000e+000
  8.2981491e+000  0.0000000e+000
  8.3026513e+000  0.0000000e+000
  8.3071536e+000  0.0000000e+000
  8.3116558e+000  0.0000000e+000
  8.3161581e+000  0.0000000e+000
  8.3206603e+000  0.0000000e+000
  8.3251626e+000  0.0000000e+000
  8.3296648e+000  0.0000000e+000
  8.3341671e+000  0.0000000e+000
  8.3386693e+000  0.0000000e+000
  8.3431716e+000  0.0000000e+000
  8.3476738e+000  0.0000000e+000
  8.3521761e+000  0.0000000e+000
  8.3566783e+000  0.0000000e+000
  8.3611806e+000  0.0000000e+000
  8.3656828e+000  0.0000000e+000
  8.3701851e+000  0.0000000e+000
  8.3746873e+000  0.0000000e+000
  8.3791896e+000  0.0000000e+000
  8.3836918e+000  0.0000000e+000
  8.3881941e+000  0.0000000e+000
  8.3926963e+000  0.0000000e+000
  8.3971986e+000  0.0000000e+000
  8.4017009e+000  0.0000000e+000
  8.4062031e+000  0.0000000e+000
  8.4107054e+000  0.0000000e+000
  8.4152076e+000  0.0000000e+000
  8.4197099e+000  0.0000000e+000
  8.4242121e+000  0.0000000e+000
  8.4287144e+000  0.0000000e+000
  8.4332166e+000  0.0000000e+000
  8.4377189e+000  0.0000000e+000
  8.4422211e+000  0.0000000e+000
  8.4467234e+000  0.0000000e+000
  8.4512256e+000  0.0000000e+000
  8.4557279e+000  0.0000000e+000
  8.4602301e+000  0.0000000e+000
  8.4647324e+000  0.0000000e+000
  8.4692346e+000  0.0000000e+000
  8.4737369e+000  0.0000000e+000
  8.4782391e+000  0.0000000e+000
  8.4827414e+000  0.0000000e+000
  8.4872436e+000  0.0000000e+000
  8.4917459e+000  0.0000000e+000
  8.4962481e+000  0.0000000e+000
  8.5007504e+000  0.0000000e+000
  8.5052526e+000  0.0000000e+000
  8.5097549e+000  0.0000000e+000
  8.5142571e+000  0.0000000e+000
  8.5187594e+000  0.0000000e+000
  8.5232616e+000  0.0000000e+000
  8.5277639e+000  0.0000000e+000
  8.5322661e+000  0.0000000e+000
  8.5367684e+000  0.0000000e+000
  8.5412706e+000  0.0000000e+000
  8.5457729e+000  0.0000000e+000
  8.5502751e+000  0.0000000e+000
  8.5547774e+000  0.0000000e+000
  8.5592796e+000  0.0000000e+000
  8.5637819e+000  0.0000000e+000
  8.5682841e+000  0.0000000e+000
  8.5727864e+000  0.0000000e+000
  8.5772886e+000  0.0000000e+000
  8.5817909e+000  0.0000000e+000
  8.5862931e+000  0.0000000e+000
  8.5907954e+000  0.0000000e+000
  8.5952976e+000  0.0000000e+000
  8.5997999e+000  0.0000000e+000
  8.6043022e+000  0.0000000e+000
  8.6088044e+000  0.0000000e+000
  8.6133067e+000  0.0000000e+000
  8.6178089e+000  0.0000000e+000
  8.6223112e+000  0.0000000e+000
  8.6268134e+000  0.0000000e+000
  8.6313157e+000  0.0000000e+000
  8.6358179e+000  0.0000000e+000
  8.6403202e+000  0.0000000e+000
  8.6448224e+000  0.0000000e+000
  8.6493247e+000  0.0000000e+000
  8.6538269e+000  0.0000000e+000
  8.6583292e+000  0.0000000e+000
  8.6628314e+000  0.0000000e+000
  8.6673337e+000  0.0000000e+000
  8.6718359e+000  0.0000000e+000
  8.6763382e+000  0.0000000e+000
  8.6808404e+000  0.0000000e+000
  8.6853427e+000  0.0000000e+000
  8.6898449e+000  0.0000000e+000
  8.6943472e+000  0.0000000e+000
  8.6988494e+000  0.0000000e+000
  8.7033517e+000  0.0000000e+000
  8.7078539e+000  0.0000000e+000
  8.7123562e+000  0.0000000e+000
  8.7168584e+000  0.0000000e+000
  8.7213607e+000  0.0000000e+000
  8.7258629e+000  0.0000000e+000
  8.7303652e+000  0.0000000e+000
  8.7348674e+000  0.0000000e+000
  8.7393697e+000  0.0000000e+000
  8.7438719e+000  0.0000000e+000
  8.7483742e+000  0.0000000e+000
  8.7528764e+000  0.0000000e+000
  8.7573787e+000  0.0000000e+000
  8.7618809e+000  0.0000000e+000
  8.7663832e+000  0.0000000e+000
  8.7708854e+000  0.0000000e+000
  8.7753877e+000  0.0000000e+000
  8.7798899e+000  0.0000000e+000
  8.7843922e+000  0.0000000e+000
  8.7888944e+000  0.0000000e+000
  8.7933967e+000  0.0000000e+000
  8.7978989e+000  0.0000000e+000
  8.8024012e+000  0.0000000e+000
  8.8069035e+000  0.0000000e+000
  8.8114057e+000  0.0000000e+000
  8.8159080e+000  0.0000000e+000
  8.8204102e+000  0.0000000e+000
  8.8249125e+000  0.0000000e+000
  8.8294147e+000  0.0000000e+000
  8.8339170e+000  0.0000000e+000
  8.8384192e+000  0.0000000e+000
  8.8429215e+000  0.0000000e+000
  8.8474237e+000  0.0000000e+000
  8.8519260e+000  0.0000000e+000
  8.8564282e+000  0.0000000e+000
  8.8609305e+000  0.0000000e+000
  8.8654327e+000  0.0000000e+000
  8.8699350e+000  0.0000000e+000
  8.8744372e+000  0.0000000e+000
  8.8789395e+000  0.0000000e+000
  8.8834417e+000  0.0000000e+000
  8.8879440e+000  0.0000000e+000
  8.8924462e+000  0.0000000e+000
  8.8969485e+000  0.0000000e+000
  8.9014507e+000  0.0000000e+000
  8.9059530e+000  0.0000000e+000
  8.9104552e+000  0.0000000e+000
  8.9149575e+000  0.0000000e+000
  8.9194597e+000  0.0000000e+000
  8.9239620e+000  0.0000000e+000
  8.9284642e+000  0.0000000e+000
  8.9329665e+000  0.0000000e+000
  8.9374687e+000  0.0000000e+000
  8.9419710e+000  0.0000000e+000
  8.9464732e+000  0.0000000e+000
  8.9509755e+000  0.0000000e+000
  8.9554777e+000  0.0000000e+000
  8.9599800e+000  0.0000000e+000
  8.9644822e+000  0.0000000e+000
  8.9689845e+000  0.0000000e+000
  8.9734867e+000  0.0000000e+000
  8.9779890e+000  0.0000000e+000
  8.9824912e+000  0.0000000e+000
  8.9869935e+000  0.0000000e+000
  8.9914957e+000  0.0000000e+000
  8.9959980e+000  0.0000000e+000
  9.0005003e+000  0.0000000e+000
  9.0050025e+000  0.0000000e+000
  9.0095048e+000  0.0000000e+000
  9.0140070e+000  0.0000000e+000
  9.0185093e+000  0.0000000e+000
  9.0230115e+000  0.0000000e+000
  9.0275138e+000  0.0000000e+000
  9.0320160e+000  0.0000000e+000
  9.0365183e+000  0.0000000e+000
  9.0410205e+000  0.0000000e+000
  9.0455228e+000  0.0000000e+000
  9.0500250e+000  0.0000000e+000
  9.0545273e+000  0.0000000e+000
  9.0590295e+000  0.0000000e+000
  9.0635318e+000  0.0000000e+000
  9.0680340e+000  0.0000000e+000
  9.0725363e+000  0.0000000e+000
  9.0770385e+000  0.0000000e+000
  9.0815408e+000  0.0000000e+000
  9.0860430e+000  0.0000000e+000
  9.0905453e+000  0.0000000e+000
  9.0950475e+000  0.0000000e+000
  9.0995498e+000  0.0000000e+000
  9.1040520e+000  0.0000000e+000
  9.1085543e+000  0.0000000e+000
  9.1130565e+000  0.0000000e+000
  9.1175588e+000  0.0000000e+000
  9.1220610e+000  0.0000000e+000
  9.1265633e+000  0.0000000e+000
  9.1310655e+000  0.0000000e+000
  9.1355678e+000  0.0000000e+000
  9.1400700e+000  0.0000000e+000
  9.1445723e+000  0.0000000e+000
  9.1490745e+000  0.0000000e+000
  9.1535768e+000  0.0000000e+000
  9.1580790e+000  0.0000000e+000
  9.1625813e+000  0.0000000e+000
  9.1670835e+000  0.0000000e+000
  9.1715858e+000  0.0000000e+000
  9.1760880e+000  0.0000000e+000
  9.1805903e+000  0.0000000e+000
  9.1850925e+000  0.0000000e+000
  9.1895948e+000  0.0000000e+000
  9.1940970e+000  0.0000000e+000
  9.1985993e+000  0.0000000e+000
  9.2031016e+000  0.0000000e+000
  9.2076038e+000  0.0000000e+000
  9.2121061e+000  0.0000000e+000
  9.2166083e+000  0.0000000e+000
  9.2211106e+000  0.0000000e+000
  9.2256128e+000  0.0000000e+000
  9.2301151e+000  0.0000000e+000
  9.2346173e+000  0.0000000e+000
  9.2391196e+000  0.0000000e+000
  9.2436218e+000  0.0000000e+000
  9.2481241e+000  0.0000000e+000
  9.2526263e+000  0.0000000e+000
  9.2571286e+000  0.0000000e+000
  9.2616308e+000  0.0000000e+000
  9.2661331e+000  0.0000000e+000
  9.2706353e+000  0.0000000e+000
  9.2751376e+000  0.0000000e+000
  9.2796398e+000  0.0000000e+000
  9.2841421e+000  0.0000000e+000
  9.2886443e+000  0.0000000e+000
  9.2931466e+000  0.0000000e+000
  9.2976488e+000  0.0000000e+000
  9.3021511e+000  0.0000000e+000
  9.3066533e+000  0.0000000e+000
  9.3111556e+000  0.0000000e+000
  9.3156578e+000  0.0000000e+000
  9.3201601e+000  0.0000000e+000
  9.3246623e+000  0.0000000e+000
  9.3291646e+000  0.0000000e+000
  9.3336668e+000  0.0000000e+000
  9.3381691e+000  0.0000000e+000
  9.3426713e+000  0.0000000e+000
  9.3471736e+000  0.0000000e+000
  9.3516758e+000  0.0000000e+000
  9.3561781e+000  0.0000000e+000
  9.3606803e+000  0.0000000e+000
  9.3651826e+000  0.0000000e+000
  9.3696848e+000  0.0000000e+000
  9.3741871e+000  0.0000000e+000
  9.3786893e+000  0.0000000e+000
  9.3831916e+000  0.0000000e+000
  9.3876938e+000  0.0000000e+000
  9.3921961e+000  0.0000000e+000
  9.3966983e+000  0.0000000e+000
  9.4012006e+000  0.0000000e+000
  9.4057029e+000  0.0000000e+000
  9.4102051e+000  0.0000000e+000
  9.4147074e+000  0.0000000e+000
  9.4192096e+000  0.0000000e+000
  9.4237119e+000  0.0000000e+000
  9.4282141e+000  0.0000000e+000
  9.4327164e+000  0.0000000e+000
  9.4372186e+000  0.0000000e+000
  9.4417209e+000  0.0000000e+000
  9.4462231e+000  0.0000000e+000
  9.4507254e+000  0.0000000e+000
  9.4552276e+000  0.0000000e+000
  9.4597299e+000  0.0000000e+000
  9.4642321e+000  0.0000000e+000
  9.4687344e+000  0.0000000e+000
  9.4732366e+000  0.0000000e+000
  9.4777389e+000  0.0000000e+000
  9.4822411e+000  0.0000000e+000
  9.4867434e+000  0.0000000e+000
  9.4912456e+000  0.0000000e+000
  9.4957479e+000  0.0000000e+000
  9.5002501e+000  0.0000000e+000
  9.5047524e+000  0.0000000e+000
  9.5092546e+000  0.0000000e+000
  9.5137569e+000  0.0000000e+000
  9.5182591e+000  0.0000000e+000
  9.5227614e+000  0.0000000e+000
  9.5272636e+000  0.0000000e+000
  9.5317659e+000  0.0000000e+000
  9.5362681e+000  0.0000000e+000
  9.5407704e+000  0.0000000e+000
  9.5452726e+000  0.0000000e+000
  9.5497749e+000  0.0000000e+000
  9.5542771e+000  0.0000000e+000
  9.5587794e+000  0.0000000e+000
  9.5632816e+000  0.0000000e+000
  9.5677839e+000  0.0000000e+000
  9.5722861e+000  0.0000000e+000
  9.5767884e+000  0.0000000e+000
  9.5812906e+000  0.0000000e+000
  9.5857929e+000  0.0000000e+000
  9.5902951e+000  0.0000000e+000
  9.5947974e+000  0.0000000e+000
  9.5992996e+000  0.0000000e+000
  9.6038019e+000  0.0000000e+000
  9.6083042e+000  0.0000000e+000
  9.6128064e+000  0.0000000e+000
  9.6173087e+000  0.0000000e+000
  9.6218109e+000  0.0000000e+000
  9.6263132e+000  0.0000000e+000
  9.6308154e+000  0.0000000e+000
  9.6353177e+000  0.0000000e+000
  9.6398199e+000  0.0000000e+000
  9.6443222e+000  0.0000000e+000
  9.6488244e+000  0.0000000e+000
  9.6533267e+000  0.0000000e+000
  9.6578289e+000  0.0000000e+000
  9.6623312e+000  0.0000000e+000
  9.6668334e+000  0.0000000e+000
  9.6713357e+000  0.0000000e+000
  9.6758379e+000  0.0000000e+000
  9.6803402e+000  0.0000000e+000
  9.6848424e+000  0.0000000e+000
  9.6893447e+000  0.0000000e+000
  9.6938469e+000  0.0000000e+000
  9.6983492e+000  0.0000000e+000
  9.7028514e+000  0.0000000e+000
  9.7073537e+000  0.0000000e+000
  9.7118559e+000  0.0000000e+000
  9.7163582e+000  0.0000000e+000
  9.7208604e+000  0.0000000e+000
  9.7253627e+000  0.0000000e+000
  9.7298649e+000  0.0000000e+000
  9.7343672e+000  0.0000000e+000
  9.7388694e+000  0.0000000e+000
  9.7433717e+000  0.0000000e+000
  9.7478739e+000  0.0000000e+000
  9.7523762e+000  0.0000000e+000
  9.7568784e+000  0.0000000e+000
  9.7613807e+000  0.0000000e+000
  9.7658829e+000  0.0000000e+000
  9.7703852e+000  0.0000000e+000
  9.7748874e+000  0.0000000e+000
  9.7793897e+000  0.0000000e+000
  9.7838919e+000  0.0000000e+000
  9.7883942e+000  0.0000000e+000
  9.7928964e+000  0.0000000e+000
  9.7973987e+000  0.0000000e+000
  9.8019010e+000  0.0000000e+000
  9.8064032e+000  0.0000000e+000
  9.8109055e+000  0.0000000e+000
  9.8154077e+000  0.0000000e+000
  9.8199100e+000  0.0000000e+000
  9.8244122e+000  0.0000000e+000
  9.8289145e+000  0.0000000e+000
  9.8334167e+000  0.0000000e+000
  9.8379190e+000  0.0000000e+000
  9.8424212e+000  0.0000000e+000
  9.8469235e+000  0.0000000e+000
  9.8514257e+000  0.0000000e+000
  9.8559280e+000  0.0000000e+000
  9.8604302e+000  0.0000000e+000
  9.8649325e+000  0.0000000e+000
  9.8694347e+000  0.0000000e+000
  9.8739370e+000  0.0000000e+000
  9.8784392e+000  0.0000000e+000
  9.8829415e+000  0.0000000e+000
  9.8874437e+000  0.0000000e+000
  9.8919460e+000  0.0000000e+000
  9.8964482e+000  0.0000000e+000
  9.9009505e+000  0.0000000e+000
  9.9054527e+000  0.0000000e+000
  9.9099550e+000  0.0000000e+000
  9.9144572e+000  0.0000000e+000
  9.9189595e+000  0.0000000e+000
  9.9234617e+000  0.0000000e+000
  9.9279640e+000  0.0000000e+000
  9.9324662e+000  0.0000000e+000
  9.9369685e+000  0.0000000e+000
  9.9414707e+000  0.0000000e+000
  9.9459730e+000  0.0000000e+000
  9.9504752e+000  0.0000000e+000
  9.9549775e+000  0.0000000e+000
  9.9594797e+000  0.0000000e+000
  9.9639820e+000  0.0000000e+000
  9.9684842e+000  0.0000000e+000
  9.9729865e+000  0.0000000e+000
  9.9774887e+000  0.0000000e+000
  9.9819910e+000  0.0000000e+000
  9.9864932e+000  0.0000000e+000
  9.9909955e+000  0.0000000e+000
  9.9954977e+000  0.0000000e+000
  1.0000000e+001  0.0000000e+000
